test/test_data/tcaap/monthly_variance_over_all_Oct__actual_et__2015-01-01_to_2019-12-31__180_by_260__inches.asc
NCOLS        180
NROWS        260
XLLCORNER     476375.000
YLLCORNER    4970875.000
CELLSIZE        100.000
NODATA_VALUE -9999.
[rows 58 to 86 of 260, columns 0 to 66 of 180]
0.38318 0.38562 0.38562 0.38562 0.38476 0.38562 0.38607 0.38664 0.37805 0.37534 0.38366 0.38568 0.38602 0.38607 0.47102 0.47102 0.40615 0.39565 0.39565 0.39609 0.39609 0.39609 0.39458 0.39458 0.39458 0.39570 0.39570 0.39457 0.39344 0.38721 0.38809 0.38813 0.38813 0.38813 0.38813 0.38813 0.38813 0.39029 0.39029 0.39029 0.39029 0.47069 0.39022 0.41509 0.42018 0.42352 0.42477 0.42458 0.42729 0.42041 0.42041 0.42041 0.42040 0.42729 0.42695 0.44817 0.44359 0.42696 0.42624 0.41978 0.42404 0.42404 0.42371 0.42371 0.39796 0.42371 0.42060
0.38345 0.38558 0.38562 0.38562 0.38562 0.38562 0.38608 0.38461 0.37806 0.37535 0.38181 0.38486 0.38607 0.38607 0.47103 0.47103 0.40628 0.39565 0.39459 0.39610 0.39610 0.39610 0.39459 0.39459 0.39459 0.39459 0.38492 0.37053 0.36880 0.36880 0.38814 0.38814 0.38814 0.38814 0.38814 0.38814 0.38814 0.39030 0.39030 0.39030 0.38891 0.38546 0.39019 0.41461 0.41950 0.42277 0.42562 0.42503 0.42730 0.42730 0.42730 0.42730 0.42730 0.42730 0.41976 0.41976 0.41976 0.41969 0.42625 0.41239 0.42405 0.42372 0.44270 0.42372 0.42285 0.42061 0.37621
0.38419 0.38558 0.38563 0.38563 0.38563 0.38608 0.38608 0.38461 0.37807 0.37847 0.38246 0.38155 0.39376 0.38507 0.47104 0.47104 0.39537 0.39460 0.39460 0.39610 0.39610 0.39610 0.39460 0.39460 0.39460 0.39460 0.38351 0.38332 0.36880 0.36880 0.38815 0.38815 0.38815 0.38815 0.38815 0.38815 0.38815 0.39031 0.39031 0.38947 0.37141 0.37301 0.40774 0.41462 0.42218 0.42546 0.42579 0.42487 0.42699 0.42731 0.42731 0.42731 0.42731 0.41970 0.41970 0.41883 0.41883 0.41970 0.41890 0.41240 0.41240 0.42594 0.42406 0.42406 0.42373 0.44143 0.37622
0.37820 0.37767 0.38368 0.38368 0.38368 0.38219 0.38219 0.37915 0.38293 0.37536 0.38203 0.38279 0.37065 0.36998 0.36931 0.36936 0.39537 0.39460 0.39460 0.39460 0.39611 0.39611 0.39460 0.39460 0.39460 0.39460 0.38341 0.37004 0.36881 0.38730 0.38816 0.38816 0.38816 0.38730 0.38730 0.38854 0.38854 0.38948 0.38948 0.38948 0.37142 0.37360 0.37483 0.41388 0.47073 0.39065 0.39087 0.42699 0.42699 0.42732 0.42732 0.41971 0.41971 0.41971 0.41971 0.41971 0.41884 0.41971 0.41859 0.41859 0.42627 0.42627 0.42627 0.42407 0.42407 0.42627 0.42627
0.37805 0.37762 0.38369 0.38682 0.38682 0.38564 0.38564 0.38220 0.38566 0.38220 0.38353 0.38554 0.37138 0.37008 0.47134 0.47134 0.39128 0.39128 0.39128 0.39461 0.39461 0.39461 0.39461 0.39461 0.39461 0.39461 0.37055 0.36882 0.38731 0.38731 0.38731 0.38731 0.38731 0.38731 0.38731 0.38731 0.38731 0.38949 0.38949 0.37143 0.37143 0.37424 0.37460 0.42185 0.42788 0.41473 0.39089 0.42738 0.42733 0.42733 0.42733 0.41972 0.41972 0.41972 0.41972 0.41972 0.41972 0.41972 0.41860 0.41860 0.41860 0.42627 0.42988 0.42382 0.42408 0.42408 0.42408
0.37741 0.38542 0.38688 0.38688 0.38596 0.38574 0.38574 0.38455 0.38455 0.38574 0.36943 0.37157 0.42851 0.47135 0.47135 0.47135 0.39129 0.39129 0.39129 0.39129 0.39129 0.39129 0.39129 0.39129 0.39129 0.39229 0.39340 0.39247 0.36784 0.38621 0.38703 0.38813 0.38731 0.38817 0.38817 0.38817 0.38731 0.38950 0.38711 0.37182 0.37280 0.37452 0.37409 0.36742 0.42463 0.42463 0.42463 0.42721 0.39759 0.42734 0.42734 0.41868 0.47051 0.47051 0.41973 0.41973 0.41973 0.41973 0.41861 0.41861 0.41861 0.41765 0.42160 0.42160 0.41840 0.41840 0.41840
0.37741 0.38428 0.38686 0.38689 0.38689 0.38575 0.38575 0.38575 0.38575 0.38575 0.37163 0.37049 0.43418 0.47136 0.47136 0.39199 0.39130 0.39130 0.39130 0.39130 0.39130 0.39130 0.39130 0.36972 0.36972 0.39235 0.39341 0.38704 0.36785 0.38622 0.38704 0.38622 0.38701 0.38704 0.38704 0.38704 0.38704 0.38135 0.38155 0.37222 0.37384 0.37491 0.37546 0.41107 0.41471 0.41474 0.41474 0.39760 0.39760 0.42735 0.42702 0.41974 0.41974 0.47052 0.41974 0.41974 0.41974 0.41974 0.41862 0.41862 0.41862 0.41862 0.41841 0.41841 0.41841 0.41884 0.42289
0.37742 0.38687 0.38690 0.38591 0.38591 0.38566 0.38566 0.39081 0.39199 0.38576 0.38450 0.37093 0.47138 0.47138 0.39166 0.39194 0.36973 0.39130 0.39130 0.39271 0.39130 0.39130 0.36973 0.38287 0.38298 0.39236 0.38671 0.38618 0.38618 0.38623 0.38705 0.38705 0.38705 0.38701 0.38704 0.38704 0.38671 0.38151 0.37210 0.37381 0.37489 0.37545 0.40454 0.40965 0.42344 0.42344 0.42368 0.42612 0.39555 0.39555 0.39555 0.39570 0.39555 0.42612 0.42612 0.41975 0.41975 0.41975 0.41863 0.41863 0.39742 0.42411 0.41841 0.41864 0.41872 0.39802 0.42290
0.38372 0.38690 0.38690 0.38690 0.38685 0.38567 0.38577 0.39200 0.39200 0.38577 0.38451 0.37167 0.47139 0.47139 0.39167 0.39231 0.36973 0.36973 0.39131 0.39131 0.39131 0.39131 0.39131 0.38827 0.38252 0.38554 0.39300 0.39300 0.38618 0.38624 0.38705 0.38624 0.38705 0.38705 0.38705 0.38705 0.38853 0.37243 0.37309 0.37402 0.37498 0.37550 0.40993 0.41428 0.42369 0.42339 0.42343 0.42623 0.42628 0.42521 0.42613 0.42643 0.42643 0.42643 0.41848 0.41848 0.41848 0.41848 0.41695 0.42472 0.41957 0.41819 0.41819 0.41819 0.41819 0.41819 0.42225
0.38657 0.38691 0.38691 0.38691 0.38691 0.38568 0.38577 0.38577 0.39201 0.39201 0.38517 0.38475 0.47140 0.47140 0.39201 0.39132 0.39132 0.36974 0.36974 0.39132 0.39132 0.39132 0.39132 0.38759 0.37941 0.38493 0.39300 0.38672 0.38568 0.37990 0.38706 0.38706 0.38706 0.38706 0.38706 0.38706 0.38854 0.39210 0.37362 0.37454 0.37518 0.37563 0.41079 0.41428 0.42373 0.42347 0.42354 0.42650 0.42690 0.42628 0.42629 0.42667 0.42644 0.42644 0.42644 0.42644 0.42644 0.42479 0.42479 0.41958 0.41958 0.41820 0.41820 0.41820 0.41820 0.41820 0.41820
0.38600 0.38689 0.38689 0.38692 0.38692 0.38568 0.38578 0.38578 0.39202 0.39202 0.38911 0.38925 0.47141 0.47141 0.39197 0.39133 0.39133 0.39133 0.36974 0.39133 0.39133 0.39133 0.39133 0.38800 0.36788 0.38494 0.38620 0.38620 0.38456 0.38625 0.38707 0.38707 0.38707 0.38707 0.38707 0.38673 0.47054 0.47054 0.37421 0.37499 0.37543 0.37578 0.39043 0.39016 0.42341 0.42341 0.42378 0.42751 0.42822 0.42748 0.42821 0.42931 0.42944 0.42811 0.42615 0.42615 0.42645 0.42473 0.42473 0.42473 0.42473 0.42248 0.42446 0.42248 0.41821 0.41821 0.42248
0.38600 0.38600 0.38547 0.38693 0.38687 0.38528 0.38579 0.38579 0.38579 0.39145 0.38201 0.38734 0.47142 0.47142 0.39197 0.39134 0.39133 0.39133 0.36975 0.38931 0.39133 0.39133 0.39133 0.39063 0.36918 0.38494 0.39252 0.38621 0.38621 0.38708 0.38708 0.38705 0.38708 0.38708 0.38708 0.47077 0.47056 0.47056 0.39999 0.40303 0.37564 0.37590 0.36775 0.38958 0.42342 0.42342 0.42342 0.42792 0.42883 0.42852 0.43036 0.43095 0.43113 0.43158 0.42615 0.42615 0.42596 0.42474 0.42474 0.42474 0.42249 0.42222 0.42474 0.42249 0.42249 0.39650 0.41822
0.38601 0.38375 0.38688 0.38688 0.38688 0.38522 0.38520 0.38580 0.38570 0.38520 0.38124 0.47144 0.47144 0.47144 0.39170 0.39134 0.39134 0.39134 0.39134 0.39134 0.38932 0.36976 0.39134 0.39134 0.39029 0.39185 0.38675 0.38622 0.38622 0.38705 0.38708 0.38705 0.38708 0.38708 0.38708 0.47079 0.47057 0.47057 0.39409 0.37546 0.37578 0.36776 0.42136 0.42709 0.42709 0.42343 0.42343 0.42810 0.42909 0.42939 0.42951 0.43174 0.47026 0.43618 0.42616 0.42647 0.42647 0.42475 0.42475 0.42475 0.42250 0.47043 0.42250 0.42250 0.42250 0.41823 0.41823
0.38525 0.38689 0.38689 0.38689 0.38652 0.38571 0.38571 0.38580 0.38571 0.38590 0.38015 0.47145 0.47145 0.47145 0.39204 0.38933 0.38950 0.39212 0.39135 0.39276 0.39235 0.40800 0.36406 0.36976 0.37100 0.38558 0.39304 0.39304 0.38706 0.38709 0.38709 0.38709 0.38709 0.38709 0.38706 0.38622 0.38811 0.38811 0.39376 0.40771 0.41201 0.36776 0.42137 0.42550 0.42374 0.42374 0.42344 0.42797 0.42889 0.47028 0.47028 0.43807 0.43504 0.43709 0.42572 0.42648 0.42648 0.42476 0.42476 0.42250 0.42250 0.42223 0.42250 0.42250 0.42250 0.42250 0.42250
0.38526 0.38526 0.38428 0.38521 0.38444 0.38485 0.38491 0.38491 0.38491 0.38485 0.37956 0.47145 0.47145 0.47146 0.39171 0.38934 0.38956 0.39365 0.39566 0.39956 0.40482 0.38543 0.36406 0.36977 0.37163 0.39254 0.39305 0.38676 0.38707 0.38707 0.38710 0.38710 0.38710 0.38710 0.38710 0.38710 0.38896 0.38934 0.39431 0.40865 0.37591 0.37367 0.36777 0.42552 0.42375 0.42375 0.42381 0.42763 0.42836 0.43327 0.43614 0.43810 0.47029 0.47029 0.42618 0.42649 0.42649 0.42477 0.42251 0.42251 0.42251 0.42251 0.42251 0.42251 0.42251 0.42251 0.42251
0.38527 0.38527 0.38429 0.38485 0.38486 0.38492 0.38492 0.38492 0.38492 0.38492 0.38262 0.47146 0.47146 0.47146 0.39128 0.38484 0.38499 0.39304 0.39263 0.39658 0.38753 0.38833 0.36545 0.36545 0.38709 0.38624 0.38677 0.38624 0.38708 0.38711 0.38711 0.38711 0.38711 0.38711 0.38711 0.38711 0.38897 0.38970 0.39476 0.41013 0.39047 0.37407 0.42396 0.42346 0.42346 0.42346 0.42632 0.42718 0.42768 0.42942 0.43000 0.43076 0.47030 0.47030 0.42882 0.42650 0.42650 0.41963 0.41825 0.42252 0.42252 0.42252 0.42252 0.42252 0.42252 0.42252 0.42252
0.38528 0.38528 0.38429 0.38523 0.38492 0.38492 0.38492 0.38492 0.38492 0.38492 0.38176 0.47148 0.47148 0.47147 0.39129 0.39167 0.38495 0.39233 0.39491 0.38651 0.38678 0.38484 0.39167 0.37174 0.38484 0.39276 0.39276 0.38646 0.38650 0.38656 0.38656 0.38656 0.38656 0.38656 0.38656 0.38656 0.39167 0.38859 0.39684 0.41154 0.39048 0.41371 0.42309 0.42347 0.42347 0.42349 0.42624 0.42677 0.42706 0.42842 0.42918 0.42976 0.47031 0.42976 0.42769 0.42663 0.42651 0.41964 0.39654 0.42253 0.42253 0.42253 0.42253 0.42253 0.42253 0.42253 0.42253
0.38528 0.38528 0.38430 0.38528 0.38493 0.38493 0.38493 0.38493 0.38493 0.38493 0.38493 0.38493 0.47149 0.47149 0.39085 0.39217 0.39263 0.39445 0.39684 0.39736 0.39859 0.39168 0.39168 0.37174 0.42183 0.39277 0.39277 0.38609 0.38657 0.38564 0.38657 0.38657 0.38657 0.38657 0.38657 0.38657 0.39160 0.39677 0.38992 0.39249 0.39256 0.41439 0.42475 0.42475 0.42475 0.39236 0.39401 0.39396 0.39393 0.42750 0.42796 0.42830 0.47032 0.47032 0.42789 0.42649 0.42652 0.39651 0.39651 0.42227 0.42234 0.42234 0.41827 0.41827 0.42254 0.42254 0.42254
0.38529 0.38529 0.38529 0.38529 0.38494 0.38494 0.38494 0.38494 0.38494 0.39131 0.38394 0.38494 0.47150 0.47150 0.39086 0.39218 0.39053 0.39373 0.39578 0.39707 0.39823 0.38964 0.39169 0.37175 0.41069 0.39277 0.39277 0.39234 0.38610 0.38658 0.38658 0.38658 0.38658 0.38658 0.38658 0.38658 0.40502 0.40911 0.41145 0.39256 0.39255 0.39247 0.39240 0.42476 0.42476 0.39237 0.39402 0.39400 0.39397 0.42489 0.42516 0.42536 0.42436 0.42515 0.42511 0.42435 0.42416 0.39608 0.39608 0.39608 0.42221 0.42230 0.41828 0.41828 0.42255 0.42255 0.42255
0.38530 0.38530 0.38530 0.38530 0.38389 0.38495 0.38495 0.38495 0.38495 0.39131 0.37051 0.38489 0.47151 0.47151 0.39131 0.39218 0.39288 0.39162 0.39472 0.39572 0.39674 0.38965 0.39169 0.37175 0.41070 0.39269 0.39187 0.39187 0.38560 0.38565 0.38658 0.38658 0.38658 0.38658 0.38658 0.42174 0.42477 0.39250 0.41358 0.41414 0.41438 0.39244 0.39239 0.42472 0.42477 0.39238 0.39403 0.39401 0.39399 0.39394 0.39390 0.39387 0.39388 0.39393 0.39401 0.42377 0.42370 0.39609 0.41847 0.41847 0.42313 0.42313 0.42288 0.42287 0.42313 0.42313 0.42313
0.38531 0.38531 0.38531 0.38531 0.38390 0.38489 0.38496 0.38496 0.38496 0.38496 0.38837 0.38489 0.38390 0.47152 0.47128 0.39219 0.39170 0.39055 0.39171 0.39167 0.39249 0.38965 0.39170 0.37176 0.36547 0.38561 0.39279 0.39279 0.38561 0.38659 0.38659 0.38789 0.38561 0.38659 0.42134 0.42512 0.42512 0.41708 0.41915 0.41442 0.41461 0.41494 0.42512 0.42362 0.42464 0.39238 0.39403 0.39402 0.39399 0.39396 0.39392 0.39389 0.39390 0.39396 0.39404 0.42354 0.42301 0.39614 0.39613 0.41848 0.42534 0.42314 0.42314 0.42314 0.42314 0.42314 0.42314
0.38532 0.38532 0.38532 0.38532 0.38490 0.38490 0.38496 0.38561 0.38496 0.38496 0.37977 0.38280 0.38490 0.47154 0.47129 0.42709 0.39253 0.39289 0.39168 0.39088 0.39144 0.38966 0.39171 0.39171 0.37003 0.38562 0.39280 0.39280 0.38562 0.38654 0.38660 0.39031 0.39558 0.40368 0.42141 0.42479 0.42513 0.42393 0.42187 0.42337 0.41479 0.41494 0.42486 0.42477 0.42480 0.42481 0.42323 0.42323 0.42347 0.39396 0.39391 0.39389 0.39391 0.39398 0.39405 0.42362 0.41770 0.39577 0.39607 0.41799 0.42535 0.42315 0.42315 0.42315 0.42288 0.42195 0.42281
0.38532 0.38532 0.38532 0.38532 0.38491 0.38450 0.38450 0.38561 0.38497 0.38497 0.38249 0.38237 0.38491 0.47155 0.47130 0.47130 0.39221 0.39249 0.39163 0.38489 0.39172 0.39172 0.39172 0.39172 0.37004 0.38563 0.39281 0.39281 0.38613 0.38655 0.38661 0.40046 0.40416 0.41022 0.41678 0.42480 0.42514 0.42514 0.42487 0.41484 0.41494 0.41499 0.42502 0.42480 0.42483 0.42481 0.42420 0.42420 0.42420 0.39397 0.39393 0.39391 0.39393 0.39401 0.39407 0.42810 0.41771 0.39578 0.39603 0.39605 0.42207 0.42295 0.42284 0.42282 0.42289 0.42420 0.42536
0.38533 0.38533 0.38533 0.38528 0.38492 0.38451 0.38451 0.38498 0.38498 0.38498 0.38473 0.37849 0.37054 0.47156 0.47131 0.47131 0.40637 0.39183 0.39291 0.39291 0.39291 0.39173 0.39172 0.37178 0.37004 0.39190 0.39281 0.39238 0.38662 0.38569 0.38662 0.40354 0.40737 0.41452 0.41974 0.42521 0.42488 0.42395 0.42404 0.41910 0.37289 0.41507 0.42530 0.42511 0.42481 0.42483 0.42421 0.42325 0.42325 0.42327 0.39402 0.39394 0.39397 0.39368 0.39373 0.42811 0.41772 0.39579 0.42040 0.42040 0.42129 0.42211 0.42283 0.41826 0.41850 0.42510 0.42537
0.38322 0.38421 0.38421 0.38416 0.38473 0.38441 0.38441 0.38492 0.38499 0.38499 0.38393 0.37054 0.38398 0.47157 0.47133 0.47133 0.47133 0.37399 0.39173 0.39292 0.39292 0.39173 0.39173 0.38969 0.37005 0.39239 0.39239 0.38615 0.38662 0.38662 0.38662 0.40655 0.41037 0.41363 0.41631 0.42610 0.42583 0.39238 0.39238 0.37238 0.37212 0.37213 0.42580 0.42553 0.42515 0.42482 0.42425 0.42441 0.42441 0.42423 0.39406 0.39398 0.39402 0.39383 0.39391 0.42372 0.41773 0.41773 0.42041 0.42041 0.42041 0.42318 0.42318 0.41827 0.41851 0.42422 0.42511
0.38323 0.38323 0.38422 0.38422 0.38198 0.38442 0.38442 0.38473 0.38481 0.38481 0.38395 0.36962 0.37865 0.38481 0.47081 0.47081 0.47081 0.38348 0.38986 0.39174 0.39174 0.39174 0.39174 0.38969 0.37005 0.38616 0.38616 0.38663 0.38663 0.38570 0.38616 0.40940 0.41308 0.41604 0.41836 0.42713 0.42643 0.42626 0.42602 0.42609 0.42617 0.37131 0.42630 0.42615 0.42555 0.42514 0.42423 0.42423 0.42327 0.42327 0.42327 0.42453 0.42434 0.42393 0.42337 0.42256 0.41773 0.41679 0.42042 0.42042 0.42512 0.42319 0.42292 0.42512 0.39613 0.42199 0.42284
0.38324 0.38423 0.38423 0.38400 0.38482 0.38395 0.38443 0.38443 0.38395 0.38481 0.38310 0.38510 0.38400 0.38423 0.47082 0.47082 0.38348 0.38987 0.38987 0.38987 0.38987 0.38987 0.38987 0.37011 0.37335 0.38748 0.38856 0.38856 0.38856 0.38594 0.38803 0.41126 0.42462 0.42355 0.42402 0.42489 0.42547 0.42614 0.42656 0.42741 0.42764 0.37030 0.42702 0.42679 0.42650 0.42481 0.42424 0.42424 0.42328 0.42328 0.42335 0.42442 0.42424 0.42387 0.42338 0.42179 0.41774 0.41769 0.42503 0.44931 0.44931 0.44668 0.44537 0.47019 0.42424 0.42227 0.42285
0.38423 0.38419 0.38419 0.38401 0.38540 0.38396 0.38443 0.38443 0.38396 0.38475 0.38511 0.38511 0.38401 0.38478 0.47083 0.47083 0.38349 0.38988 0.38988 0.38988 0.38988 0.38988 0.38988 0.38988 0.37471 0.39463 0.38754 0.38857 0.38847 0.40120 0.40737 0.41632 0.42635 0.42635 0.42635 0.42645 0.42645 0.42645 0.36336 0.36336 0.36336 0.36451 0.36899 0.42795 0.42771 0.42519 0.42455 0.42425 0.42462 0.42462 0.42331 0.42429 0.42417 0.42389 0.42349 0.42182 0.42176 0.41770 0.42517 0.42517 0.42517 0.44596 0.44669 0.47020 0.42294 0.42286 0.42147
0.38484 0.38419 0.38419 0.38476 0.38476 0.38200 0.38200 0.38444 0.38444 0.38476 0.38476 0.38476 0.38402 0.38451 0.47085 0.47085 0.38989 0.38989 0.38989 0.38989 0.38989 0.38989 0.38989 0.38350 0.39369 0.38858 0.38858 0.38822 0.41511 0.40983 0.41299 0.41881 0.42286 0.42636 0.42636 0.42646 0.42646 0.42646 0.36336 0.36336 0.36336 0.36336 0.42633 0.42733 0.42722 0.42701 0.42670 0.42331 0.42323 0.42354 0.42323 0.42323 0.42314 0.42296 0.42368 0.39427 0.42542 0.42518 0.42295 0.42518 0.42322 0.42415 0.39624 0.44820 0.42325 0.42287 0.42128
