test/test_data/tcaap/monthly_mean_over_all_Nov__actual_et__2015-01-01_to_2019-12-31__180_by_260__inches.asc
NCOLS        180
NROWS        260
XLLCORNER     476375.000
YLLCORNER    4970875.000
CELLSIZE        100.000
NODATA_VALUE -9999.
[rows 29 to 57 of 260, columns 67 to 133 of 180]
0.70414 0.70414 0.70414 0.70414 0.70427 0.70545 0.70545 0.71650 0.71650 0.71650 0.71650 0.71650 0.71519 0.71643 0.71575 0.71296 0.70151 0.70151 0.70151 0.70151 0.70151 0.69820 0.71227 0.70083 0.74530 0.76524 0.76524 0.75779 0.75779 0.75779 0.75779 0.75779 0.77774 0.75446 0.75779 0.75779 0.75557 0.71339 0.72920 0.72129 0.74118 0.74433 0.75082 0.75966 0.75253 0.75894 0.76071 0.82479 0.82479 0.78012 0.78012 0.78012 0.70218 0.70304 0.70304 0.70304 0.82479 0.82547 0.82547 0.82547 0.82574 0.82574 0.82574 0.82574 0.82574 0.82574 0.70937
0.71548 0.71548 0.71548 0.71547 0.70555 0.70547 0.71645 0.71652 0.71652 0.71652 0.71652 0.71652 0.71577 0.71652 0.71646 0.71299 0.70154 0.70154 0.70154 0.70154 0.70154 0.70125 0.70085 0.74533 0.74533 0.76527 0.79333 0.75782 0.75782 0.75782 0.75782 0.75782 0.75448 0.75448 0.75782 0.75782 0.71341 0.71341 0.71341 0.71341 0.71669 0.72170 0.73071 0.74103 0.75897 0.75897 0.76074 0.82482 0.82482 0.78015 0.70237 0.70237 0.70220 0.70237 0.70237 0.70306 0.82482 0.82550 0.82550 0.82550 0.82550 0.82550 0.82550 0.82550 0.82550 0.82550 0.71280
0.71550 0.71550 0.71550 0.71550 0.71655 0.71647 0.71647 0.71647 0.71655 0.71648 0.71591 0.71648 0.71648 0.71648 0.71648 0.71301 0.70156 0.70156 0.70156 0.70156 0.70156 0.69065 0.70088 0.74536 0.70157 0.70406 0.75785 0.75785 0.75785 0.75760 0.76216 0.75785 0.75785 0.75785 0.75785 0.71503 0.71344 0.71344 0.71344 0.71344 0.71344 0.71328 0.71328 0.71344 0.75900 0.75909 0.76077 0.82486 0.82486 0.78017 0.70240 0.70240 0.77433 0.70309 0.70309 0.70309 0.82486 0.82554 0.82554 0.82554 0.82554 0.82554 0.82554 0.82554 0.82554 0.71226 0.71282
0.71553 0.71553 0.71553 0.71553 0.71657 0.71657 0.71657 0.71657 0.71657 0.70942 0.71744 0.73661 0.79073 0.76067 0.71304 0.71304 0.71304 0.71304 0.71304 0.71304 0.71304 0.71304 0.70090 0.70159 0.70158 0.70457 0.74434 0.75276 0.75620 0.75762 0.75899 0.75788 0.75762 0.75788 0.75788 0.71303 0.71346 0.71346 0.71346 0.71346 0.71346 0.71346 0.75912 0.75661 0.75912 0.75912 0.82489 0.82489 0.82489 0.82489 0.78020 0.70242 0.74416 0.70311 0.70311 0.70311 0.82557 0.82557 0.82557 0.82557 0.82557 0.82557 0.82557 0.82557 0.82557 0.71229 0.71285
0.70432 0.71555 0.71555 0.71555 0.71660 0.71660 0.71660 0.71660 0.71660 0.70046 0.70944 0.69820 0.68560 0.60988 0.69659 0.71306 0.71306 0.71280 0.71280 0.74295 0.71306 0.71306 0.75755 0.75685 0.75685 0.74455 0.74940 0.75336 0.75525 0.75389 0.75400 0.75761 0.75765 0.75791 0.75791 0.74335 0.73697 0.74741 0.71333 0.71333 0.71305 0.75568 0.75568 0.75915 0.75915 0.75915 0.82493 0.82493 0.82492 0.82492 0.78023 0.79289 0.70314 0.70314 0.70314 0.70314 0.82560 0.82560 0.82560 0.82560 0.82560 0.82560 0.82560 0.82560 0.82560 0.72053 0.71287
0.71558 0.71558 0.71550 0.71550 0.71655 0.71662 0.71662 0.71662 0.71662 0.68562 0.71902 0.69900 0.60990 0.60990 0.61052 0.69661 0.71282 0.71282 0.71282 0.74361 0.74361 0.71309 0.75591 0.75688 0.75686 0.75141 0.74745 0.75085 0.75392 0.75392 0.75392 0.75392 0.75793 0.75793 0.75793 0.74132 0.73752 0.74733 0.74733 0.74733 0.74733 0.75571 0.75571 0.75918 0.75918 0.75918 0.82496 0.82496 0.82496 0.82496 0.82496 0.78026 0.70247 0.70247 0.70247 0.70316 0.82564 0.82564 0.82564 0.82564 0.82564 0.82564 0.82564 0.82564 0.82564 0.82564 0.72352
0.71772 0.70910 0.71779 0.70668 0.70710 0.71810 0.71665 0.71665 0.70517 0.79740 0.76580 0.79175 0.79740 0.79740 0.70058 0.76281 0.71312 0.71312 0.71311 0.71311 0.71311 0.71311 0.71225 0.75689 0.74855 0.75150 0.74773 0.75395 0.75395 0.75395 0.75395 0.75770 0.75770 0.75770 0.70446 0.70265 0.70265 0.74736 0.74736 0.74736 0.74736 0.74736 0.75921 0.76233 0.75921 0.82111 0.82499 0.82499 0.82499 0.82499 0.82499 0.78028 0.78028 0.70318 0.70318 0.71447 0.82567 0.82567 0.82567 0.82567 0.82567 0.82567 0.82567 0.82567 0.82567 0.82567 0.73037
0.71775 0.70912 0.71781 0.70670 0.71805 0.71812 0.71812 0.71812 0.79749 0.79749 0.79749 0.79749 0.79749 0.79749 0.76711 0.76580 0.76551 0.70680 0.71314 0.71314 0.71314 0.69664 0.75691 0.73760 0.74181 0.74703 0.74981 0.75403 0.75398 0.75398 0.75398 0.75773 0.75398 0.74220 0.70449 0.70267 0.70267 0.74738 0.74738 0.74738 0.74738 0.75924 0.75924 0.75924 0.75924 0.78455 0.82503 0.82503 0.82503 0.82503 0.82503 0.78031 0.70204 0.70321 0.71449 0.71449 0.71295 0.71238 0.82571 0.82571 0.82571 0.82571 0.82571 0.82571 0.82571 0.82571 0.82571
0.71784 0.71784 0.71784 0.71815 0.71815 0.72340 0.73030 0.69734 0.69821 0.69403 0.79752 0.80216 0.78183 0.71815 0.71783 0.71783 0.71783 0.70682 0.71783 0.71777 0.71777 0.71777 0.73322 0.73821 0.74158 0.74358 0.74631 0.75226 0.75256 0.72785 0.75401 0.75401 0.75401 0.72459 0.72474 0.70270 0.70270 0.74741 0.74741 0.74741 0.75926 0.75926 0.75926 0.75926 0.75926 0.75926 0.77935 0.82506 0.82506 0.82506 0.82506 0.78133 0.70237 0.71452 0.71452 0.71452 0.71297 0.71297 0.73970 0.76417 0.77801 0.82574 0.82574 0.82574 0.82574 0.82574 0.82574
0.71786 0.71786 0.71786 0.71817 0.71817 0.71756 0.72363 0.69798 0.69843 0.69405 0.79755 0.78186 0.78186 0.71817 0.71786 0.71786 0.71786 0.71786 0.71786 0.71715 0.71780 0.71780 0.72408 0.73646 0.73720 0.74080 0.74361 0.75116 0.75204 0.75190 0.75245 0.75624 0.72303 0.72303 0.72303 0.69998 0.69998 0.69951 0.74537 0.74537 0.75739 0.75739 0.75929 0.75929 0.75929 0.76096 0.75824 0.77938 0.82509 0.82509 0.78136 0.78136 0.70239 0.71454 0.71454 0.71454 0.71300 0.71300 0.71300 0.75716 0.78757 0.78757 0.82577 0.82577 0.82577 0.71243 0.71223
0.71789 0.71789 0.71789 0.75989 0.76052 0.72400 0.72515 0.72515 0.72515 0.69407 0.79758 0.78189 0.78189 0.71813 0.71782 0.71782 0.71782 0.71782 0.71717 0.71782 0.71782 0.71782 0.71643 0.73285 0.73382 0.73756 0.74048 0.74860 0.75056 0.74982 0.74699 0.74251 0.72306 0.72306 0.72306 0.70000 0.70000 0.74551 0.74540 0.74540 0.74540 0.75742 0.75742 0.75742 0.75742 0.75603 0.75603 0.75512 0.75512 0.77987 0.77987 0.77987 0.69878 0.69966 0.71457 0.71457 0.71302 0.71302 0.71302 0.71231 0.71302 0.71291 0.82581 0.82581 0.71291 0.71206 0.71225
0.71791 0.71791 0.71783 0.71815 0.76055 0.70870 0.75481 0.75481 0.75481 0.72517 0.79761 0.77762 0.77762 0.71749 0.68437 0.70571 0.71720 0.71785 0.71785 0.71785 0.71785 0.71785 0.70503 0.72960 0.73063 0.73444 0.73741 0.73929 0.74014 0.74005 0.73906 0.73549 0.72308 0.72308 0.72308 0.70003 0.70003 0.74554 0.74543 0.74543 0.74543 0.75224 0.75529 0.75663 0.75745 0.75605 0.75605 0.75515 0.75515 0.78943 0.77990 0.77990 0.69901 0.69969 0.71039 0.71039 0.71410 0.71410 0.71410 0.71342 0.71342 0.71410 0.71410 0.71410 0.71410 0.71410 0.70093
0.71794 0.76066 0.76066 0.73496 0.71825 0.71818 0.71825 0.76058 0.76058 0.76058 0.76720 0.79429 0.82544 0.82544 0.71629 0.68709 0.70505 0.71787 0.71787 0.71787 0.71787 0.71787 0.71787 0.72743 0.72837 0.73211 0.73497 0.73666 0.73731 0.73713 0.73624 0.72945 0.72544 0.72311 0.72311 0.70005 0.70005 0.74557 0.74545 0.74545 0.74545 0.74691 0.74975 0.75145 0.75307 0.75247 0.75608 0.75608 0.75608 0.75608 0.77993 0.77993 0.77993 0.69971 0.71041 0.71041 0.71412 0.71412 0.71412 0.71345 0.71345 0.71345 0.71345 0.71412 0.71412 0.71412 0.70284
0.71796 0.76068 0.76068 0.73505 0.71827 0.71827 0.71827 0.76061 0.76061 0.76061 0.79432 0.79432 0.79767 0.71709 0.71725 0.71790 0.71560 0.71455 0.71502 0.71790 0.71790 0.71790 0.71790 0.70507 0.71541 0.73095 0.73359 0.73497 0.73532 0.73497 0.73420 0.72562 0.72414 0.72437 0.72531 0.72409 0.69990 0.74548 0.74548 0.74548 0.74548 0.74633 0.72730 0.72810 0.75310 0.75611 0.75611 0.75611 0.75611 0.75611 0.77996 0.77996 0.77996 0.79086 0.71043 0.71044 0.71414 0.71414 0.71414 0.71347 0.71414 0.71347 0.71414 0.71414 0.71414 0.71414 0.71403
0.71799 0.76071 0.76071 0.71830 0.71830 0.71830 0.71830 0.71830 0.71830 0.76064 0.82550 0.79770 0.79770 0.71727 0.71727 0.71727 0.71727 0.71504 0.71792 0.71792 0.71792 0.71792 0.71792 0.71792 0.71650 0.73129 0.73373 0.73483 0.73480 0.73435 0.73375 0.72505 0.72509 0.72750 0.73073 0.73122 0.73531 0.74021 0.74551 0.74551 0.74666 0.72667 0.72710 0.72792 0.72838 0.75614 0.75253 0.75614 0.75614 0.75614 0.75523 0.77999 0.77999 0.79188 0.77678 0.71046 0.71417 0.71417 0.71417 0.71417 0.71417 0.71417 0.71417 0.71417 0.71417 0.71417 0.71405
0.71801 0.76742 0.71801 0.71832 0.71832 0.82554 0.82554 0.82554 0.71832 0.71832 0.82554 0.82554 0.76737 0.71730 0.71730 0.71730 0.71730 0.71795 0.71801 0.71795 0.71795 0.71795 0.71795 0.71801 0.71479 0.73283 0.73522 0.73638 0.73632 0.73592 0.73560 0.73577 0.73654 0.73792 0.73712 0.73957 0.74216 0.74565 0.74701 0.74738 0.74771 0.72669 0.72700 0.72740 0.72835 0.75616 0.75616 0.75616 0.75616 0.75616 0.75616 0.75221 0.78001 0.79191 0.80908 0.77206 0.71419 0.71419 0.71419 0.71419 0.71419 0.71419 0.70313 0.71419 0.71419 0.71419 0.71407
0.76428 0.76428 0.71803 0.82557 0.82557 0.82557 0.82557 0.71834 0.71834 0.82557 0.82557 0.79776 0.76740 0.71732 0.71732 0.71803 0.82603 0.71732 0.71797 0.71797 0.71797 0.71797 0.71797 0.71803 0.71497 0.73658 0.73840 0.73975 0.73992 0.73982 0.73981 0.74031 0.74134 0.74279 0.74187 0.74388 0.74586 0.75144 0.75150 0.75089 0.75030 0.72681 0.72698 0.72730 0.72796 0.75619 0.75619 0.75619 0.75619 0.75619 0.75619 0.75145 0.61254 0.77922 0.80911 0.77704 0.75943 0.71421 0.71421 0.71410 0.71421 0.71421 0.70316 0.70316 0.71421 0.71421 0.71410
0.75811 0.76214 0.71548 0.82528 0.82528 0.82528 0.82528 0.82528 0.82528 0.79513 0.79513 0.75809 0.76743 0.71735 0.71806 0.71806 0.82606 0.82606 0.71735 0.71735 0.71806 0.71800 0.71800 0.71805 0.71500 0.75742 0.72748 0.74409 0.74473 0.74495 0.74521 0.74583 0.74680 0.74803 0.74675 0.75449 0.75679 0.75514 0.75486 0.75115 0.75091 0.72697 0.72702 0.72725 0.74946 0.75622 0.75622 0.75622 0.75622 0.75622 0.75622 0.75148 0.75148 0.77925 0.80914 0.79344 0.79344 0.79456 0.81126 0.81126 0.82461 0.81126 0.76854 0.71424 0.71424 0.71424 0.78861
0.75814 0.75814 0.71550 0.71568 0.82531 0.82531 0.82531 0.82531 0.82531 0.79516 0.76411 0.77349 0.77349 0.71430 0.71430 0.77857 0.82384 0.82384 0.71424 0.71424 0.71424 0.71424 0.71424 0.71430 0.75720 0.75720 0.75720 0.72685 0.74981 0.75027 0.75063 0.75119 0.75193 0.75280 0.75108 0.75682 0.75682 0.75682 0.75635 0.75260 0.72735 0.72716 0.72710 0.72723 0.74903 0.75625 0.75625 0.75625 0.75533 0.75533 0.72918 0.75150 0.75150 0.75229 0.78010 0.62015 0.79356 0.62015 0.81129 0.82465 0.82465 0.81129 0.78029 0.76830 0.71415 0.78660 0.78661
0.75865 0.75865 0.75817 0.73964 0.73964 0.73964 0.82534 0.82534 0.82534 0.76449 0.77352 0.70450 0.74725 0.77859 0.77859 0.77859 0.82388 0.82388 0.71427 0.71427 0.71427 0.71427 0.71427 0.74982 0.75432 0.75086 0.75407 0.75739 0.72459 0.75216 0.75244 0.75277 0.75316 0.75357 0.75501 0.75824 0.75768 0.75768 0.75768 0.75636 0.72842 0.72733 0.72717 0.72722 0.72756 0.75326 0.82289 0.82289 0.82289 0.75231 0.75153 0.75153 0.75153 0.75153 0.61260 0.70316 0.70316 0.70316 0.67750 0.82468 0.82468 0.78031 0.77767 0.70323 0.80190 0.78785 0.78787
0.75868 0.75868 0.75824 0.75824 0.73967 0.73967 0.82538 0.82538 0.82538 0.76452 0.70452 0.74728 0.74728 0.77862 0.77862 0.77862 0.82391 0.82391 0.71429 0.71435 0.71435 0.71429 0.71429 0.74985 0.74932 0.75453 0.75993 0.75704 0.75365 0.72490 0.75589 0.75594 0.75598 0.75602 0.75705 0.75846 0.75834 0.75449 0.75449 0.72596 0.72582 0.72526 0.72500 0.72497 0.72526 0.75243 0.82099 0.82099 0.75538 0.75630 0.75155 0.75465 0.75155 0.75155 0.67101 0.68944 0.75653 0.68436 0.69885 0.66250 0.62019 0.62019 0.68436 0.70230 0.68436 0.68436 0.80820
0.75870 0.75870 0.75826 0.75826 0.73774 0.71575 0.71575 0.82541 0.82541 0.82541 0.70455 0.76052 0.70455 0.71438 0.77865 0.80980 0.82394 0.82394 0.82394 0.71438 0.71438 0.71432 0.71432 0.75030 0.72420 0.75363 0.75648 0.76251 0.76134 0.72459 0.75618 0.75822 0.75792 0.75760 0.75824 0.75822 0.75795 0.75452 0.75452 0.72598 0.72584 0.72571 0.72348 0.69498 0.72874 0.74730 0.75774 0.75440 0.75440 0.75810 0.75440 0.75440 0.75440 0.75440 0.70038 0.69997 0.69997 0.75287 0.68697 0.66641 0.65117 0.66614 0.69712 0.73543 0.69712 0.68408 0.70298
0.76228 0.75873 0.75829 0.75829 0.71278 0.71578 0.71578 0.71571 0.82544 0.82544 0.82544 0.74734 0.70457 0.75812 0.70322 0.79402 0.82398 0.82398 0.82398 0.82398 0.77868 0.71434 0.71434 0.75032 0.75032 0.72461 0.75884 0.78522 0.77164 0.76981 0.75032 0.75717 0.75912 0.75696 0.75791 0.75907 0.72600 0.75907 0.75907 0.75553 0.75553 0.75469 0.75479 0.71134 0.69070 0.74351 0.75887 0.75887 0.75887 0.75443 0.75887 0.75777 0.75887 0.75887 0.75534 0.75601 0.75601 0.75601 0.79028 0.77756 0.71749 0.73654 0.73655 0.73606 0.75605 0.74559 0.70187
0.75876 0.75876 0.75832 0.75832 0.71580 0.71580 0.70460 0.82548 0.71224 0.70452 0.82548 0.76505 0.75825 0.70324 0.70324 0.79405 0.79405 0.79965 0.82401 0.82401 0.82401 0.71437 0.74993 0.75035 0.75035 0.75035 0.75035 0.82439 0.82439 0.82439 0.75817 0.69718 0.76026 0.72514 0.75457 0.75793 0.75793 0.75910 0.75556 0.75556 0.75910 0.75910 0.75556 0.75556 0.71241 0.71248 0.75890 0.75890 0.75890 0.75890 0.75890 0.75890 0.75890 0.75890 0.75537 0.75604 0.75962 0.75962 0.79418 0.81006 0.81006 0.73657 0.79425 0.75962 0.75962 0.76137 0.74628
0.75879 0.75879 0.75834 0.75834 0.75834 0.71583 0.70462 0.71582 0.71582 0.82551 0.82551 0.82551 0.77443 0.70327 0.70327 0.80603 0.76245 0.76245 0.82404 0.82404 0.82404 0.71166 0.74996 0.75038 0.75038 0.75038 0.82442 0.82442 0.82442 0.82442 0.82442 0.76029 0.69673 0.76270 0.72605 0.72605 0.76333 0.75559 0.75559 0.76519 0.75913 0.75913 0.75559 0.75559 0.71243 0.75539 0.75893 0.75893 0.82113 0.75893 0.75893 0.76210 0.75893 0.75893 0.75539 0.75607 0.75964 0.75964 0.81009 0.81009 0.81009 0.81009 0.81009 0.81009 0.75964 0.76140 0.82585
0.75882 0.75882 0.75837 0.75837 0.71578 0.71578 0.71585 0.71585 0.82555 0.82555 0.82555 0.75830 0.71585 0.70329 0.76466 0.80849 0.79411 0.71448 0.71448 0.82408 0.76621 0.74998 0.74998 0.75040 0.75040 0.75040 0.82446 0.82446 0.82446 0.82446 0.82446 0.82446 0.75823 0.75040 0.75799 0.72607 0.72644 0.75916 0.75916 0.75916 0.75916 0.75916 0.75916 0.75562 0.75542 0.75542 0.75542 0.75542 0.75752 0.82116 0.75895 0.75895 0.75895 0.75896 0.75542 0.75609 0.75967 0.75967 0.81013 0.81013 0.81013 0.81013 0.81013 0.81013 0.75967 0.82589 0.82589
0.75885 0.75885 0.75840 0.75840 0.71581 0.71588 0.71588 0.71588 0.82558 0.82558 0.82558 0.76402 0.70331 0.70331 0.71377 0.80852 0.71450 0.71450 0.71450 0.80852 0.79367 0.75001 0.75001 0.75043 0.75043 0.75043 0.82449 0.82449 0.82449 0.82449 0.82449 0.82449 0.75767 0.75826 0.75138 0.75801 0.75801 0.75919 0.75919 0.75918 0.75918 0.75919 0.75919 0.75564 0.75545 0.75545 0.75545 0.75545 0.75898 0.82119 0.75898 0.75898 0.75898 0.75545 0.75545 0.75970 0.75970 0.75888 0.75970 0.81016 0.81016 0.81016 0.81016 0.81016 0.81016 0.82592 0.82592
0.75825 0.75825 0.75903 0.75903 0.75903 0.71571 0.71590 0.71590 0.82561 0.82561 0.82561 0.82561 0.76503 0.70334 0.71380 0.71380 0.71453 0.71453 0.71453 0.78776 0.75833 0.75004 0.75004 0.75045 0.75045 0.75045 0.82452 0.82452 0.82452 0.82452 0.82452 0.82452 0.82452 0.75567 0.72584 0.75483 0.75804 0.75921 0.75921 0.75921 0.75921 0.75921 0.75921 0.75567 0.75548 0.75548 0.75901 0.75548 0.75548 0.75901 0.82123 0.82123 0.75901 0.79272 0.75615 0.75973 0.75973 0.75891 0.75973 0.75615 0.79331 0.79425 0.81019 0.81019 0.72203 0.82595 0.82595
0.75617 0.75827 0.75906 0.75906 0.76154 0.71573 0.71573 0.71573 0.82527 0.82527 0.82527 0.82527 0.82499 0.82499 0.70388 0.71502 0.71577 0.71577 0.71455 0.76620 0.76076 0.75006 0.75006 0.75048 0.75048 0.75048 0.82456 0.82456 0.82456 0.82456 0.82456 0.82456 0.82456 0.79234 0.75570 0.72586 0.75924 0.75924 0.75924 0.75924 0.75924 0.75924 0.75924 0.75570 0.75551 0.75551 0.75904 0.75551 0.75551 0.75551 0.75904 0.82126 0.75904 0.75551 0.75618 0.75618 0.75618 0.75976 0.75976 0.75618 0.75618 0.75217 0.72206 0.72206 0.72206 0.72299 0.82599
