test/test_data/tcaap/monthly_variance_over_all_Apr__actual_et__2015-01-01_to_2019-12-31__180_by_260__inches.asc
NCOLS        180
NROWS        260
XLLCORNER     476375.000
YLLCORNER    4970875.000
CELLSIZE        100.000
NODATA_VALUE -9999.
[rows 203 to 231 of 260, columns 0 to 66 of 180]
0.61332 0.61476 0.61476 0.61476 0.61718 0.61718 0.61718 0.60695 0.60695 0.60581 0.60695 0.61718 0.60601 0.60601 0.61579 0.61470 0.61470 0.60547 0.60436 0.59533 0.60415 0.60547 0.60547 0.60547 0.60547 0.60455 0.60455 0.60455 0.60455 0.59408 0.59408 0.64449 0.76962 0.76962 0.76962 0.60296 0.60402 0.60402 0.60402 0.60275 0.60402 0.60402 0.60402 0.60402 0.60402 0.60402 0.60256 0.60256 0.60256 0.60256 0.64509 0.60023 0.60023 0.60023 0.63660 0.64509 0.64509 0.64523 0.64523 0.64523 0.64523 0.64523 0.64523 0.64138 0.64138 0.64138 0.61314
0.61476 0.61332 0.61476 0.61332 0.60602 0.60056 0.61051 0.61719 0.61719 0.61719 0.61605 0.61605 0.61719 0.61719 0.61579 0.61579 0.61579 0.60548 0.60548 0.59533 0.60548 0.60436 0.59533 0.60548 0.60548 0.60455 0.59409 0.60455 0.60455 0.59409 0.60455 0.60349 0.76962 0.76962 0.76962 0.60276 0.60296 0.60402 0.60402 0.60402 0.60402 0.60402 0.60402 0.60402 0.60402 0.60402 0.60256 0.60256 0.60256 0.60256 0.59088 0.64510 0.60022 0.60022 0.64510 0.64510 0.64523 0.64523 0.64523 0.64523 0.64523 0.64523 0.64523 0.64406 0.64139 0.61315 0.61315
0.60445 0.60318 0.61477 0.61333 0.60037 0.60041 0.61719 0.61605 0.61605 0.61719 0.61719 0.61719 0.61719 0.61719 0.61580 0.61580 0.61580 0.61580 0.60548 0.59534 0.60548 0.60436 0.59534 0.60548 0.60548 0.60350 0.60456 0.60456 0.60456 0.60456 0.60456 0.60456 0.60456 0.64450 0.60490 0.60437 0.60296 0.60403 0.60403 0.60403 0.60403 0.60403 0.60403 0.60403 0.60403 0.60403 0.60257 0.60257 0.60257 0.60257 0.59584 0.64510 0.60022 0.60022 0.60022 0.64510 0.63670 0.64523 0.64523 0.64523 0.64523 0.64523 0.64523 0.62747 0.60384 0.61315 0.61315
0.60318 0.61477 0.61477 0.61333 0.61052 0.61719 0.61719 0.61719 0.61719 0.61719 0.61719 0.61605 0.61719 0.61605 0.61580 0.61580 0.61580 0.61580 0.60548 0.59534 0.60548 0.60548 0.60548 0.60548 0.60548 0.60456 0.60350 0.60456 0.60456 0.59409 0.60456 0.60456 0.60456 0.60456 0.60456 0.60403 0.60403 0.60403 0.60403 0.60297 0.60403 0.60403 0.60403 0.60403 0.60403 0.59217 0.60257 0.60257 0.60257 0.60257 0.60257 0.64510 0.64510 0.60022 0.60022 0.64510 0.64524 0.64524 0.64524 0.64524 0.64524 0.64524 0.64524 0.64524 0.61315 0.61315 0.61315
0.61333 0.61477 0.61477 0.61333 0.61720 0.61720 0.61605 0.61720 0.60602 0.61720 0.61605 0.61605 0.61720 0.61720 0.61580 0.61580 0.60310 0.61580 0.60549 0.59534 0.60437 0.60549 0.60549 0.60549 0.60437 0.60456 0.60456 0.60456 0.60456 0.60456 0.60456 0.60456 0.60350 0.60456 0.60456 0.60403 0.60403 0.60403 0.60403 0.60403 0.60403 0.60403 0.60403 0.60403 0.60403 0.60403 0.60257 0.60257 0.60257 0.60257 0.59584 0.64511 0.64511 0.60022 0.60022 0.64511 0.64524 0.64524 0.64524 0.64524 0.64524 0.64524 0.64524 0.64524 0.59861 0.61316 0.61316
0.60009 0.60009 0.60009 0.60211 0.60602 0.61606 0.61720 0.61720 0.60602 0.61720 0.61720 0.61720 0.61720 0.61720 0.61581 0.61581 0.61581 0.61581 0.60549 0.59534 0.60549 0.60549 0.60549 0.60549 0.60437 0.60457 0.60457 0.60457 0.60457 0.60457 0.60457 0.60457 0.60457 0.60457 0.60350 0.60404 0.60404 0.60404 0.60404 0.60404 0.60404 0.60404 0.60404 0.60404 0.59217 0.60404 0.60257 0.60257 0.60257 0.60257 0.64511 0.64511 0.64511 0.64511 0.60022 0.60022 0.64524 0.64524 0.64524 0.64524 0.64524 0.64524 0.64524 0.64524 0.59861 0.61316 0.61316
0.60009 0.58771 0.57213 0.55249 0.59429 0.60565 0.61591 0.61481 0.61591 0.61591 0.61591 0.61481 0.61591 0.61591 0.61522 0.61522 0.61472 0.60549 0.60437 0.59535 0.60549 0.60549 0.60549 0.60437 0.60457 0.60457 0.60457 0.60351 0.60351 0.60457 0.60351 0.60457 0.59410 0.60457 0.59263 0.59212 0.60404 0.60404 0.60404 0.60404 0.60404 0.60404 0.60404 0.60404 0.59217 0.60258 0.60258 0.60258 0.60258 0.65472 0.64511 0.64511 0.64511 0.64511 0.60022 0.60022 0.64525 0.63672 0.64525 0.64525 0.64525 0.64525 0.64525 0.64525 0.61316 0.61316 0.61316
0.56611 0.60017 0.61942 0.55249 0.59429 0.60565 0.61481 0.61481 0.61481 0.61591 0.61481 0.61591 0.61591 0.61591 0.61522 0.61522 0.61413 0.60489 0.60489 0.59301 0.60489 0.59301 0.59301 0.60489 0.60474 0.60474 0.60368 0.60348 0.60331 0.58502 0.59263 0.59263 0.59263 0.59263 0.59263 0.59212 0.59212 0.60404 0.60404 0.60404 0.60404 0.60404 0.60404 0.60404 0.59212 0.59052 0.59052 0.58242 0.59052 0.64511 0.64511 0.64511 0.64511 0.64511 0.63662 0.60022 0.60457 0.63672 0.63672 0.64525 0.64525 0.64525 0.64525 0.64525 0.65168 0.61317 0.61292
0.56593 0.56593 0.61942 0.62066 0.59429 0.60565 0.61592 0.60211 0.61592 0.61592 0.61592 0.61592 0.61481 0.60211 0.61523 0.61523 0.60088 0.60490 0.60490 0.59301 0.60490 0.59301 0.59301 0.60490 0.60475 0.60475 0.60475 0.60475 0.60368 0.58534 0.59278 0.59278 0.59278 0.59278 0.59278 0.59063 0.59063 0.59063 0.60269 0.60269 0.60405 0.60405 0.60405 0.59212 0.59212 0.59053 0.59053 0.58242 0.59053 0.64512 0.64512 0.64512 0.64512 0.64512 0.64512 0.60022 0.60457 0.64525 0.63672 0.63672 0.64525 0.64525 0.64525 0.64525 0.64525 0.65169 0.61292
0.61365 0.53840 0.54412 0.62067 0.62067 0.59429 0.61482 0.61592 0.61592 0.61592 0.61592 0.60212 0.60212 0.60212 0.61523 0.61523 0.59301 0.59301 0.60490 0.59301 0.60490 0.59301 0.60490 0.59301 0.60475 0.59442 0.60475 0.60475 0.60475 0.60475 0.60475 0.60475 0.60475 0.60475 0.58535 0.59063 0.59063 0.58960 0.59063 0.59063 0.59063 0.58241 0.59063 0.58960 0.59063 0.59328 0.59328 0.59328 0.59328 0.60410 0.60410 0.64669 0.60022 0.63663 0.64512 0.64512 0.63653 0.60457 0.60457 0.63672 0.64525 0.64525 0.64525 0.64525 0.64525 0.64525 0.61293
0.61365 0.61942 0.61942 0.62067 0.62067 0.59430 0.61482 0.61592 0.61592 0.61592 0.61592 0.61482 0.61592 0.61592 0.61523 0.61523 0.60374 0.60490 0.60490 0.59301 0.60490 0.60490 0.60490 0.60490 0.60369 0.60475 0.60475 0.60475 0.60475 0.60475 0.60475 0.60475 0.60475 0.60475 0.59442 0.60270 0.60270 0.60270 0.60270 0.60270 0.60270 0.60270 0.60270 0.56705 0.59063 0.59328 0.59328 0.59328 0.65640 0.64669 0.64669 0.64669 0.64669 0.64669 0.64669 0.64669 0.60431 0.60431 0.63841 0.64700 0.64700 0.64700 0.64700 0.64700 0.64526 0.64526 0.65488
0.61943 0.61943 0.61943 0.62067 0.62067 0.54697 0.60102 0.61482 0.61593 0.61593 0.61593 0.61593 0.61593 0.61593 0.61524 0.61524 0.60089 0.60323 0.57272 0.59301 0.60491 0.60491 0.59921 0.60491 0.60475 0.60475 0.60475 0.59995 0.59971 0.59443 0.60475 0.60475 0.60475 0.60475 0.60475 0.60270 0.60270 0.60270 0.60270 0.60270 0.60270 0.60270 0.60172 0.59647 0.59595 0.60514 0.60514 0.60514 0.60514 0.65335 0.64669 0.64669 0.64669 0.64669 0.64669 0.64669 0.64700 0.63861 0.60431 0.64700 0.63861 0.64700 0.60431 0.64700 0.64700 0.64700 0.64711
0.61943 0.61943 0.61943 0.62067 0.62067 0.60566 0.64591 0.61593 0.61593 0.61593 0.61593 0.61593 0.61593 0.61524 0.61524 0.61524 0.61524 0.60918 0.60324 0.57272 0.60491 0.60491 0.57272 0.59921 0.60476 0.60476 0.60476 0.60370 0.60414 0.60370 0.60370 0.60476 0.60476 0.60476 0.60270 0.60270 0.60270 0.60270 0.60270 0.60270 0.60270 0.60270 0.60172 0.59838 0.60270 0.60514 0.60416 0.60514 0.60514 0.60514 0.59367 0.59367 0.64670 0.64670 0.64670 0.64700 0.64700 0.60431 0.60431 0.64700 0.64700 0.64700 0.64700 0.64700 0.64700 0.64700 0.64711
0.61943 0.61943 0.61943 0.62068 0.62068 0.63603 0.61593 0.61593 0.60212 0.61593 0.61593 0.61593 0.61593 0.61524 0.61524 0.61524 0.61524 0.60089 0.60398 0.59302 0.60491 0.60491 0.60014 0.54289 0.59902 0.60476 0.60476 0.60476 0.60476 0.60476 0.60476 0.60476 0.60476 0.60476 0.60270 0.60173 0.51082 0.58200 0.59077 0.60270 0.60270 0.60270 0.60270 0.60128 0.60270 0.60514 0.60514 0.60514 0.60514 0.60514 0.60514 0.60514 0.60410 0.60410 0.60410 0.64701 0.64701 0.60431 0.60431 0.60431 0.64701 0.60431 0.64701 0.64701 0.64701 0.64701 0.64711
0.70723 0.63374 0.63374 0.63678 0.63603 0.61594 0.61594 0.61594 0.61594 0.61594 0.61594 0.61594 0.61594 0.61525 0.61525 0.61525 0.61525 0.60089 0.57740 0.59302 0.60492 0.60492 0.60492 0.59922 0.59902 0.59902 0.60476 0.60476 0.60476 0.60476 0.60476 0.60476 0.60476 0.60476 0.60271 0.60173 0.53318 0.58352 0.58952 0.60271 0.60271 0.60271 0.60271 0.60129 0.59077 0.60515 0.60515 0.60515 0.60515 0.60515 0.60515 0.64670 0.64670 0.60410 0.60410 0.64701 0.64701 0.64701 0.60431 0.60431 0.64701 0.64701 0.64701 0.64701 0.64701 0.64701 0.64712
0.70404 0.67596 0.62942 0.63603 0.63603 0.60567 0.61594 0.61594 0.60213 0.61594 0.61594 0.61594 0.61594 0.61525 0.61525 0.61525 0.61525 0.61395 0.61069 0.59302 0.60492 0.60492 0.60492 0.52099 0.60323 0.60323 0.59903 0.60477 0.60477 0.60477 0.60477 0.60477 0.60477 0.60477 0.59065 0.59133 0.58163 0.51654 0.51841 0.60271 0.60271 0.60173 0.60271 0.59077 0.59077 0.60515 0.60515 0.60515 0.60515 0.60515 0.60515 0.65337 0.64671 0.60410 0.60410 0.64701 0.64701 0.64701 0.60431 0.60431 0.64701 0.64701 0.64701 0.60431 0.64701 0.64701 0.64712
0.69596 0.67632 0.66462 0.63459 0.61574 0.61537 0.61308 0.61537 0.61537 0.61537 0.61594 0.61594 0.61594 0.61525 0.61525 0.61525 0.61525 0.61563 0.59952 0.59303 0.60492 0.59303 0.59303 0.60376 0.60323 0.60323 0.60323 0.60477 0.60477 0.60477 0.60477 0.60477 0.60477 0.60477 0.59065 0.59041 0.59064 0.51458 0.56494 0.60271 0.60271 0.59140 0.60271 0.59077 0.60271 0.60515 0.60515 0.60515 0.60515 0.60515 0.60515 0.64671 0.63380 0.64671 0.64671 0.64701 0.64701 0.64701 0.63843 0.60431 0.60431 0.64701 0.63862 0.63862 0.64701 0.64701 0.64712
0.77116 0.63243 0.64380 0.61537 0.61537 0.61537 0.61537 0.61537 0.61537 0.61537 0.61537 0.61537 0.61537 0.59661 0.61829 0.61829 0.61829 0.57373 0.60137 0.52297 0.60154 0.54620 0.59303 0.60493 0.60477 0.60324 0.59903 0.60477 0.60477 0.60477 0.60477 0.60477 0.60477 0.60477 0.59065 0.58915 0.58915 0.56255 0.60130 0.60130 0.60272 0.59141 0.60272 0.60272 0.60272 0.60516 0.60516 0.60516 0.60516 0.60516 0.60516 0.60516 0.62701 0.60410 0.60410 0.60431 0.64702 0.64702 0.64702 0.60431 0.60431 0.64702 0.64702 0.63863 0.64702 0.64702 0.64712
0.77116 0.77116 0.59183 0.61537 0.61537 0.61537 0.60013 0.61537 0.61537 0.61537 0.61537 0.61537 0.61537 0.59661 0.61830 0.61830 0.58665 0.59661 0.59874 0.54410 0.60155 0.54594 0.59552 0.60506 0.60634 0.59493 0.59979 0.59493 0.60634 0.60634 0.60634 0.60634 0.60634 0.60634 0.59066 0.59066 0.58915 0.59574 0.59806 0.60272 0.60272 0.60272 0.60272 0.60272 0.60516 0.59330 0.60516 0.60516 0.60516 0.60516 0.60516 0.59862 0.64672 0.64672 0.64672 0.64702 0.64702 0.64702 0.64702 0.64702 0.60432 0.60432 0.64702 0.64702 0.64702 0.64702 0.64713
0.77117 0.77117 0.60513 0.61538 0.61538 0.61538 0.60013 0.61538 0.61538 0.61538 0.61538 0.61538 0.61538 0.59661 0.58623 0.58623 0.58665 0.59661 0.59661 0.54179 0.59895 0.59414 0.60641 0.59535 0.60634 0.60634 0.60479 0.59097 0.60634 0.60634 0.60634 0.60634 0.60634 0.60634 0.60728 0.60728 0.60728 0.59891 0.59981 0.60662 0.60728 0.60728 0.60728 0.59579 0.59487 0.59487 0.59889 0.59889 0.59889 0.59889 0.60270 0.61409 0.62789 0.65338 0.64672 0.64702 0.64702 0.60432 0.60432 0.64702 0.60432 0.60432 0.63863 0.64702 0.64702 0.64713 0.64713
0.77118 0.77118 0.60345 0.61538 0.61538 0.61538 0.61538 0.61538 0.61538 0.61538 0.61538 0.61538 0.61538 0.61830 0.60275 0.60791 0.59470 0.59662 0.59662 0.51409 0.59074 0.59289 0.60511 0.60480 0.60635 0.60480 0.60046 0.60448 0.60480 0.59536 0.60635 0.60635 0.60635 0.60635 0.60728 0.60728 0.60728 0.60728 0.59572 0.59575 0.59511 0.57938 0.58722 0.59487 0.59393 0.59789 0.59657 0.59858 0.60044 0.60280 0.60679 0.61043 0.62099 0.63034 0.64676 0.64562 0.64562 0.59970 0.60432 0.64703 0.64703 0.60432 0.63863 0.64703 0.64703 0.63724 0.64713
0.77118 0.77118 0.60514 0.61538 0.61538 0.61538 0.61538 0.61538 0.61538 0.61538 0.61538 0.61538 0.61538 0.61831 0.61831 0.60275 0.60022 0.59471 0.59662 0.58666 0.59506 0.60052 0.60273 0.60257 0.59494 0.60481 0.57263 0.60312 0.60481 0.59536 0.59536 0.59536 0.59536 0.59536 0.59665 0.60728 0.60728 0.60728 0.59624 0.59567 0.59456 0.59287 0.59313 0.59488 0.59554 0.59582 0.60187 0.60445 0.77083 0.77083 0.77083 0.77083 0.58867 0.59284 0.62718 0.64562 0.64562 0.64562 0.64562 0.64562 0.64562 0.59970 0.59970 0.64562 0.64562 0.60137 0.64938
0.77119 0.77119 0.61539 0.61539 0.61539 0.61539 0.61539 0.61539 0.61539 0.61539 0.61539 0.61539 0.61539 0.61831 0.61831 0.61831 0.59201 0.59201 0.59201 0.58666 0.59471 0.59746 0.59686 0.59552 0.59855 0.59832 0.60177 0.60001 0.59756 0.57498 0.57498 0.57498 0.57498 0.57498 0.57607 0.58155 0.60729 0.60729 0.59624 0.59574 0.59624 0.58723 0.59580 0.59580 0.59432 0.59466 0.60106 0.60350 0.77084 0.77084 0.77084 0.77084 0.77084 0.59284 0.59284 0.64562 0.59642 0.59642 0.60545 0.60545 0.60545 0.59642 0.54556 0.58641 0.64562 0.64939 0.64939
0.77120 0.77120 0.61539 0.61539 0.61539 0.61539 0.61539 0.61539 0.60014 0.61539 0.61539 0.61539 0.61831 0.61831 0.61831 0.61831 0.59529 0.59662 0.59202 0.53766 0.59230 0.53804 0.59590 0.59447 0.59545 0.59504 0.59434 0.59344 0.59062 0.57499 0.57499 0.57499 0.57499 0.57499 0.57607 0.58156 0.60729 0.59665 0.60585 0.60729 0.60729 0.60729 0.59580 0.59580 0.59489 0.59563 0.60167 0.60371 0.77084 0.77084 0.77084 0.77084 0.77084 0.60641 0.60641 0.60545 0.60545 0.60545 0.60545 0.60545 0.59229 0.60545 0.59229 0.59229 0.65424 0.64939 0.64939
0.77120 0.61445 0.61539 0.61539 0.61539 0.61539 0.61310 0.61539 0.60015 0.61539 0.61539 0.61539 0.61831 0.61831 0.61831 0.61831 0.61679 0.59663 0.59663 0.53731 0.59518 0.59503 0.53989 0.59369 0.59438 0.59399 0.59335 0.59251 0.58739 0.52506 0.57499 0.57499 0.57499 0.57607 0.57607 0.58156 0.60729 0.60729 0.60729 0.60729 0.60729 0.60729 0.60759 0.58186 0.59489 0.59394 0.60377 0.60525 0.77085 0.77085 0.77085 0.77085 0.60422 0.60642 0.60545 0.60545 0.60545 0.60545 0.60545 0.60545 0.60545 0.60545 0.59230 0.59230 0.60545 0.60877 0.59455
0.77121 0.60405 0.61540 0.61540 0.61540 0.61540 0.61310 0.61540 0.61540 0.61540 0.61540 0.61540 0.61832 0.61832 0.61832 0.61832 0.60321 0.59663 0.59663 0.53731 0.59506 0.59202 0.59472 0.56740 0.59363 0.59333 0.59151 0.59061 0.53230 0.57742 0.58123 0.57499 0.57499 0.57608 0.58156 0.60730 0.60730 0.60730 0.59666 0.60730 0.60730 0.60730 0.60760 0.57786 0.59199 0.59607 0.60612 0.60736 0.77086 0.77086 0.77086 0.77086 0.59765 0.60642 0.60546 0.60546 0.60546 0.60546 0.60319 0.60546 0.60546 0.60546 0.60546 0.59230 0.59230 0.59495 0.59495
0.60402 0.60402 0.61630 0.61630 0.61540 0.61540 0.61540 0.61540 0.61540 0.61540 0.61540 0.61540 0.60277 0.60277 0.61553 0.61832 0.58667 0.59663 0.59663 0.56793 0.59472 0.59663 0.59663 0.56503 0.59062 0.59062 0.59062 0.59465 0.59301 0.53170 0.57800 0.52507 0.53009 0.55695 0.58156 0.60730 0.60730 0.60730 0.59666 0.60730 0.60730 0.60730 0.60760 0.57927 0.59266 0.59624 0.60062 0.60153 0.60158 0.77086 0.77086 0.77086 0.60128 0.60316 0.60216 0.59643 0.63188 0.63188 0.60546 0.60546 0.60320 0.60320 0.60546 0.60320 0.59230 0.59496 0.59496
0.60402 0.60402 0.61630 0.61630 0.61630 0.61630 0.61630 0.61630 0.61630 0.61630 0.61630 0.61630 0.60779 0.60189 0.61129 0.60919 0.56743 0.59664 0.59664 0.56743 0.59664 0.59664 0.59664 0.59314 0.59301 0.59301 0.59301 0.59465 0.51222 0.59062 0.58918 0.58887 0.59981 0.60730 0.60730 0.60730 0.60730 0.60730 0.60730 0.60730 0.60730 0.57522 0.60159 0.59315 0.59271 0.60093 0.61283 0.61967 0.63705 0.57683 0.58114 0.58114 0.58081 0.60642 0.60216 0.59643 0.60546 0.57870 0.63547 0.60594 0.60594 0.63188 0.62615 0.64046 0.64046 0.59496 0.65017
0.60402 0.60402 0.61630 0.61630 0.61630 0.61630 0.60622 0.61630 0.60622 0.60622 0.60622 0.60622 0.60779 0.60779 0.60779 0.60203 0.60269 0.59449 0.59627 0.58697 0.59627 0.59627 0.58649 0.59206 0.59470 0.59434 0.59434 0.59598 0.53504 0.59356 0.59396 0.59982 0.60637 0.60730 0.60730 0.60730 0.60730 0.60730 0.60730 0.60730 0.59667 0.56676 0.59181 0.59181 0.58870 0.60581 0.61056 0.61100 0.57683 0.58115 0.58082 0.58082 0.58082 0.60643 0.60546 0.60546 0.60546 0.60546 0.59644 0.60030 0.60417 0.62615 0.59972 0.61329 0.61003 0.58774 0.60138
