test/test_data/tcaap/monthly_variance_over_all_Apr__actual_et__2015-01-01_to_2019-12-31__180_by_260__inches.asc
NCOLS        180
NROWS        260
XLLCORNER     476375.000
YLLCORNER    4970875.000
CELLSIZE        100.000
NODATA_VALUE -9999.
[rows 145 to 173 of 260, columns 0 to 66 of 180]
0.64720 0.64720 0.64720 0.64720 0.64720 0.64720 0.62159 0.62159 0.59172 0.60264 0.60264 0.60264 0.59030 0.59030 0.59030 0.59030 0.59030 0.54164 0.54148 0.77481 0.77481 0.58558 0.58517 0.58486 0.59903 0.59968 0.59970 0.60258 0.60258 0.58974 0.60096 0.58731 0.58731 0.58731 0.58731 0.59967 0.60096 0.59967 0.60096 0.59967 0.50272 0.50272 0.56332 0.56332 0.58204 0.58204 0.58204 0.56834 0.50272 0.56457 0.56588 0.56736 0.56688 0.56733 0.56774 0.56810 0.56848 0.56888 0.56936 0.56998 0.57075 0.57662 0.57778 0.57918 0.58080 0.58260 0.55439
0.64720 0.64720 0.64720 0.64720 0.64720 0.64720 0.61992 0.61992 0.65025 0.60285 0.60285 0.59028 0.59028 0.59028 0.59028 0.59028 0.59028 0.54263 0.54141 0.58519 0.77482 0.77482 0.77482 0.65336 0.59846 0.59910 0.59925 0.59947 0.59977 0.60258 0.59967 0.60096 0.60096 0.60096 0.58732 0.59967 0.60096 0.59967 0.59866 0.59241 0.50272 0.50272 0.50272 0.50272 0.56834 0.58205 0.58216 0.56878 0.56957 0.59645 0.56726 0.56918 0.59588 0.59926 0.56991 0.53266 0.53308 0.53334 0.53345 0.53341 0.57109 0.57578 0.57548 0.57515 0.57490 0.57482 0.57503
0.64204 0.61992 0.61992 0.61992 0.64186 0.61992 0.61992 0.61992 0.64720 0.60285 0.60285 0.59028 0.59028 0.59028 0.59028 0.59028 0.59028 0.54260 0.54234 0.58675 0.77375 0.77375 0.77375 0.54588 0.59404 0.59406 0.59464 0.60204 0.59589 0.60258 0.60097 0.60097 0.60097 0.60097 0.60097 0.60097 0.59165 0.58301 0.56890 0.56890 0.56333 0.50272 0.50272 0.50272 0.50272 0.58208 0.50305 0.58317 0.56580 0.56683 0.56778 0.57047 0.59927 0.59927 0.59927 0.53385 0.53385 0.53358 0.53364 0.53361 0.57128 0.57590 0.57538 0.57463 0.57375 0.57283 0.57200
0.64204 0.61993 0.61993 0.61993 0.61993 0.61993 0.61993 0.61993 0.61993 0.61909 0.63425 0.59029 0.59029 0.59029 0.57233 0.57233 0.57233 0.54258 0.57187 0.59543 0.59525 0.77375 0.77375 0.77375 0.57101 0.59275 0.59899 0.59996 0.60113 0.60144 0.59880 0.59880 0.59776 0.59880 0.59880 0.58270 0.53695 0.53706 0.53701 0.56813 0.56683 0.58265 0.58265 0.56333 0.56333 0.52668 0.52722 0.56506 0.56608 0.56869 0.60062 0.59276 0.59927 0.60315 0.58908 0.58869 0.53385 0.53385 0.53385 0.53385 0.57165 0.60125 0.60125 0.57659 0.57659 0.57659 0.58984
0.64721 0.61993 0.64204 0.64204 0.64204 0.64204 0.59823 0.61993 0.61909 0.61909 0.63425 0.59029 0.59029 0.57234 0.57234 0.57430 0.57286 0.57218 0.57179 0.59525 0.59856 0.59818 0.77376 0.77376 0.77376 0.77376 0.77376 0.59109 0.77376 0.59951 0.58534 0.59880 0.59726 0.59743 0.59267 0.53715 0.53708 0.53736 0.58278 0.59726 0.56683 0.59627 0.59730 0.58611 0.56683 0.56723 0.56778 0.56863 0.56970 0.57275 0.60550 0.60526 0.60526 0.60315 0.60315 0.60315 0.60315 0.59927 0.53385 0.53385 0.50955 0.60483 0.60483 0.60483 0.60483 0.60483 0.58172
0.64205 0.64186 0.64205 0.64205 0.64186 0.62750 0.62766 0.57360 0.61909 0.56727 0.59029 0.57234 0.57808 0.57311 0.59503 0.59713 0.57287 0.59481 0.59434 0.59507 0.59452 0.59420 0.59374 0.59349 0.77377 0.77377 0.58589 0.58136 0.59152 0.77269 0.57870 0.58971 0.59733 0.59328 0.59400 0.56977 0.59408 0.53746 0.53711 0.59880 0.59627 0.59731 0.59731 0.59731 0.53514 0.53553 0.53606 0.56858 0.56961 0.57208 0.60207 0.60526 0.60526 0.60526 0.60526 0.60526 0.60526 0.59058 0.60526 0.60526 0.59058 0.60633 0.60633 0.60633 0.60633 0.60483 0.60483
0.64722 0.61993 0.61993 0.64722 0.63895 0.62767 0.62750 0.62767 0.56727 0.52018 0.57234 0.58543 0.57703 0.60396 0.59982 0.59709 0.57285 0.59478 0.59425 0.58610 0.58613 0.58590 0.59341 0.59322 0.58202 0.77377 0.77377 0.59153 0.59076 0.57778 0.77269 0.59033 0.59895 0.57051 0.57141 0.57146 0.57089 0.59340 0.58271 0.59777 0.59628 0.59628 0.59731 0.59731 0.59628 0.53514 0.53595 0.56837 0.56928 0.57045 0.57423 0.59005 0.60526 0.60526 0.60526 0.60526 0.60297 0.59058 0.60526 0.60313 0.60526 0.58992 0.60633 0.60633 0.60633 0.60633 0.60633
0.64722 0.64205 0.64205 0.57360 0.63896 0.62767 0.62767 0.62767 0.56368 0.61801 0.61778 0.60713 0.57704 0.58026 0.59945 0.57420 0.59923 0.57433 0.58604 0.58656 0.58571 0.58554 0.58522 0.59297 0.58895 0.77378 0.53862 0.59076 0.59076 0.57778 0.77270 0.58271 0.58515 0.57266 0.59852 0.59844 0.57275 0.59259 0.59881 0.59881 0.59628 0.59731 0.59731 0.59731 0.59731 0.59731 0.59731 0.53551 0.59221 0.51132 0.57228 0.58279 0.60527 0.60313 0.59059 0.59059 0.60527 0.60527 0.60527 0.60527 0.60527 0.60371 0.58992 0.60633 0.60633 0.60633 0.60371
0.64187 0.64108 0.63896 0.63896 0.63896 0.62767 0.62767 0.63504 0.56083 0.57078 0.60549 0.55855 0.58319 0.57911 0.57603 0.59678 0.57573 0.57371 0.58549 0.54565 0.58529 0.58518 0.58494 0.59277 0.56745 0.53862 0.77379 0.77379 0.58176 0.57778 0.57778 0.77271 0.54142 0.54409 0.54554 0.54537 0.59983 0.59777 0.58748 0.58748 0.59732 0.59732 0.59732 0.59732 0.59732 0.59628 0.59732 0.58612 0.59628 0.58554 0.58257 0.56682 0.60026 0.57711 0.60297 0.60527 0.60527 0.60527 0.60527 0.60527 0.60527 0.60634 0.60634 0.58993 0.60634 0.60634 0.58935
0.61994 0.57360 0.57360 0.62767 0.63896 0.62767 0.62400 0.62887 0.60150 0.56637 0.56031 0.55513 0.58070 0.57754 0.57527 0.57379 0.59785 0.57307 0.54190 0.54516 0.58489 0.54444 0.58469 0.54441 0.56714 0.56674 0.58855 0.77379 0.77379 0.57779 0.57779 0.77271 0.61128 0.59055 0.60839 0.54848 0.54677 0.58682 0.59777 0.58748 0.59732 0.59629 0.59629 0.59732 0.58612 0.59732 0.58612 0.59732 0.59629 0.59629 0.59499 0.59397 0.59324 0.58386 0.58613 0.60313 0.60527 0.60527 0.60527 0.60527 0.60527 0.60634 0.60634 0.60634 0.58993 0.60634 0.60247
0.64723 0.57360 0.57360 0.57360 0.62767 0.63550 0.62963 0.62949 0.61322 0.56327 0.57003 0.58080 0.57772 0.57565 0.59709 0.57342 0.57434 0.59509 0.54567 0.54471 0.58452 0.54414 0.54411 0.58477 0.58880 0.56664 0.56668 0.77380 0.77380 0.77272 0.57779 0.58269 0.77272 0.61950 0.59859 0.59625 0.58071 0.54166 0.53762 0.59176 0.59629 0.59629 0.59629 0.59629 0.59732 0.59732 0.59629 0.59629 0.59732 0.59732 0.59499 0.59499 0.59025 0.53664 0.59446 0.57237 0.60314 0.60527 0.60527 0.60527 0.60527 0.60634 0.60634 0.60634 0.60634 0.60372 0.59605
0.63741 0.62342 0.62325 0.62325 0.56657 0.60837 0.59616 0.58111 0.56743 0.56743 0.56743 0.57663 0.58566 0.58212 0.57883 0.59866 0.57363 0.57176 0.54514 0.58469 0.54384 0.54391 0.54402 0.54442 0.56677 0.56666 0.54025 0.54068 0.77381 0.77273 0.77273 0.77273 0.77273 0.77273 0.77273 0.52234 0.58270 0.59022 0.52797 0.58034 0.59035 0.51131 0.59629 0.59629 0.59732 0.58613 0.59629 0.59732 0.59732 0.59732 0.58258 0.59500 0.59500 0.58872 0.56802 0.56944 0.59558 0.59555 0.59611 0.59634 0.59605 0.58936 0.51401 0.51401 0.51401 0.51401 0.58993
0.62726 0.63448 0.63448 0.62326 0.62379 0.60566 0.58104 0.58779 0.59125 0.56743 0.56743 0.57686 0.58889 0.58531 0.58201 0.57918 0.57689 0.54679 0.54515 0.54436 0.54404 0.58973 0.59001 0.54458 0.58579 0.54630 0.58779 0.54839 0.56906 0.77273 0.77273 0.77273 0.77273 0.55866 0.77273 0.55184 0.55184 0.60118 0.58553 0.57713 0.58113 0.57763 0.57810 0.57211 0.58613 0.58613 0.58613 0.59733 0.59629 0.59733 0.58258 0.59500 0.59398 0.59398 0.56399 0.56801 0.56884 0.53805 0.53880 0.53942 0.53898 0.51401 0.51401 0.51401 0.51401 0.53898 0.58993
0.58775 0.63448 0.62343 0.62343 0.62050 0.59842 0.58088 0.58760 0.59104 0.56743 0.57430 0.58868 0.58491 0.58148 0.60119 0.57628 0.57457 0.54516 0.54405 0.54392 0.54422 0.54461 0.54540 0.54641 0.54759 0.59382 0.59490 0.59815 0.60134 0.56907 0.77297 0.77297 0.77297 0.77297 0.55123 0.55184 0.55184 0.69086 0.57779 0.58394 0.57713 0.57713 0.52608 0.58794 0.58613 0.59630 0.59733 0.59733 0.59630 0.58613 0.59398 0.59398 0.59398 0.58258 0.56399 0.56710 0.53660 0.53712 0.53759 0.53803 0.53756 0.51401 0.51401 0.51401 0.53898 0.53898 0.53898
0.61548 0.56657 0.62343 0.62483 0.61041 0.59079 0.58722 0.55813 0.58819 0.56744 0.57317 0.58864 0.58466 0.58105 0.60065 0.57574 0.57408 0.54480 0.54383 0.54390 0.54442 0.54490 0.59124 0.54707 0.54840 0.54976 0.55111 0.57612 0.60352 0.57539 0.58028 0.77298 0.77298 0.77298 0.77298 0.55123 0.55123 0.77298 0.67594 0.57085 0.57085 0.55673 0.49676 0.58817 0.58510 0.58622 0.59222 0.59630 0.59630 0.59630 0.59398 0.59398 0.58258 0.56399 0.56414 0.53464 0.53624 0.53676 0.53724 0.53769 0.53700 0.53760 0.53807 0.53898 0.57127 0.57127 0.57127
0.61548 0.56657 0.56657 0.56657 0.57394 0.53226 0.57163 0.56276 0.58939 0.56744 0.57371 0.58874 0.58453 0.58073 0.57762 0.57528 0.57367 0.54451 0.54370 0.54396 0.54469 0.54530 0.54647 0.54784 0.54930 0.55078 0.59670 0.57833 0.58149 0.57794 0.58702 0.52944 0.54845 0.54815 0.77299 0.77299 0.77299 0.77299 0.77299 0.52874 0.55611 0.56913 0.56913 0.55135 0.58479 0.56674 0.56197 0.56074 0.58011 0.58011 0.59167 0.58089 0.56089 0.56088 0.56263 0.53386 0.53439 0.53488 0.53530 0.53820 0.53701 0.53759 0.53804 0.53838 0.57128 0.57128 0.51401
0.63449 0.63449 0.56657 0.56657 0.55026 0.54444 0.53800 0.59324 0.58663 0.58067 0.57605 0.58896 0.58449 0.58050 0.57727 0.57489 0.54507 0.54431 0.54363 0.54409 0.54502 0.54579 0.54714 0.54866 0.55024 0.55180 0.55325 0.55451 0.59212 0.54539 0.54565 0.59130 0.60882 0.54279 0.53693 0.77299 0.77299 0.77299 0.77299 0.77359 0.77359 0.77359 0.55338 0.55566 0.52860 0.51417 0.55135 0.53253 0.56290 0.56270 0.53199 0.57730 0.56186 0.56191 0.56225 0.53351 0.53402 0.53449 0.53489 0.53545 0.53996 0.54058 0.54111 0.54154 0.54188 0.51619 0.51619
0.56657 0.56657 0.56584 0.56448 0.55314 0.54816 0.54243 0.59814 0.59172 0.58551 0.60261 0.60209 0.55605 0.55189 0.54863 0.54629 0.54483 0.56019 0.60260 0.55762 0.55621 0.54631 0.54782 0.59437 0.55116 0.55278 0.55425 0.55549 0.54567 0.54621 0.52304 0.52992 0.59180 0.52972 0.54685 0.56475 0.60193 0.77300 0.77300 0.77360 0.77360 0.77360 0.77360 0.77360 0.77360 0.77360 0.53870 0.56474 0.56256 0.56326 0.53268 0.57793 0.56207 0.56190 0.56202 0.56376 0.56423 0.53409 0.53446 0.53476 0.53883 0.53895 0.53899 0.51490 0.51528 0.51555 0.51619
0.62176 0.56583 0.56241 0.56015 0.55701 0.55292 0.54782 0.60376 0.59737 0.59071 0.55573 0.56117 0.55617 0.55184 0.54848 0.54612 0.54470 0.56013 0.55909 0.55757 0.55618 0.55495 0.55384 0.55288 0.55206 0.53344 0.53508 0.53643 0.52316 0.52364 0.52361 0.59069 0.58997 0.58847 0.53315 0.52637 0.54017 0.53603 0.52512 0.51350 0.51068 0.55567 0.51068 0.51068 0.77360 0.77360 0.77360 0.59474 0.56278 0.56376 0.53328 0.56344 0.56277 0.56200 0.56191 0.56344 0.56389 0.53369 0.53402 0.53428 0.53834 0.53842 0.51265 0.51429 0.51473 0.51503 0.51515
0.56490 0.56585 0.56559 0.56004 0.55804 0.55541 0.55205 0.55850 0.55429 0.57254 0.56701 0.56151 0.55634 0.55188 0.54844 0.54607 0.54468 0.56006 0.55903 0.55752 0.55613 0.55492 0.55382 0.59728 0.55205 0.53422 0.53584 0.53714 0.52376 0.52409 0.52396 0.58945 0.52674 0.52446 0.59158 0.58802 0.53623 0.53239 0.52090 0.51147 0.51082 0.51102 0.55862 0.54090 0.56337 0.57305 0.77361 0.77361 0.56913 0.56858 0.56425 0.56384 0.56309 0.56218 0.56189 0.56313 0.56354 0.56389 0.56417 0.56438 0.56746 0.56750 0.56746 0.57394 0.51398 0.51429 0.51436
0.56878 0.56966 0.57013 0.56054 0.55861 0.55602 0.55268 0.55905 0.55481 0.57305 0.56743 0.56182 0.55655 0.55200 0.54852 0.54613 0.54475 0.55997 0.55895 0.55746 0.55609 0.55488 0.55379 0.55284 0.55203 0.53475 0.53633 0.53756 0.58500 0.52428 0.52406 0.52336 0.52222 0.54424 0.54274 0.53647 0.58051 0.52938 0.56514 0.51078 0.51069 0.51072 0.54104 0.54120 0.56104 0.56104 0.57105 0.77362 0.59474 0.56905 0.56423 0.56065 0.56120 0.56235 0.56190 0.56284 0.56321 0.56352 0.56376 0.56392 0.56699 0.56699 0.56691 0.57301 0.51318 0.51345 0.56897
0.57638 0.57817 0.63569 0.56523 0.56345 0.55628 0.55297 0.55934 0.55509 0.57337 0.56772 0.56208 0.55677 0.59405 0.59060 0.58822 0.54495 0.58831 0.58782 0.58652 0.58533 0.55485 0.55376 0.55282 0.53162 0.58957 0.53648 0.53763 0.52405 0.52421 0.58473 0.52314 0.52194 0.54394 0.54240 0.53315 0.57783 0.52756 0.52597 0.54786 0.54765 0.57094 0.54850 0.54948 0.54219 0.56104 0.58032 0.77362 0.77362 0.56780 0.56359 0.56051 0.56104 0.56171 0.56217 0.56168 0.56162 0.56171 0.56189 0.56217 0.56561 0.56611 0.56673 0.56626 0.56613 0.56606 0.56610
0.65197 0.68914 0.58467 0.56505 0.56332 0.56096 0.55784 0.55468 0.55030 0.57040 0.56472 0.60540 0.60079 0.59658 0.54544 0.59093 0.54162 0.58909 0.58773 0.58646 0.58527 0.58424 0.58328 0.58244 0.58173 0.53482 0.59055 0.53731 0.52371 0.52386 0.52350 0.52268 0.52150 0.54356 0.54207 0.53071 0.52865 0.57508 0.52680 0.54971 0.55004 0.57431 0.55040 0.55048 0.54355 0.56226 0.56870 0.77363 0.77363 0.56461 0.56219 0.56043 0.56092 0.56153 0.56196 0.56168 0.56154 0.56152 0.56159 0.56178 0.56517 0.56564 0.56627 0.56580 0.56566 0.56557 0.56561
0.65394 0.58550 0.58823 0.58977 0.58946 0.58642 0.57956 0.56940 0.55541 0.54029 0.52684 0.54071 0.53457 0.53173 0.53089 0.54340 0.54200 0.58762 0.58626 0.58497 0.58377 0.58275 0.58178 0.58094 0.58023 0.53125 0.58869 0.58945 0.52902 0.52314 0.52278 0.52202 0.52092 0.54312 0.54173 0.52929 0.52850 0.52844 0.52160 0.55290 0.55363 0.57854 0.55326 0.52186 0.52112 0.56635 0.56746 0.77364 0.52618 0.52821 0.56029 0.56039 0.56084 0.56137 0.56177 0.58805 0.58787 0.56148 0.58713 0.59012 0.59045 0.56554 0.59168 0.59087 0.59071 0.59063 0.59050
0.58287 0.58652 0.58940 0.59093 0.59048 0.58717 0.57984 0.56895 0.55399 0.53796 0.50155 0.50044 0.52483 0.52483 0.57926 0.59171 0.59871 0.61348 0.58614 0.58488 0.58370 0.58269 0.58174 0.58091 0.58020 0.53062 0.58787 0.53247 0.52808 0.52820 0.52791 0.52725 0.52629 0.54751 0.54621 0.54486 0.54354 0.54234 0.53378 0.58759 0.58886 0.57712 0.57603 0.52406 0.52222 0.56634 0.52119 0.77364 0.56930 0.52589 0.52092 0.52896 0.53002 0.56125 0.56161 0.56178 0.56218 0.56087 0.59170 0.56398 0.59057 0.56571 0.56645 0.56519 0.56505 0.56499 0.56506
0.58119 0.58488 0.58754 0.64428 0.64349 0.64009 0.57661 0.64327 0.55106 0.53577 0.50459 0.49999 0.56352 0.55816 0.58593 0.60120 0.59933 0.59828 0.57434 0.57486 0.57569 0.58263 0.58168 0.58086 0.58017 0.52983 0.58724 0.53144 0.58423 0.52710 0.52686 0.52632 0.58316 0.54694 0.54587 0.54473 0.54363 0.54260 0.58468 0.58388 0.58484 0.58474 0.58335 0.53009 0.52266 0.55881 0.56028 0.77091 0.77091 0.52294 0.56009 0.56009 0.53895 0.53072 0.53104 0.56173 0.56266 0.56087 0.59170 0.59511 0.59080 0.59144 0.56678 0.59304 0.56794 0.56777 0.56680
0.58809 0.59826 0.66989 0.59962 0.63816 0.63439 0.62750 0.63887 0.62731 0.53395 0.50951 0.56838 0.57036 0.57056 0.58295 0.60183 0.57552 0.57472 0.59878 0.57506 0.57573 0.57668 0.57769 0.57869 0.60549 0.60641 0.60711 0.60766 0.60421 0.57766 0.57752 0.57717 0.57664 0.59651 0.59581 0.59507 0.59432 0.59363 0.59374 0.58622 0.58711 0.58694 0.56563 0.53238 0.52596 0.49572 0.55068 0.77092 0.77092 0.77247 0.58119 0.58341 0.59209 0.54340 0.53976 0.53997 0.57150 0.56928 0.58908 0.59584 0.58007 0.59223 0.56944 0.60364 0.59904 0.57211 0.59724
0.67033 0.67429 0.67429 0.67033 0.59870 0.55101 0.58642 0.63408 0.62911 0.58776 0.77077 0.65207 0.65002 0.57972 0.58526 0.53859 0.58798 0.58915 0.54423 0.57524 0.57572 0.57602 0.57738 0.57818 0.57894 0.60549 0.58019 0.58064 0.57644 0.57658 0.60334 0.60310 0.57593 0.60647 0.60576 0.59500 0.59445 0.59393 0.59418 0.59758 0.60369 0.60332 0.59771 0.56819 0.50759 0.49947 0.49449 0.55068 0.77093 0.77247 0.77247 0.57417 0.58949 0.59196 0.58411 0.58446 0.58908 0.59763 0.59763 0.59735 0.57058 0.59288 0.60098 0.60381 0.60519 0.60519 0.60519
0.57647 0.67033 0.57062 0.57062 0.58206 0.61465 0.58954 0.60448 0.58441 0.58145 0.59604 0.77077 0.77077 0.58756 0.58747 0.58823 0.58937 0.54417 0.54500 0.57573 0.57601 0.57618 0.57620 0.54617 0.59187 0.59189 0.59171 0.60189 0.57538 0.57553 0.57555 0.57545 0.57525 0.60583 0.59527 0.59493 0.59457 0.59422 0.58599 0.59901 0.60368 0.59223 0.60374 0.51905 0.51301 0.50647 0.49970 0.49519 0.56522 0.77248 0.77248 0.77248 0.77248 0.77248 0.77248 0.60785 0.59874 0.59874 0.59764 0.59735 0.56528 0.59327 0.59491 0.59736 0.60519 0.60800 0.60800
