test/test_data/tcaap/monthly_variance_over_all_May__actual_et__2015-01-01_to_2019-12-31__180_by_260__inches.asc
NCOLS        180
NROWS        260
XLLCORNER     476375.000
YLLCORNER    4970875.000
CELLSIZE        100.000
NODATA_VALUE -9999.
[rows 0 to 28 of 260, columns 0 to 66 of 180]
0.72335 0.86219 1.2704 1.2704 0.82278 0.77218 0.77334 0.76272 0.90013 0.79223 0.79597 0.79597 0.79465 0.79465 0.79465 0.77087 0.75729 0.79259 0.82859 0.82859 0.69709 0.68735 0.68735 0.67538 0.81802 0.81802 0.67538 0.67538 0.67006 0.67006 0.67006 0.78702 0.76961 0.76961 0.76961 0.78011 0.78011 0.76961 0.76961 0.76961 0.76961 0.78881 0.81052 0.81052 0.81052 1.2609 1.2609 1.2609 1.2609 0.79800 0.79800 0.79800 0.79800 0.81630 0.81630 0.81630 0.80278 0.80278 0.80278 0.80278 0.80278 0.68759 0.68759 0.68140 0.68140 0.68140 0.68140
0.74187 0.74704 1.2704 1.2704 0.80369 0.79877 0.79877 0.76272 0.90013 0.80022 0.80390 0.79597 0.79597 0.79597 0.79003 0.79597 0.77261 0.78869 0.81610 0.81610 0.83229 0.92091 0.92091 0.94039 0.94039 1.2664 0.67537 0.67006 0.67006 0.79738 0.79738 0.80587 0.80587 0.80508 0.80587 0.80587 0.80587 0.80587 0.80587 0.80587 0.79454 0.79454 0.73128 0.80494 0.81052 1.2609 1.2609 1.2609 1.2609 1.2609 0.79800 0.79800 0.80332 0.80332 0.77517 0.81630 0.80278 0.80278 0.80278 0.80278 0.80278 0.80278 0.77517 0.79972 0.79972 0.79972 0.79972
0.76743 0.74187 1.2704 1.2704 0.79877 0.79877 0.77148 0.79877 0.90938 0.79223 0.79597 0.79597 0.79597 0.79465 0.78525 0.80765 0.78525 0.81578 0.91901 0.79811 0.91901 0.97498 0.97498 0.92091 1.1288 0.95985 0.95985 0.67006 0.78703 0.79738 0.79738 0.80587 0.80587 0.80587 0.80587 0.80587 0.80587 0.80587 0.79408 0.79408 0.79408 0.68605 0.68123 0.74071 0.74071 1.2608 1.2608 1.2608 1.2608 1.2608 0.79991 0.79991 0.79996 0.79996 0.73174 0.80511 0.80278 0.80278 0.80278 0.80278 0.80278 0.80278 0.80278 0.79972 0.79972 0.79972 0.79972
0.76743 0.86219 0.83449 1.2704 1.2704 0.79877 0.79877 0.90938 0.78143 0.79223 0.79597 0.79597 0.79597 0.79597 0.78525 0.82273 0.67712 0.91901 1.2684 1.2684 0.91901 0.97498 0.97498 0.94161 1.1288 0.90259 0.95985 0.80071 0.76905 0.67006 0.80405 0.81687 0.80587 0.80587 0.80587 0.80587 0.80587 0.80587 0.80587 0.79408 0.79408 0.79408 0.68123 0.68123 0.68123 0.68123 0.78436 0.78260 0.73128 0.73128 0.73128 0.68123 0.68275 0.68275 0.80511 0.80511 0.80511 0.79946 0.79946 0.79946 0.79946 0.79946 0.79946 0.79863 0.79863 0.79863 0.79863
0.84886 0.85540 0.83987 1.2704 1.2704 0.79877 0.80869 0.86710 0.79877 0.79223 0.79597 0.79597 0.79597 0.79597 0.79597 0.79465 0.78525 1.2684 1.2684 1.2684 0.91924 0.94161 0.94161 0.96110 0.96110 0.87824 0.77428 0.67006 0.67006 0.67006 0.80405 0.81687 0.80587 0.80587 0.80587 0.80587 0.80587 0.80587 0.80587 0.80587 0.80442 0.79408 0.79940 0.79940 0.81178 0.79991 0.79991 0.73128 0.73128 0.73128 0.73128 0.73128 0.68275 0.68275 0.68275 0.79946 0.79946 0.79946 0.79946 0.79946 0.79946 0.79946 0.79946 0.79863 0.79863 0.77236 0.79863
0.83442 0.85540 0.85540 1.2704 1.2704 1.2704 1.2704 0.79877 0.77148 0.79223 0.79597 0.79597 0.79597 0.79597 0.79597 0.79465 0.78525 1.2684 1.2684 1.2684 0.93980 0.92091 0.92091 0.94039 0.80405 0.79003 0.77428 0.78703 0.67005 0.67005 0.80908 0.79937 0.79408 0.80587 0.80587 0.80587 0.80587 0.80587 0.80587 0.80587 0.80587 0.79408 0.79940 0.79940 0.81178 0.81178 0.79991 0.68646 0.73127 0.68123 0.68123 0.79991 0.79996 0.73174 0.68275 0.79947 0.80511 0.80511 0.81220 0.79947 0.79947 0.79947 0.79947 0.79863 0.79863 0.79863 0.79863
1.0349 0.82065 0.84886 1.2704 1.2704 1.2704 1.2704 1.2704 0.80992 0.79223 0.79597 0.79597 0.79597 0.79597 0.78525 0.78525 1.1562 0.81701 0.91901 0.94119 0.93980 0.92091 0.93502 0.94039 0.94039 0.79003 0.79003 0.79003 0.67536 0.67536 0.78659 0.79408 0.79408 0.80587 0.80587 0.80587 0.80587 0.80587 0.80587 0.80587 0.80587 0.79408 0.80494 0.81021 0.79940 0.81178 0.81178 0.78195 0.78195 0.79991 0.79991 0.79991 0.79996 0.79996 0.78207 0.81059 0.80511 0.80511 0.81220 0.79947 0.79947 0.79947 0.79947 0.79863 0.79863 0.79863 0.79863
0.84309 0.84138 0.84138 1.2704 1.2704 0.98523 1.2704 1.2704 0.80992 0.80992 0.79597 0.79597 0.79597 0.79465 0.78525 0.78525 0.78525 0.75729 0.76758 0.78246 0.67536 0.67536 0.67536 0.67536 0.67536 0.67536 0.67536 0.67536 0.67005 0.67005 0.80405 0.79408 0.79408 0.79455 0.79455 0.80587 0.80587 0.80587 0.80587 0.80587 0.80587 0.79940 0.80494 0.80494 0.81021 0.81091 0.81091 0.77299 0.77299 0.68123 0.79991 0.79991 0.79996 0.79996 0.78207 0.68275 0.79556 0.81220 0.79947 0.79947 0.79947 0.79947 0.81115 0.81115 0.79864 0.79864 0.79864
0.85239 0.83462 0.84138 1.2704 1.2704 0.98523 0.98523 1.2704 0.80992 0.80992 0.81371 0.79597 0.79597 0.79524 0.78525 0.78525 0.78525 0.67711 0.78572 0.78572 0.67536 0.67536 0.67005 0.67005 0.67005 0.77725 0.67536 0.67536 0.67536 0.67536 0.78659 0.79408 0.80442 0.79455 0.79455 0.80587 0.80587 0.80587 0.80587 0.81398 0.80508 0.79940 0.79940 0.80494 0.81021 0.81091 0.79991 0.68122 0.77300 0.68122 0.78195 0.78210 0.79996 0.68275 0.78633 0.68275 0.81131 0.81220 0.79947 0.79947 0.79947 0.79947 0.79864 0.79864 0.79864 0.66928 0.66928
0.85239 0.83462 0.83462 0.82212 1.2694 0.97601 0.97601 1.2694 0.80354 0.80469 0.80731 0.79053 0.79053 0.79053 0.78525 0.79465 0.79597 0.78572 0.78572 0.78572 0.72802 0.67005 0.67005 0.67005 0.67536 0.67536 0.80067 0.67005 0.67005 0.67005 0.78659 0.79408 0.79937 0.80587 0.80587 0.80587 0.80587 0.80587 0.80587 0.80587 0.80587 0.81178 0.79940 0.80494 0.80494 0.79940 0.79991 0.79758 0.77300 0.77300 0.99412 0.99412 0.73174 0.78633 0.78633 0.81802 0.79996 0.81220 0.81220 0.79947 0.79947 0.79947 0.79864 0.79864 0.79864 0.79864 0.79864
0.83462 0.83462 0.83462 0.83462 1.2694 0.97601 0.97601 1.2694 0.84609 0.80701 0.80731 0.79053 0.79053 0.78502 0.79053 0.78017 0.79053 0.79053 0.78061 0.78061 0.78697 0.67335 0.67335 0.66651 0.67335 0.78163 0.80066 0.80066 0.67005 0.67005 0.78659 0.79408 0.79937 0.80587 0.80587 0.80587 0.80587 0.80587 0.80587 0.80587 0.80587 0.81178 0.81178 0.81178 0.79940 0.68122 0.78195 0.79758 0.95711 0.80989 0.80989 0.68122 0.73174 0.81131 0.97738 0.81131 0.81131 0.68274 0.79947 0.79947 0.79947 0.79947 0.79864 0.79864 0.79864 0.79864 0.79864
0.79985 0.79985 0.83462 0.83462 1.2694 0.97601 0.97601 1.2694 1.2694 0.91105 0.79683 0.78017 0.79053 0.79053 0.78017 0.78491 0.79053 0.79053 0.78061 0.78061 0.78697 0.67335 0.67335 0.66651 0.66651 0.67335 0.78162 0.66651 0.66651 0.78652 0.78652 0.78975 0.78975 0.78975 0.80159 0.80159 0.80159 0.80159 0.80587 0.80587 0.80587 0.79991 0.79991 0.79991 0.79991 0.68122 0.68122 0.81091 0.87169 0.68122 0.79940 0.79940 0.80511 0.80511 0.81220 0.81220 0.81220 0.79947 0.79947 0.68274 0.79947 0.79947 0.79864 0.81568 0.82165 0.81137 0.79864
0.83324 0.83324 0.83462 1.0151 0.83462 1.2694 0.97602 1.2694 1.2694 0.91303 0.91303 0.78017 0.78017 0.89240 0.78017 0.78017 0.78942 0.78942 0.78942 0.78061 0.66651 0.66651 0.72102 0.76213 0.76213 0.67335 0.67335 0.66651 0.66651 0.66651 0.78652 0.78975 0.78975 0.78975 0.80159 0.78975 0.78975 0.80024 0.78975 0.80159 0.80159 0.80018 0.80018 0.80018 0.80018 0.68453 0.78632 0.79967 0.81154 0.95762 0.79940 0.79940 0.79947 0.79947 0.81220 0.79821 0.79996 0.79947 0.79947 0.68274 0.68274 0.79947 0.79864 0.79864 0.79864 0.79864 0.79864
0.82212 0.83324 0.83462 0.83462 0.84759 0.83527 1.2695 0.99672 1.2695 0.91303 0.91303 0.91303 0.90366 0.79053 0.79053 0.78017 0.78017 0.78942 0.78017 0.67298 0.71831 0.78697 0.77031 0.66651 0.66651 0.67335 0.67335 0.66651 0.66651 0.78652 0.78976 0.78976 0.78976 0.78976 0.80024 0.79530 0.78976 0.80024 0.78976 0.78976 0.80159 0.80018 0.80018 0.80018 0.80018 0.80018 0.79967 0.79967 0.80538 0.81033 0.68453 0.80942 0.80942 0.79669 1.1111 0.79669 0.79669 0.80942 0.81956 0.79669 0.79669 0.67709 0.66927 0.79864 0.79864 0.79864 0.79864
0.82212 0.82212 0.83324 0.83462 0.84760 0.84760 0.82946 1.2695 1.2695 1.2679 0.90811 0.91303 0.78942 0.78017 0.79053 0.79053 0.78491 0.78017 0.76777 0.78017 0.66651 0.78697 0.78697 0.66651 0.66904 0.67335 0.67335 0.66651 0.66651 0.78652 0.78976 0.78976 0.78976 0.78976 0.78976 0.78976 0.80159 0.80159 0.80159 0.80159 0.80159 0.80018 0.80018 0.80018 0.80018 0.81154 0.81235 0.81235 0.78633 0.68453 0.68453 0.80942 0.80942 1.2565 1.1111 0.80857 0.80250 0.80942 0.80942 0.79669 0.79669 0.79669 0.67118 0.79478 0.79478 0.67118 0.79478
0.82212 0.82212 0.82212 0.83324 0.83462 0.83462 0.83462 0.83462 1.2695 1.2679 1.2679 0.91303 0.91303 0.78017 0.79847 0.99629 0.79053 0.67297 0.77677 0.76777 0.66650 0.78697 0.78697 0.78697 0.77032 0.66961 0.67334 0.67334 0.66650 0.77493 0.77724 0.77724 0.77724 0.78976 0.78976 0.78976 0.79530 0.80160 0.80160 0.80160 0.80160 0.81235 0.81235 0.81235 0.80018 0.68453 0.79968 0.77310 0.77310 0.79968 0.79968 0.80942 0.80942 1.2565 1.1111 1.0039 0.79669 0.80250 0.81956 0.82508 0.79669 0.79669 0.76998 0.67146 0.67183 0.67257 0.81204
0.82212 0.82212 0.82212 0.83324 0.78693 0.78799 0.83462 0.83462 0.83462 1.2679 1.2679 1.2679 0.92271 0.91303 0.78017 0.98446 0.79053 0.79053 0.78793 0.77980 0.78304 0.78697 0.78697 0.78697 0.78697 0.78554 0.66986 0.66978 0.66920 0.79048 0.79328 0.77724 0.77724 0.78976 0.78976 0.78976 0.66177 0.79530 0.79530 0.78976 0.80160 0.81235 0.81235 0.81235 0.68453 0.68453 0.68453 0.68453 0.68453 0.79968 0.81588 0.80942 0.80942 1.2565 1.1111 0.80857 1.2565 0.79669 0.81379 0.79669 0.79669 0.79669 0.79478 0.67131 0.67151 0.72052 0.79478
0.69006 0.69006 0.82212 0.84610 0.78693 0.78799 0.78799 0.83462 0.83462 0.83746 1.2679 1.2679 1.2679 0.92007 0.91303 0.78017 0.79053 0.79053 0.78491 0.71304 0.71830 0.77069 0.78697 0.78697 0.78697 0.71830 0.72087 0.66883 0.66650 0.66650 0.66177 0.66177 0.66177 0.78976 0.78976 0.77724 0.66177 0.78976 0.78976 0.80160 0.80160 0.81235 0.81235 0.80018 0.68452 0.68452 0.78186 0.68452 0.68452 0.79968 0.79968 0.79669 0.79669 1.2565 1.2565 1.2565 1.2565 1.2565 1.2565 1.2565 0.79669 0.79669 0.79478 0.78153 0.67117 0.67117 0.67234
0.82212 0.82212 0.82212 0.83325 0.82212 0.78799 0.78799 0.83462 0.83462 0.83746 0.83746 1.2679 1.2679 1.2679 0.85167 0.89872 0.79053 0.79053 0.78017 0.71830 0.71830 0.71830 0.78697 0.78697 0.66650 0.66650 0.66650 0.66767 0.66793 0.66650 0.66176 0.66176 0.66176 0.78976 0.76432 0.76432 0.66176 0.78976 0.80024 0.80160 0.80160 0.81235 0.81235 0.80018 0.68452 0.68452 0.68452 0.68452 0.79968 0.68452 0.79968 0.79670 0.79670 0.79670 1.2565 1.2565 1.2565 1.2565 1.2565 1.2565 0.80250 0.79670 0.79478 0.79478 0.78153 0.77389 0.77508
0.80871 0.80871 0.82260 0.82260 0.82260 0.84235 0.78856 0.81930 0.76878 0.83746 0.83746 0.83746 1.2679 1.2679 1.2679 1.2679 0.79053 0.78017 0.78017 0.79685 0.79620 0.78697 0.78697 0.78697 0.78697 0.78697 0.77032 0.66650 0.66650 0.80389 0.79530 0.79024 0.79024 0.66176 0.66176 0.66176 0.66176 0.77724 0.78976 0.66176 0.80018 0.80018 0.80018 0.80018 0.73637 0.68452 0.68452 0.68452 0.68452 0.78186 0.79968 0.79670 0.79670 0.80942 0.80942 1.2565 1.2565 1.2565 1.2565 1.2565 0.80250 0.82541 0.82372 0.79478 0.81211 0.80809 0.82447
0.80871 0.80871 0.82260 0.82260 0.82260 0.78856 0.78856 0.78856 0.76998 0.77070 0.77070 0.81427 0.82531 0.90829 1.2677 1.2677 1.2677 0.77761 0.78849 0.79299 0.79685 0.79685 0.78697 0.78697 0.78697 0.78697 0.78697 0.78697 0.78697 0.79685 0.80160 0.79024 0.79024 0.79024 0.79024 0.66176 0.66176 0.80087 0.80160 0.66176 0.68452 0.78186 0.78186 0.80018 0.68452 0.68452 0.68452 0.68452 0.68452 0.80538 0.80538 0.79670 0.79670 0.80791 0.80942 0.80942 0.79670 0.79670 0.81379 0.79670 0.80250 0.81204 0.79478 0.79478 0.81204 0.82376 0.82447
0.80871 0.82184 0.82184 0.82260 0.80871 0.80871 0.78856 0.78856 0.77099 0.77070 0.77070 0.82796 0.81427 0.88443 0.88443 1.2677 1.2677 0.78258 0.78849 0.79299 0.79299 0.79299 0.78242 0.78242 0.78242 0.78242 0.76424 0.76424 0.78242 0.79177 0.79948 0.78793 0.79024 0.79024 0.79024 0.80160 0.80160 0.80160 0.80160 0.78976 0.79968 0.78633 0.78633 0.78186 0.80018 0.80018 0.80018 0.73637 0.68452 0.81235 0.81235 0.79670 0.79670 0.80791 0.80250 0.80250 0.80250 0.79670 0.79670 0.79670 0.81956 0.81803 0.79478 0.76998 0.82376 0.83143 0.83143
0.80871 0.80871 0.80871 0.80871 0.80871 0.80871 0.78856 0.78856 0.77099 0.77070 0.77020 0.83401 0.81427 0.82750 0.90829 1.2677 1.2677 1.2677 0.78849 0.79299 0.79299 0.78860 0.79299 0.78242 0.78242 0.76424 0.76427 0.76424 0.76424 0.79177 0.79815 0.78793 0.78793 0.79948 0.79948 0.79948 0.79948 0.79948 0.78745 0.78745 0.81781 0.80473 0.80473 0.80473 0.80018 0.80018 0.80018 0.79849 0.77311 0.79968 0.81235 0.80791 0.79670 0.80791 0.80942 0.80250 0.80250 0.79670 0.79670 0.79670 0.81956 0.82541 0.67117 0.79478 0.83210 0.83143 0.83143
0.80871 0.80871 0.80871 0.80871 0.80871 0.80871 0.78270 0.78856 0.77099 0.77071 0.77020 0.83402 0.81427 0.82183 0.90829 0.90829 1.2677 1.2677 0.77808 0.78860 0.78860 0.79300 0.78242 0.78860 0.76544 0.76544 0.76424 0.76424 0.66723 0.79235 0.77025 0.79948 0.79948 0.79948 0.79948 0.79948 0.79948 0.78745 0.78745 0.78745 0.81781 0.80473 0.80473 0.80473 0.81833 0.81833 0.81833 0.81833 0.69253 0.81781 0.81781 0.79908 0.81290 0.81290 0.81290 0.81290 0.79670 0.79670 0.79670 0.79670 0.81379 0.81205 0.82541 0.80826 0.79070 1.2559 0.81094
0.67779 0.80871 1.0085 0.80871 0.80871 0.80871 0.78270 0.78856 0.77071 0.77071 0.77020 0.77020 0.76013 0.76013 0.81427 0.90521 1.2677 1.2677 0.78258 0.79300 0.79300 0.79300 0.78242 0.77404 0.77404 0.66723 0.66723 0.66723 0.71004 0.78197 0.78745 0.78745 0.79948 0.79948 0.79948 0.79299 0.78745 0.78745 0.78745 0.78745 0.81781 0.80473 0.80473 0.80473 0.69253 0.82986 0.81833 0.82986 0.80473 0.80018 0.82920 0.81291 0.81291 0.82029 0.81291 0.81290 0.81290 0.81129 0.81554 0.81554 0.81554 0.80295 0.83314 0.83314 0.83314 0.80909 0.80909
0.67778 0.82184 1.0085 0.80871 0.80871 0.80871 0.80871 0.81931 0.77071 0.77071 0.77020 0.77020 0.77071 0.77071 0.80450 0.88443 1.0507 1.2677 0.86184 0.78197 0.79300 0.79300 0.79300 0.71004 0.71004 0.66723 0.66723 0.66726 0.66723 0.78745 0.78745 0.79948 0.79948 0.78745 0.79299 0.79299 0.78745 0.78745 0.78745 0.79948 0.83062 0.80473 0.82465 0.81384 0.69253 0.69253 0.80018 0.82465 0.82986 0.80018 0.81291 0.81291 0.81291 0.81291 0.81129 0.81291 0.81291 0.79908 0.79908 0.81554 0.82927 0.81931 0.81931 1.0490 0.83314 0.81691 1.0580
0.67778 0.67778 1.0085 0.80871 0.80871 0.80871 0.80871 0.80871 0.81919 0.77071 0.76013 0.81427 0.80868 0.76013 0.87025 0.87025 1.0507 1.2677 0.89682 0.90573 0.79177 0.79177 0.79177 0.79300 0.71004 0.71004 0.66723 0.66723 0.66723 0.78745 0.79299 0.79948 0.79948 0.79299 0.79299 0.78745 0.80123 0.67428 0.78745 0.79948 0.83062 0.81833 0.81384 0.81384 0.74868 0.74868 0.74868 0.80018 0.81833 0.83062 0.81291 0.81291 0.81205 0.81291 0.81129 0.80630 0.81129 0.79908 0.79908 0.81554 0.82927 0.83314 0.81931 0.81931 0.81931 0.81931 1.2546
0.67778 0.67778 0.80871 0.80871 0.80871 0.80871 0.80871 0.80871 0.80868 0.78258 0.80868 0.81427 0.80868 0.76013 0.76013 0.88443 0.91082 1.2677 0.85785 0.80064 0.79300 0.79177 0.79177 0.79300 0.71004 0.66723 0.66723 0.71004 0.66723 0.67428 0.67428 0.67428 0.71855 0.77514 0.76633 0.78281 0.78281 0.76633 0.77514 0.79075 0.81342 0.80416 0.78809 0.74867 0.81833 0.81833 0.81833 0.69253 0.81833 0.81833 0.79962 0.79962 0.79962 0.79962 0.77933 0.66895 0.66895 0.79908 0.79908 0.79908 0.81291 0.81984 0.81984 0.83129 0.81984 0.80295 0.80295
0.80871 0.80871 0.67778 0.67778 0.80871 0.80871 0.80871 0.80871 0.80868 0.80868 0.67741 0.82255 0.89981 0.89981 0.77071 0.76500 1.2677 1.2677 0.78258 0.79300 0.79300 0.79300 0.79300 0.79300 0.78242 0.78242 0.78242 0.71004 0.78242 0.78793 0.98754 0.98754 0.85837 0.71855 0.80724 0.78281 0.78281 0.68155 0.78793 0.79075 0.78809 0.69252 0.69252 0.80018 0.81833 0.81342 0.69252 0.69252 0.69252 0.69252 0.66895 0.66895 0.66895 0.72904 0.77956 0.66895 0.66895 0.79908 0.79908 0.79908 0.81291 0.81984 0.81984 1.0324 1.0388 1.0388 0.80295
