test/test_data/tcaap/monthly_mean_over_all_Jan__actual_et__2015-01-01_to_2019-12-31__180_by_260__inches.asc
NCOLS        180
NROWS        260
XLLCORNER     476375.000
YLLCORNER    4970875.000
CELLSIZE        100.000
NODATA_VALUE -9999.
[rows 116 to 144 of 260, columns 67 to 133 of 180]
0.31336 0.30594 0.30672 0.30680 0.30684 0.30683 0.30680 0.30871 0.30871 0.30851 0.30835 0.30819 0.30805 0.30809 0.30811 0.31425 0.31425 0.30790 0.30703 0.30716 0.30724 0.30728 0.31347 0.31381 0.30781 0.30823 0.31557 0.31659 0.31654 0.31681 0.32585 0.32633 0.31674 0.31674 0.31674 0.31674 0.31581 0.31219 0.32160 0.30866 0.30688 0.31231 0.30688 0.30961 0.30810 0.30397 0.30778 0.30778 0.30778 0.31801 0.31642 0.31465 0.31465 0.31465 0.31913 0.31610 0.31823 0.31738 0.31818 0.31913 0.32304 0.32937 0.32249 0.31206 0.31206 0.31206 0.31206
0.30555 0.30579 0.30663 0.30676 0.30683 0.30687 0.30687 0.30872 0.30868 0.30866 0.30864 0.30864 0.30864 0.30864 0.30849 0.31427 0.31427 0.30814 0.30720 0.30728 0.30733 0.30736 0.30742 0.30757 0.30786 0.30824 0.31552 0.31647 0.31647 0.31221 0.31582 0.31676 0.31676 0.31676 0.31676 0.31676 0.31711 0.31221 0.32613 0.32594 0.31574 0.31574 0.31574 0.31232 0.31085 0.30398 0.30780 0.30780 0.30780 0.31802 0.31643 0.31822 0.31822 0.31822 0.31802 0.35519 0.35519 0.31999 0.31999 0.31206 0.30216 0.32947 0.32285 0.31207 0.31207 0.31207 0.31207
0.30535 0.30563 0.30651 0.30670 0.30682 0.30688 0.30689 0.30865 0.30865 0.30865 0.31428 0.30865 0.31428 0.30865 0.30864 0.31399 0.31428 0.30832 0.30734 0.30738 0.30741 0.30743 0.30748 0.30761 0.30784 0.30817 0.31508 0.31588 0.30790 0.30655 0.31563 0.31677 0.31677 0.31677 0.31677 0.31677 0.31584 0.30655 0.35434 0.32407 0.32407 0.31691 0.31691 0.31545 0.31370 0.29547 0.30385 0.30781 0.30781 0.31360 0.35521 0.31803 0.31915 0.31915 0.31886 0.35521 0.35521 0.35521 0.35521 0.30477 0.30218 0.30218 0.32948 0.31209 0.31209 0.31209 0.30411
0.30842 0.30882 0.30963 0.31824 0.31860 0.31679 0.30713 0.30867 0.30867 0.30867 0.31429 0.30867 0.30867 0.30867 0.30867 0.31425 0.30865 0.30845 0.30728 0.30733 0.30740 0.30748 0.30753 0.30763 0.30780 0.30803 0.30827 0.30847 0.30759 0.30656 0.31565 0.31678 0.31678 0.31678 0.31678 0.31678 0.31403 0.31403 0.31678 0.32360 0.31692 0.31692 0.31729 0.31596 0.31596 0.31596 0.30386 0.30782 0.30782 0.31003 0.31917 0.31917 0.31917 0.31917 0.31645 0.32718 0.35522 0.35522 0.35522 0.35522 0.31780 0.30596 0.32950 0.31210 0.31210 0.31210 0.31134
0.31529 0.31586 0.31733 0.31804 0.31854 0.31917 0.31028 0.30788 0.30778 0.30767 0.31347 0.30767 0.30767 0.31346 0.30767 0.30754 0.30855 0.30855 0.30739 0.30744 0.30750 0.30758 0.30758 0.30764 0.30775 0.30789 0.30805 0.30818 0.30723 0.30657 0.30657 0.31224 0.31224 0.31224 0.31224 0.31224 0.31224 0.31224 0.31679 0.31693 0.31693 0.31693 0.31693 0.31693 0.31693 0.31693 0.31693 0.30783 0.30783 0.31918 0.31918 0.31918 0.31918 0.31918 0.31918 0.31918 0.32383 0.35524 0.35524 0.35524 0.30597 0.30597 0.32959 0.32214 0.31280 0.32558 0.32865
0.31500 0.31559 0.31691 0.31780 0.31842 0.31933 0.31038 0.30786 0.30782 0.31348 0.30768 0.30768 0.30768 0.30768 0.30768 0.30768 0.30762 0.30669 0.30655 0.30660 0.30666 0.30673 0.30670 0.30673 0.30679 0.30687 0.30695 0.30703 0.30694 0.30668 0.30659 0.31226 0.30659 0.30659 0.30415 0.30659 0.31226 0.31226 0.31694 0.31694 0.31694 0.31694 0.31694 0.31694 0.31694 0.31694 0.31694 0.31732 0.35451 0.35525 0.35525 0.31919 0.31919 0.31919 0.31005 0.31005 0.31005 0.30625 0.30625 0.31685 0.31139 0.31139 0.31581 0.31520 0.31670 0.32810 0.32866
0.31421 0.31549 0.31643 0.31748 0.31823 0.31934 0.31039 0.30785 0.30782 0.30778 0.30769 0.30769 0.30769 0.30769 0.30769 0.30769 0.30769 0.30673 0.30662 0.30666 0.30672 0.30679 0.30673 0.30675 0.30679 0.30677 0.30678 0.30679 0.30543 0.30543 0.30542 0.30541 0.30541 0.30541 0.30541 0.30594 0.30541 0.31108 0.31165 0.31165 0.31696 0.31696 0.31696 0.31696 0.31696 0.31696 0.31696 0.31733 0.35453 0.31048 0.30904 0.31006 0.30626 0.31006 0.31006 0.31006 0.31006 0.31006 0.31006 0.30361 0.31140 0.30361 0.30361 0.30057 0.30361 0.31888 0.30386
0.31351 0.31486 0.31589 0.31707 0.31792 0.31930 0.31041 0.30781 0.30780 0.30779 0.30770 0.30770 0.30770 0.30770 0.30770 0.30770 0.30770 0.31250 0.31250 0.31250 0.31250 0.30678 0.30678 0.30678 0.30678 0.30678 0.30678 0.30678 0.30542 0.30542 0.30544 0.30551 0.30565 0.29914 0.30597 0.30581 0.30556 0.31109 0.30791 0.31167 0.31167 0.31167 0.31167 0.31167 0.31167 0.31167 0.30791 0.35289 0.30218 0.35305 0.30115 0.30115 0.31008 0.31008 0.31008 0.31008 0.31008 0.31007 0.31007 0.30362 0.30362 0.30362 0.30362 0.30362 0.30362 0.30362 0.30362
0.31295 0.31427 0.31532 0.31655 0.31748 0.31920 0.31031 0.30771 0.30774 0.30778 0.30771 0.30771 0.35404 0.30771 0.30771 0.30768 0.30768 0.31251 0.31251 0.31251 0.31251 0.30680 0.30680 0.30680 0.30680 0.31372 0.30680 0.30680 0.30543 0.30575 0.30573 0.30570 0.30567 0.30565 0.30565 0.30563 0.30550 0.31110 0.30792 0.30792 0.35290 0.35290 0.31215 0.31314 0.31314 0.31314 0.30915 0.30792 0.30688 0.30014 0.29863 0.29683 0.29683 0.29683 0.30117 0.30117 0.30117 0.30117 0.30117 0.30298 0.30298 0.30298 0.30298 0.30298 0.30364 0.30364 0.30364
0.30839 0.31339 0.31473 0.31595 0.31692 0.31758 0.30981 0.30757 0.30764 0.30777 0.30772 0.30769 0.35406 0.30766 0.30768 0.30772 0.30772 0.31253 0.31595 0.31253 0.31595 0.31253 0.30681 0.30681 0.30681 0.30681 0.31253 0.30681 0.30553 0.30593 0.30587 0.30578 0.30570 0.30564 0.30560 0.30552 0.30547 0.31111 0.30793 0.30793 0.35292 0.35292 0.35292 0.31232 0.31315 0.31315 0.30793 0.30793 0.30793 0.30091 0.30014 0.30180 0.30807 0.30807 0.29674 0.30118 0.29684 0.29684 0.30118 0.30299 0.30299 0.30299 0.30299 0.30299 0.30299 0.30299 0.30299
0.30366 0.31293 0.31416 0.31532 0.31629 0.31702 0.30958 0.30738 0.30750 0.30774 0.30769 0.30761 0.30755 0.30755 0.30773 0.30773 0.30773 0.31254 0.31690 0.31722 0.31254 0.31254 0.31254 0.31254 0.31254 0.30682 0.30682 0.31254 0.31113 0.30593 0.30545 0.30545 0.30549 0.30563 0.30557 0.30547 0.30545 0.31113 0.30795 0.30795 0.30795 0.35294 0.35294 0.31136 0.31169 0.31272 0.30917 0.30795 0.30795 0.30181 0.30092 0.30809 0.30809 0.29556 0.29685 0.30119 0.29685 0.29979 0.30119 0.30300 0.30300 0.30300 0.30300 0.30300 0.30300 0.30300 0.30158
0.30340 0.31256 0.31366 0.31473 0.31568 0.31644 0.30691 0.30775 0.30775 0.30775 0.30757 0.30748 0.30743 0.30725 0.30725 0.31355 0.31355 0.31255 0.31255 0.31255 0.31255 0.31255 0.31255 0.31255 0.30683 0.30683 0.30758 0.31467 0.30546 0.30546 0.31114 0.31114 0.31114 0.30563 0.30556 0.30546 0.30546 0.31114 0.30796 0.30796 0.30796 0.30166 0.30127 0.30153 0.30100 0.30402 0.30287 0.30796 0.30810 0.30810 0.30810 0.30810 0.29687 0.29687 0.29687 0.29687 0.29687 0.29687 0.29687 0.29886 0.29886 0.29886 0.30159 0.30159 0.30159 0.30954 0.30954
0.30320 0.31228 0.31325 0.31423 0.31514 0.31591 0.30662 0.30771 0.30776 0.30745 0.30776 0.30776 0.31614 0.31373 0.31593 0.31593 0.31799 0.31693 0.31693 0.31693 0.31256 0.31256 0.31256 0.30634 0.31482 0.31482 0.31823 0.32463 0.31939 0.31565 0.31115 0.31115 0.31115 0.30547 0.31294 0.31293 0.30547 0.31115 0.30797 0.30797 0.30224 0.30147 0.30097 0.30038 0.29977 0.29098 0.28950 0.30600 0.31182 0.31182 0.31182 0.29688 0.29688 0.30121 0.29688 0.30121 0.30121 0.30121 0.30121 0.30302 0.30302 0.30302 0.30216 0.30780 0.30780 0.30780 0.30780
0.30203 0.31143 0.31382 0.31467 0.31698 0.31804 0.30760 0.30741 0.30704 0.31358 0.31658 0.31658 0.31800 0.31594 0.31594 0.31594 0.31594 0.31484 0.31484 0.31484 0.31484 0.30635 0.31322 0.31322 0.31484 0.31484 0.31484 0.32465 0.31567 0.31567 0.31116 0.31116 0.31116 0.30549 0.31304 0.31292 0.31292 0.30549 0.30798 0.30225 0.30206 0.30133 0.30657 0.30537 0.30235 0.28599 0.28976 0.29345 0.29350 0.29350 0.29845 0.30122 0.30122 0.30122 0.30122 0.30122 0.30122 0.30122 0.30122 0.30303 0.30303 0.30026 0.30217 0.30217 0.30303 0.30303 0.29888
0.30697 0.31097 0.31391 0.31471 0.31718 0.31905 0.30532 0.30437 0.29762 0.30823 0.31801 0.31801 0.31801 0.31486 0.31859 0.31859 0.31595 0.31485 0.31485 0.31485 0.31485 0.31485 0.31344 0.31323 0.31485 0.31485 0.31485 0.31568 0.31568 0.31568 0.31118 0.31118 0.31224 0.31118 0.31450 0.31450 0.31118 0.31118 0.30225 0.30220 0.30198 0.30587 0.30795 0.29829 0.30127 0.29684 0.29684 0.29346 0.29351 0.29351 0.30123 0.30123 0.30123 0.30123 0.30033 0.30123 0.30123 0.30123 0.30123 0.30304 0.30304 0.30304 0.30304 0.30304 0.30304 0.30304 0.29889
0.30698 0.31098 0.31355 0.31432 0.31656 0.30850 0.30533 0.30401 0.30718 0.30913 0.31634 0.31634 0.31634 0.31301 0.31301 0.31301 0.31412 0.31318 0.31318 0.31318 0.31318 0.30434 0.31274 0.31486 0.31486 0.31486 0.31486 0.31353 0.31569 0.31569 0.31119 0.31119 0.31225 0.31225 0.31569 0.31470 0.31119 0.31112 0.30214 0.30719 0.30576 0.30462 0.29849 0.29548 0.30128 0.30128 0.29685 0.29347 0.29352 0.30124 0.30124 0.30124 0.30124 0.29691 0.29691 0.30124 0.30124 0.30124 0.30124 0.30306 0.30306 0.30306 0.30306 0.30306 0.30306 0.30306 0.29891
0.30700 0.31134 0.31317 0.31393 0.30716 0.30785 0.30357 0.30181 0.30878 0.30934 0.30934 0.31635 0.31635 0.31635 0.31398 0.31398 0.31760 0.31661 0.31410 0.31410 0.31410 0.31410 0.31319 0.31319 0.31319 0.31319 0.30436 0.29973 0.30671 0.30671 0.30958 0.30671 0.30671 0.30671 0.31120 0.31120 0.31570 0.31108 0.30713 0.30655 0.30134 0.30067 0.30814 0.30938 0.30129 0.29686 0.29686 0.29348 0.29353 0.29994 0.30126 0.30126 0.30035 0.30035 0.29692 0.30126 0.30126 0.30126 0.30126 0.30307 0.30307 0.30331 0.30307 0.30307 0.30307 0.30307 0.30221
0.30701 0.30701 0.30296 0.30422 0.30658 0.31165 0.30747 0.30678 0.30935 0.30935 0.30935 0.31418 0.31636 0.31636 0.31669 0.31669 0.31662 0.31662 0.31662 0.31662 0.31662 0.31662 0.31320 0.31320 0.31320 0.31320 0.30461 0.30019 0.30672 0.30672 0.31057 0.30672 0.30672 0.30672 0.30686 0.30677 0.30957 0.30778 0.30698 0.30643 0.30024 0.30821 0.30926 0.30926 0.30926 0.30721 0.30130 0.29349 0.29354 0.29354 0.29683 0.30127 0.29995 0.29436 0.29362 0.29693 0.29683 0.29810 0.30308 0.30308 0.30308 0.30012 0.29882 0.30308 0.30308 0.30308 0.30183
0.30702 0.30241 0.30241 0.30365 0.30659 0.31173 0.30823 0.30537 0.31602 0.30936 0.30936 0.31419 0.31638 0.31724 0.31755 0.31671 0.31663 0.31663 0.31663 0.31663 0.31663 0.31413 0.31321 0.31321 0.31321 0.31321 0.30461 0.30673 0.30673 0.30673 0.31058 0.31058 0.31058 0.31058 0.31058 0.31058 0.30955 0.30769 0.30691 0.30640 0.30577 0.30509 0.30927 0.30927 0.30927 0.30927 0.29396 0.28566 0.29374 0.29374 0.30015 0.31207 0.31207 0.31207 0.30839 0.31207 0.31100 0.30766 0.31375 0.31202 0.29884 0.29884 0.30309 0.30309 0.30309 0.30309 0.30333
0.30242 0.30242 0.30258 0.30369 0.30679 0.31205 0.30432 0.30538 0.31603 0.31672 0.30937 0.30937 0.30708 0.31756 0.31756 0.31756 0.31571 0.31728 0.31664 0.31664 0.31664 0.31414 0.30439 0.30439 0.31323 0.31323 0.31094 0.30674 0.31059 0.31059 0.31059 0.31059 0.31059 0.31059 0.31059 0.31059 0.30674 0.30756 0.30510 0.30640 0.30559 0.30510 0.30928 0.30928 0.30928 0.30928 0.30510 0.28175 0.29375 0.29375 0.31208 0.31208 0.31208 0.31208 0.31208 0.31208 0.30930 0.31208 0.31310 0.31310 0.31310 0.30249 0.30274 0.30274 0.30274 0.30274 0.35288
0.30247 0.30252 0.30277 0.30409 0.30720 0.31261 0.30485 0.30528 0.31673 0.31673 0.35276 0.30939 0.30939 0.31758 0.31758 0.31758 0.31624 0.31324 0.31586 0.31586 0.31586 0.31324 0.31324 0.31324 0.31324 0.31324 0.31095 0.30676 0.31061 0.31061 0.31061 0.31061 0.31061 0.31061 0.31061 0.31061 0.31061 0.31170 0.30808 0.30929 0.30547 0.30512 0.30929 0.30929 0.30929 0.30929 0.30929 0.31170 0.31209 0.31103 0.31209 0.31209 0.31209 0.31209 0.31209 0.31209 0.30968 0.30968 0.31736 0.31140 0.31355 0.30825 0.30003 0.30003 0.30003 0.30003 0.30251
0.30562 0.30637 0.30684 0.30727 0.30770 0.31328 0.31124 0.31496 0.31580 0.31580 0.35278 0.35278 0.30940 0.31512 0.31580 0.31728 0.31325 0.31325 0.31325 0.31325 0.31325 0.31325 0.31325 0.31325 0.31325 0.31217 0.31342 0.30824 0.30694 0.30824 0.30824 0.31062 0.31062 0.31062 0.31062 0.31062 0.31062 0.31171 0.31171 0.30931 0.30513 0.30513 0.30931 0.30931 0.30931 0.30931 0.31171 0.31171 0.31211 0.31211 0.31211 0.31211 0.31211 0.31211 0.31211 0.30970 0.30970 0.31499 0.31605 0.31605 0.32436 0.32074 0.30826 0.29919 0.29647 0.30004 0.30252
0.30608 0.31314 0.31382 0.31446 0.31503 0.30436 0.31129 0.31388 0.31547 0.31420 0.31420 0.35280 0.31420 0.31513 0.31513 0.31420 0.31326 0.31326 0.31326 0.31326 0.31326 0.31326 0.31326 0.31326 0.31326 0.31344 0.31344 0.30825 0.30825 0.30825 0.30825 0.31063 0.31063 0.31063 0.31063 0.31063 0.31063 0.31173 0.31173 0.30932 0.30932 0.30932 0.30932 0.30932 0.30932 0.30932 0.30932 0.31173 0.31212 0.31212 0.30844 0.31212 0.31212 0.31212 0.31212 0.30971 0.30849 0.30971 0.31772 0.31664 0.32184 0.32437 0.32184 0.29920 0.29648 0.29516 0.30278
0.30614 0.30742 0.30786 0.31515 0.31563 0.30464 0.30487 0.31422 0.31422 0.31422 0.31422 0.31422 0.31202 0.31202 0.31255 0.31422 0.31328 0.31328 0.31328 0.31328 0.35120 0.31328 0.31328 0.31328 0.31328 0.31345 0.30826 0.30826 0.30826 0.30826 0.30826 0.30826 0.31064 0.31064 0.31064 0.31064 0.31064 0.31174 0.31174 0.30933 0.30933 0.30933 0.30933 0.30933 0.30933 0.30933 0.30933 0.30972 0.31213 0.31213 0.30554 0.30867 0.31213 0.30845 0.30972 0.30972 0.30972 0.30972 0.31075 0.31075 0.29506 0.29506 0.29649 0.30006 0.29925 0.30177 0.30279
0.30856 0.30995 0.31043 0.31079 0.30868 0.30480 0.30488 0.30488 0.31423 0.31423 0.31423 0.31423 0.31423 0.31257 0.31771 0.31409 0.31420 0.31420 0.31420 0.31420 0.31420 0.31420 0.31160 0.31420 0.31329 0.31346 0.30828 0.30828 0.30828 0.30828 0.31871 0.31348 0.31348 0.31539 0.31539 0.31539 0.31539 0.31175 0.31175 0.30934 0.30934 0.30934 0.30934 0.30934 0.30934 0.30934 0.30934 0.30973 0.30973 0.30973 0.30973 0.30973 0.30973 0.30555 0.30869 0.30973 0.30973 0.30973 0.31076 0.30675 0.30675 0.30674 0.31248 0.28346 0.29740 0.29934 0.29961
0.30857 0.30998 0.31047 0.31084 0.31129 0.30352 0.30348 0.31242 0.31403 0.31403 0.31403 0.31403 0.31403 0.31493 0.31756 0.31756 0.31669 0.31579 0.31579 0.31487 0.31422 0.31422 0.31422 0.31422 0.31330 0.31347 0.30829 0.30829 0.30829 0.30829 0.31872 0.31350 0.31350 0.31872 0.31540 0.31540 0.31540 0.31176 0.31176 0.31176 0.30935 0.30935 0.30935 0.30935 0.30935 0.30935 0.30935 0.30975 0.30975 0.30975 0.30975 0.30975 0.30975 0.30975 0.30975 0.30975 0.30975 0.30975 0.31078 0.30676 0.30676 0.30676 0.30676 0.27832 0.29519 0.29519 0.29981
0.30854 0.30981 0.31032 0.31070 0.31125 0.30349 0.31191 0.31404 0.31404 0.31404 0.31404 0.31404 0.31404 0.31404 0.31898 0.31898 0.31778 0.31895 0.31895 0.31555 0.31291 0.31398 0.32255 0.31398 0.31324 0.31324 0.31029 0.31029 0.30830 0.30830 0.31351 0.31351 0.31351 0.31874 0.31874 0.31647 0.31647 0.31178 0.31178 0.31178 0.31178 0.31178 0.31178 0.30519 0.30519 0.30937 0.30937 0.30976 0.30976 0.30976 0.30976 0.30976 0.30976 0.30976 0.30976 0.30976 0.30976 0.30976 0.31079 0.30677 0.30677 0.30677 0.30677 0.27833 0.29520 0.29520 0.29982
0.30848 0.30938 0.30991 0.31034 0.31109 0.30344 0.30350 0.31406 0.31406 0.31406 0.31406 0.31406 0.31406 0.31406 0.31900 0.31825 0.31779 0.31779 0.31896 0.31896 0.31465 0.31399 0.31788 0.31753 0.31325 0.31325 0.31030 0.31030 0.31369 0.31030 0.31549 0.31549 0.31549 0.31549 0.31549 0.31690 0.31268 0.31125 0.31125 0.31125 0.31179 0.31179 0.30811 0.30520 0.30520 0.30938 0.30938 0.30977 0.30977 0.30977 0.30977 0.30977 0.30977 0.30559 0.30559 0.30977 0.30977 0.30977 0.31080 0.30678 0.30678 0.30678 0.30678 0.31251 0.28734 0.29521 0.30259
0.30838 0.30864 0.30919 0.30969 0.31067 0.30329 0.30351 0.31407 0.31407 0.30351 0.31407 0.31407 0.31407 0.31407 0.31901 0.31826 0.31781 0.31781 0.31718 0.31897 0.31466 0.31400 0.31790 0.31755 0.31327 0.31327 0.31031 0.31031 0.31031 0.31031 0.31550 0.31550 0.31550 0.31550 0.31031 0.31031 0.31270 0.31126 0.31126 0.31126 0.31126 0.31126 0.30758 0.30886 0.30886 0.30886 0.30886 0.30957 0.30957 0.30957 0.30957 0.30957 0.30978 0.30031 0.30034 0.30978 0.30978 0.30978 0.31081 0.30679 0.30679 0.30679 0.30679 0.29528 0.28720 0.29847 0.30260
