test/test_data/tcaap/monthly_mean_over_all_Jun__actual_et__2015-01-01_to_2019-12-31__180_by_260__inches.asc
NCOLS        180
NROWS        260
XLLCORNER     476375.000
YLLCORNER    4970875.000
CELLSIZE        100.000
NODATA_VALUE -9999.
[rows 0 to 31 of 260, columns 0 to 70 of 180]
3.0259 3.6692 5.9077 5.9077 3.4949 3.2519 3.2523 3.2197 3.8280 3.3574 3.3934 3.3934 3.3922 3.3922 3.3922 3.2252 3.2046 3.4175 3.4704 3.4704 2.8586 2.8473 2.8473 2.8001 3.4338 3.4338 2.8001 2.8001 2.7685 2.7685 2.7685 3.3761 3.3086 3.3086 3.3086 3.3473 3.3473 3.3086 3.3086 3.3086 3.3086 3.3913 3.4684 3.4684 3.4684 5.8683 5.8683 5.8683 5.8683 3.4061 3.4061 3.4061 3.4061 3.5190 3.5190 3.5190 3.4604 3.4604 3.4604 3.4604 3.4604 2.9042 2.9042 2.8864 2.8864 2.8864 2.8864 2.8864 2.8864 2.8864 2.8864
3.0778 3.1046 5.9077 5.9077 3.4159 3.3766 3.3766 3.2197 3.8280 3.3666 3.4057 3.3934 3.3934 3.3934 3.3716 3.3934 3.2454 3.3137 3.4205 3.4205 3.5340 3.9411 3.9411 4.0179 4.0179 5.8855 2.8001 2.7685 2.7685 3.4246 3.4246 3.4693 3.4693 3.4670 3.4693 3.4693 3.4693 3.4693 3.4693 3.4693 3.4148 3.4148 3.0903 3.4901 3.4684 5.8683 5.8683 5.8683 5.8683 5.8683 3.4061 3.4061 3.4636 3.4636 3.3333 3.5190 3.4604 3.4604 3.4604 3.4604 3.4604 3.4604 3.3333 3.4716 3.4716 3.4716 3.4716 3.4716 3.4716 2.8864 2.8864
3.2378 3.0778 5.9077 5.9077 3.3766 3.3766 3.2569 3.3766 3.8665 3.3574 3.3934 3.3934 3.3934 3.3922 3.3420 3.4275 3.3420 3.4573 3.8934 3.3833 3.8934 4.1744 4.1744 3.9411 4.9820 4.0651 4.0651 2.7685 3.3761 3.4246 3.4246 3.4693 3.4693 3.4693 3.4693 3.4693 3.4693 3.4693 3.4120 3.4120 3.4120 2.8401 2.8908 3.1472 3.1472 5.8625 5.8625 5.8625 5.8625 5.8625 3.4677 3.4677 3.4429 3.4429 3.1168 3.4707 3.4604 3.4604 3.4604 3.4604 3.4604 3.4604 3.4604 3.4716 3.4716 3.4716 3.4716 3.4716 3.4716 3.4716 2.8864
3.2378 3.6692 3.5456 5.9077 5.9077 3.3766 3.3766 3.8665 3.3063 3.3574 3.3934 3.3934 3.3934 3.3934 3.3420 3.4926 2.7657 3.8934 5.8930 5.8930 3.8934 4.1744 4.1744 4.0333 4.9820 3.7932 4.0651 3.2684 3.2454 2.7685 3.4381 3.5139 3.4693 3.4693 3.4693 3.4693 3.4693 3.4693 3.4693 3.4120 3.4120 3.4120 2.8908 2.8908 2.8908 2.8908 3.4009 3.3941 3.0903 3.0903 3.0903 2.8908 2.9221 2.9221 3.4707 3.4707 3.4707 3.4401 3.4401 3.4401 3.4401 3.4401 3.4401 3.4625 3.4625 3.4625 3.4625 3.4625 3.4716 3.4716 3.4716
3.6091 3.6523 3.5824 5.9077 5.9077 3.3766 3.4474 3.6639 3.3766 3.3574 3.3934 3.3934 3.3934 3.3934 3.3934 3.3922 3.3420 5.8930 5.8930 5.8930 3.9474 4.0332 4.0332 4.1126 4.1126 3.7032 3.2805 2.7685 2.7685 2.7685 3.4381 3.5139 3.4693 3.4693 3.4693 3.4693 3.4693 3.4693 3.4693 3.4693 3.4648 3.4120 3.4640 3.4640 3.5100 3.4677 3.4677 3.0903 3.0903 3.0903 3.0903 3.0903 2.9221 2.9221 2.9221 3.4401 3.4401 3.4401 3.4401 3.4401 3.4401 3.4401 3.4401 3.4625 3.4625 3.3621 3.4625 3.4625 3.4625 3.4625 3.4625
3.5913 3.6523 3.6523 5.9077 5.9077 5.9077 5.9077 3.3766 3.2569 3.3574 3.3934 3.3934 3.3934 3.3934 3.3934 3.3922 3.3420 5.8930 5.8930 5.8930 3.9863 3.9411 3.9411 4.0178 3.4381 3.3494 3.2805 3.3761 2.7685 2.7685 3.4778 3.4429 3.4120 3.4693 3.4693 3.4693 3.4693 3.4693 3.4693 3.4693 3.4693 3.4120 3.4640 3.4640 3.5100 3.5100 3.4677 2.9237 3.0903 2.8908 2.8908 3.4677 3.4429 3.1168 2.9221 3.4401 3.4707 3.4707 3.5007 3.4401 3.4401 3.4401 3.4401 3.4625 3.4625 3.4625 3.4625 3.4625 3.4625 3.4625 3.4625
4.4004 3.5318 3.6091 5.9077 5.9077 5.9077 5.9077 5.9077 3.4509 3.3574 3.3934 3.3934 3.3934 3.3934 3.3420 3.3420 5.1103 3.4103 3.8934 3.9955 3.9863 3.9411 4.0067 4.0178 4.0178 3.3494 3.3494 3.3494 2.8001 2.8001 3.3703 3.4120 3.4120 3.4693 3.4693 3.4693 3.4693 3.4693 3.4693 3.4693 3.4693 3.4120 3.4901 3.5079 3.4640 3.5100 3.5100 3.3327 3.3327 3.4677 3.4677 3.4677 3.4429 3.4429 3.3296 3.4971 3.4707 3.4707 3.5007 3.4401 3.4401 3.4401 3.4401 3.4625 3.4625 3.4625 3.4625 3.4625 3.4625 3.4625 3.4625
3.5509 3.5920 3.5920 5.9077 5.9077 4.1938 5.9077 5.9077 3.4509 3.4509 3.3934 3.3934 3.3934 3.3922 3.3420 3.3420 3.3420 3.2046 3.2116 3.2704 2.8001 2.8001 2.8001 2.8001 2.8001 2.8001 2.8001 2.8001 2.7685 2.7685 3.4381 3.4120 3.4120 3.4148 3.4148 3.4693 3.4693 3.4693 3.4693 3.4693 3.4693 3.4640 3.4901 3.4901 3.5079 3.5093 3.5093 3.3239 3.3239 2.8908 3.4677 3.4677 3.4429 3.4429 3.3296 2.9221 3.4174 3.5007 3.4401 3.4401 3.4401 3.4401 3.5172 3.5172 3.4625 3.4625 3.4625 3.4625 3.4625 3.4625 3.4625
3.7398 3.6844 3.5920 5.9077 5.9077 4.1938 4.1938 5.9077 3.4509 3.4509 3.4790 3.3934 3.3934 3.3933 3.3420 3.3420 3.3420 2.7657 3.3461 3.3461 2.8001 2.8001 2.7685 2.7685 2.7685 3.3085 2.8001 2.8001 2.8001 2.8001 3.3703 3.4120 3.4648 3.4148 3.4148 3.4693 3.4693 3.4693 3.4693 3.4832 3.4670 3.4640 3.4640 3.4901 3.5079 3.5093 3.4677 2.8908 3.3239 2.8908 3.3327 3.3922 3.4429 2.9221 3.3684 2.9221 3.4993 3.5007 3.4401 3.4401 3.4401 3.4401 3.4625 3.4625 3.4625 2.8783 2.8783 3.4625 3.3621 3.4625 3.3621
3.7398 3.6844 3.6844 3.6082 5.8893 4.2327 4.2327 5.8893 3.5450 3.5485 3.5118 3.4349 3.4349 3.4349 3.3420 3.3922 3.3934 3.3461 3.3461 3.3461 3.0249 2.7685 2.7685 2.7685 2.8001 2.8001 3.2682 2.7685 2.7685 2.7685 3.3703 3.4120 3.4429 3.4693 3.4693 3.4693 3.4693 3.4693 3.4693 3.4693 3.4693 3.5100 3.4640 3.4901 3.4901 3.4640 3.4677 3.4682 3.3239 3.3239 4.3159 4.3159 3.1168 3.3684 3.3684 3.4008 3.4429 3.5007 3.5007 3.4401 3.4401 3.4401 3.4625 3.4625 3.4625 3.4625 3.4625 3.4625 3.4625 3.3621 3.3621
3.6844 3.6844 3.6844 3.6844 5.8893 4.2327 4.2327 5.8893 3.7032 3.5378 3.5118 3.4349 3.4349 3.3614 3.4349 3.3739 3.4349 3.4349 3.3773 3.3773 3.4064 2.8577 2.8577 2.8172 2.8577 3.3070 3.2682 3.2682 2.7685 2.7685 3.3703 3.4120 3.4429 3.4693 3.4693 3.4693 3.4693 3.4693 3.4693 3.4693 3.4693 3.5100 3.5100 3.5100 3.4640 2.8908 3.3327 3.4682 4.1192 3.3773 3.3773 2.8908 3.1168 3.4993 4.1795 3.4993 3.4993 2.9221 3.4401 3.4401 3.4401 3.4401 3.4625 3.4625 3.4625 3.4625 3.4625 3.4625 3.4625 3.4625 3.4625
3.4578 3.4578 3.6844 3.6844 5.8893 4.2327 4.2327 5.8893 5.8893 3.9983 3.4427 3.3739 3.4349 3.4349 3.3739 3.4068 3.4349 3.4349 3.3773 3.3773 3.4064 2.8577 2.8577 2.8172 2.8172 2.8577 3.3069 2.8172 2.8172 3.4029 3.4029 3.4228 3.4228 3.4228 3.4802 3.4802 3.4802 3.4802 3.4693 3.4693 3.4693 3.4677 3.4677 3.4677 3.4677 2.8908 2.8908 3.5093 3.6656 2.8908 3.4640 3.4640 3.4707 3.4707 3.5007 3.5007 3.5007 3.4401 3.4401 2.9220 3.4401 3.4401 3.4625 3.5398 3.5695 3.5304 3.4625 3.4625 3.4625 3.4625 3.5398
3.6783 3.6783 3.6844 4.4113 3.6844 5.8893 4.2327 5.8893 5.8893 3.9712 3.9712 3.3739 3.3739 3.8404 3.3739 3.3739 3.4311 3.4311 3.4311 3.3773 2.8172 2.8172 2.9953 3.2586 3.2586 2.8577 2.8577 2.8172 2.8172 2.8172 3.4029 3.4228 3.4228 3.4228 3.4802 3.4228 3.4228 3.4788 3.4228 3.4802 3.4802 3.4575 3.4575 3.4575 3.4575 2.8972 3.3737 3.4549 3.5060 4.1189 3.4640 3.4640 3.4401 3.4401 3.5007 3.4591 3.4429 3.4401 3.4401 2.9220 2.9220 3.4401 3.4625 3.4625 3.4625 3.4625 3.4625 3.4625 3.4625 3.4625 3.4625
3.6082 3.6783 3.6844 3.6844 3.7417 3.6640 5.8893 4.3275 5.8893 3.9712 3.9712 3.9712 3.9350 3.4349 3.4349 3.3739 3.3739 3.4311 3.3739 2.7849 2.9817 3.4064 3.2764 2.8172 2.8172 2.8577 2.8577 2.8172 2.8172 3.4029 3.4228 3.4228 3.4228 3.4228 3.4788 3.4576 3.4228 3.4788 3.4228 3.4228 3.4802 3.4575 3.4575 3.4575 3.4575 3.4575 3.4549 3.4549 3.4814 3.3677 2.8972 3.5374 3.5374 3.4750 4.9401 3.4750 3.4750 3.5374 3.5818 3.4750 3.4750 2.8816 2.8782 3.4625 3.4625 3.4625 3.4625 3.4625 3.4625 3.4625 3.4625
3.6082 3.6082 3.6783 3.6844 3.7417 3.7417 3.6032 5.8893 5.8893 5.8871 3.9238 3.9712 3.4311 3.3739 3.4349 3.4349 3.4067 3.3739 3.2854 3.3739 2.8172 3.4064 3.4064 2.8172 2.8332 2.8577 2.8577 2.8172 2.8172 3.4029 3.4228 3.4228 3.4228 3.4228 3.4228 3.4228 3.4802 3.4802 3.4802 3.4802 3.4802 3.4575 3.4575 3.4575 3.4575 3.5060 3.5070 3.5070 3.3737 2.8972 2.8972 3.5374 3.5374 5.8505 4.9401 3.5202 3.5050 3.5374 3.5374 3.4750 3.4750 3.4750 2.9169 3.5078 3.5078 2.9169 3.5078 3.5078 3.5078 3.5078 3.5498
3.6082 3.6082 3.6082 3.6783 3.6844 3.6844 3.6844 3.6844 5.8893 5.8871 5.8871 3.9712 3.9712 3.3739 3.4476 4.3205 3.4349 2.7849 3.3475 3.2854 2.8172 3.4064 3.4064 3.4064 3.2764 2.8367 2.8577 2.8577 2.8172 3.3110 3.3339 3.3339 3.3339 3.4228 3.4228 3.4228 3.4576 3.4802 3.4802 3.4802 3.4802 3.5070 3.5070 3.5070 3.4575 2.8972 3.4549 3.3335 3.3335 3.4549 3.4549 3.5374 3.5374 5.8505 4.9401 4.3348 3.4750 3.5050 3.5818 3.6102 3.4750 3.4750 3.4023 2.9182 2.9198 2.9229 3.5844 3.5844 3.6413 3.5844 3.5844
3.6082 3.6082 3.6082 3.6783 3.4631 3.4638 3.6844 3.6844 3.6844 5.8871 5.8871 5.8871 3.9917 3.9712 3.3739 4.2017 3.4349 3.4349 3.3944 3.3597 3.3757 3.4064 3.4064 3.4064 3.4064 3.4153 2.8382 2.8377 2.8342 3.3789 3.4014 3.3339 3.3339 3.4228 3.4228 3.4228 2.8552 3.4576 3.4576 3.4228 3.4802 3.5070 3.5070 3.5070 2.8972 2.8972 2.8972 2.8972 2.8972 3.4549 3.5294 3.5374 3.5374 5.8505 4.9401 3.5202 5.8505 3.4750 3.5530 3.4750 3.4750 3.4750 3.5078 2.9175 2.9184 3.1420 3.5078 3.5078 3.5078 3.5078 3.5078
2.9550 2.9550 3.6082 3.7333 3.4631 3.4638 3.4638 3.6844 3.6844 3.6452 5.8871 5.8871 5.8871 3.9669 3.9712 3.3739 3.4349 3.4349 3.4067 2.9733 2.9817 3.3253 3.4064 3.4064 3.4064 2.9817 2.9946 2.8320 2.8172 2.8172 2.8552 2.8552 2.8552 3.4228 3.4228 3.3339 2.8552 3.4228 3.4228 3.4802 3.4802 3.5070 3.5070 3.4575 2.8972 2.8972 3.3355 2.8972 2.8972 3.4549 3.4549 3.4750 3.4750 5.8505 5.8505 5.8505 5.8505 5.8505 5.8505 5.8505 3.4750 3.4750 3.5078 3.4373 2.9169 2.9169 2.9220 3.4373 3.5078 3.5078 3.5078
3.6082 3.6082 3.6082 3.6783 3.6082 3.4638 3.4638 3.6844 3.6844 3.6452 3.6452 5.8871 5.8871 5.8871 3.6752 3.8868 3.4349 3.4349 3.3739 2.9817 2.9817 2.9817 3.4064 3.4064 2.8172 2.8172 2.8172 2.8247 2.8264 2.8172 2.8552 2.8552 2.8552 3.4228 3.2903 3.2903 2.8552 3.4228 3.4788 3.4802 3.4802 3.5070 3.5070 3.4575 2.8972 2.8972 2.8972 2.8972 3.4549 2.8972 3.4549 3.4750 3.4750 3.4750 5.8505 5.8505 5.8505 5.8505 5.8505 5.8505 3.5050 3.4750 3.5078 3.5078 3.4373 3.4181 3.4229 2.9169 2.9169 3.5078 3.5078
3.5314 3.5314 3.5917 3.5917 3.5917 3.6852 3.4445 3.5975 3.3627 3.6452 3.6452 3.6452 5.8871 5.8871 5.8871 5.8871 3.4349 3.3739 3.3739 3.4524 3.4522 3.4064 3.4064 3.4064 3.4064 3.4064 3.2764 2.8172 2.8172 3.4724 3.4576 3.4263 3.4263 2.8552 2.8552 2.8552 2.8552 3.3339 3.4228 2.8552 3.4575 3.4575 3.4575 3.4575 3.1130 2.8972 2.8972 2.8972 2.8972 3.3355 3.4549 3.4750 3.4750 3.5374 3.5374 5.8505 5.8505 5.8505 5.8505 5.8505 3.5050 3.6461 3.6413 3.5078 3.5731 3.5629 3.6440 3.5870 3.5870 2.9268 2.9310
3.5314 3.5314 3.5917 3.5917 3.5917 3.4445 3.4445 3.4445 3.3523 3.3304 3.3304 3.5380 3.5824 3.9332 5.8850 5.8850 5.8850 3.3691 3.4231 3.4238 3.4524 3.4524 3.4064 3.4064 3.4064 3.4064 3.4064 3.4064 3.4064 3.4524 3.4802 3.4263 3.4263 3.4263 3.4263 2.8552 2.8552 3.4799 3.4802 2.8552 2.8972 3.3355 3.3355 3.4575 2.8972 2.8972 2.8972 2.8972 2.8972 3.4814 3.4814 3.4750 3.4750 3.5329 3.5374 3.5374 3.4750 3.4750 3.5530 3.4750 3.5050 3.5844 3.5078 3.5078 3.5844 3.6260 3.6440 3.6440 3.5870 3.5870 3.4440
3.5314 3.5843 3.5843 3.5917 3.5314 3.5314 3.4445 3.4445 3.3537 3.3304 3.3304 3.5987 3.5380 3.8228 3.8228 5.8850 5.8850 3.3972 3.4231 3.4238 3.4238 3.4238 3.3728 3.3728 3.3728 3.3728 3.2456 3.2456 3.3728 3.4221 3.4576 3.4046 3.4263 3.4263 3.4263 3.4802 3.4802 3.4802 3.4802 3.4228 3.4549 3.3737 3.3737 3.3355 3.4575 3.4575 3.4575 3.1130 2.8972 3.5070 3.5070 3.4750 3.4750 3.5329 3.5050 3.5050 3.5050 3.4750 3.4750 3.4750 3.5818 3.6131 3.5078 3.4023 3.6260 3.6561 3.6561 3.6461 3.6461 3.5106 3.5870
3.5314 3.5314 3.5314 3.5314 3.5314 3.5314 3.4445 3.4445 3.3537 3.3304 3.3301 3.6357 3.5380 3.5963 3.9332 5.8850 5.8850 5.8850 3.4231 3.4238 3.4238 3.3586 3.4238 3.3728 3.3728 3.2456 3.2458 3.2456 3.2456 3.4221 3.4555 3.4046 3.4046 3.4576 3.4576 3.4576 3.4576 3.4576 3.4011 3.4011 3.4579 3.3809 3.3809 3.3809 3.4575 3.4575 3.4575 3.4721 3.3335 3.4549 3.5070 3.5329 3.4750 3.5329 3.5374 3.5050 3.5050 3.4750 3.4750 3.4750 3.5818 3.6461 2.9169 3.5078 3.6579 3.6561 3.6561 3.6461 3.6461 3.5700 3.5106
3.5314 3.5314 3.5314 3.5314 3.5314 3.5314 3.4264 3.4445 3.3537 3.3304 3.3301 3.6357 3.5380 3.5612 3.9332 3.9332 5.8850 5.8850 3.3724 3.3586 3.3586 3.4238 3.3728 3.3586 3.2112 3.2112 3.2456 3.2456 2.7819 3.4234 3.2837 3.4576 3.4576 3.4576 3.4576 3.4576 3.4576 3.4011 3.4011 3.4011 3.4579 3.3809 3.3809 3.3809 3.4602 3.4602 3.4602 3.4602 2.9337 3.4579 3.4579 3.4412 3.4965 3.4965 3.4965 3.4965 3.4750 3.4750 3.4750 3.4750 3.5530 3.5844 3.6461 3.5700 3.4854 5.8424 3.5670 3.6461 3.5844 3.5078 3.5379
2.8718 3.5314 4.3235 3.5314 3.5314 3.5314 3.4264 3.4445 3.3304 3.3304 3.3301 3.3301 3.2883 3.2883 3.5380 3.9031 5.8850 5.8850 3.3972 3.4238 3.4238 3.4238 3.3728 3.2759 3.2759 2.7819 2.7819 2.7819 2.9690 3.3695 3.4011 3.4011 3.4576 3.4576 3.4576 3.4341 3.4011 3.4011 3.4011 3.4011 3.4579 3.3809 3.3809 3.3809 2.9337 3.5079 3.4602 3.5079 3.3809 3.3487 3.5059 3.4965 3.4965 3.5130 3.4965 3.4965 3.4965 3.4921 3.5215 3.5215 3.5215 3.4548 3.5906 3.5906 3.5906 3.4830 3.4830 5.1138 5.8424 5.8424 4.4448
2.8718 3.5843 4.3235 3.5314 3.5314 3.5314 3.5314 3.5975 3.3304 3.3304 3.3301 3.3301 3.3304 3.3304 3.4942 3.8228 4.5703 5.8850 3.7594 3.3695 3.4238 3.4238 3.4238 2.9690 2.9690 2.7819 2.7819 2.7821 2.7819 3.4011 3.4011 3.4576 3.4576 3.4011 3.4341 3.4341 3.4011 3.4011 3.4011 3.4576 3.5089 3.3809 3.4873 3.4375 2.9337 2.9337 3.3487 3.4873 3.5079 3.3487 3.4965 3.4965 3.4965 3.4965 3.4921 3.4965 3.4965 3.4412 3.4412 3.5215 3.5772 3.5344 3.5344 4.5857 3.5906 3.5109 4.6427 4.3218 4.3218 4.1030 4.0921
2.8718 2.8718 4.3235 3.5314 3.5314 3.5314 3.5314 3.5314 3.5697 3.3304 3.2883 3.5380 3.5020 3.2883 3.7499 3.7499 4.5703 5.8850 3.8763 3.9342 3.4221 3.4221 3.4221 3.4238 2.9690 2.9690 2.7819 2.7819 2.7819 3.4011 3.4341 3.4576 3.4576 3.4341 3.4341 3.4011 3.4251 2.7867 3.4011 3.4576 3.5089 3.4602 3.4375 3.4375 3.1209 3.1209 3.1209 3.3487 3.4602 3.5089 3.4965 3.4965 3.4946 3.4965 3.4921 3.4718 3.4921 3.4412 3.4412 3.5215 3.5772 3.5906 3.5344 3.5344 3.5344 3.5344 5.8322 3.3861 3.3861 3.3861 3.3861
2.8718 2.8718 3.5314 3.5314 3.5314 3.5314 3.5314 3.5314 3.5020 3.3972 3.5020 3.5380 3.5020 3.2883 3.2883 3.8228 3.9576 5.8850 3.7290 3.4461 3.4238 3.4221 3.4221 3.4238 2.9690 2.7819 2.7819 2.9690 2.7819 2.7867 2.7867 2.7867 2.9799 3.3074 3.2447 3.3149 3.3149 3.2447 3.3074 3.3924 3.4693 3.4065 3.3396 3.1209 3.4602 3.4602 3.4602 2.9337 3.4602 3.4602 3.4439 3.4439 3.4439 3.4439 3.3387 2.9084 2.9084 3.4412 3.4412 3.4412 3.4965 3.5369 3.5369 3.5862 3.5369 3.4548 3.4548 3.4548 3.3437 3.4548 3.3437
3.5314 3.5314 2.8718 2.8718 3.5314 3.5314 3.5314 3.5314 3.5020 3.5020 2.8719 3.5636 3.8684 3.8684 3.3304 3.3121 5.8850 5.8850 3.3972 3.4238 3.4238 3.4238 3.4238 3.4238 3.3728 3.3728 3.3728 2.9690 3.3728 3.4046 4.2469 4.2469 3.6101 2.9799 3.4753 3.3149 3.3149 2.8305 3.4046 3.3924 3.3396 2.9337 2.9337 3.3487 3.4602 3.4693 2.9337 2.9337 2.9337 2.9337 2.9084 2.9084 2.9084 3.1015 3.3398 2.9084 2.9084 3.4412 3.4412 3.4412 3.4965 3.5369 3.5369 4.5355 4.5132 4.5132 3.4548 3.4548 3.4548 3.4548 3.3437
3.5042 3.5042 3.5314 3.5314 2.8718 2.8718 3.5314 3.5314 3.5020 3.5636 2.8719 3.5636 3.5636 3.6167 3.6979 3.6979 5.8850 5.8850 3.3972 3.4238 3.4238 3.4238 3.4238 3.3586 3.3728 3.3728 3.3728 3.3728 3.3728 3.4046 3.4046 3.4046 3.4046 3.4046 3.3924 3.4046 2.7867 3.4046 3.4046 2.7867 2.9337 2.9337 2.9337 3.4602 3.4602 3.4602 3.3809 3.3809 3.3809 2.9337 2.9084 2.9084 2.9084 3.1017 3.1024 2.9084 2.9084 3.5215 3.4412 3.3322 3.4412 3.5906 3.5886 4.3218 4.5132 4.5132 3.5906 3.4548 3.4548 3.4548 3.4548
3.5042 3.5042 3.5042 3.5042 3.5042 3.5042 2.8363 3.6598 3.6868 3.6263 3.5858 3.5499 3.6103 3.6868 3.6979 3.6979 5.8850 5.8850 3.3996 3.4238 3.4238 3.4238 3.4238 3.3586 3.3728 3.3728 3.3728 2.7819 2.7819 3.2837 3.2837 3.4046 3.4046 3.4046 3.3924 3.4046 3.4046 3.4046 3.4046 3.4046 2.9337 2.9337 3.4602 3.4602 3.4602 3.4602 3.4832 3.4579 3.5089 2.9337 2.9084 2.9084 3.3387 3.1015 3.1015 2.9084 2.9084 3.4412 3.4412 4.2520 4.4939 3.5906 3.5906 3.5906 3.5862 4.5132 3.5906 3.5906 3.5906 3.5906 3.5632
3.5042 3.5042 3.3699 3.3699 3.3699 3.5042 3.0402 2.9553 3.6263 3.6263 3.6263 3.4873 3.4873 3.6868 3.6868 3.6868 5.8750 5.8750 3.3775 3.3775 3.3775 3.3775 3.3240 3.3240 3.3240 3.3739 3.2799 3.2799 2.9690 3.3074 3.3745 3.2837 2.9799 3.4046 3.4046 3.4576 3.4046 3.4571 3.4571 3.5079 3.4602 3.4602 3.4602 3.4602 3.4602 3.4602 3.3487 3.4602 3.4602 3.4693 3.4600 3.3387 3.3387 3.1015 3.1015 3.1015 2.9084 3.4965 3.5772 3.5215 4.6427 3.5906 3.5906 3.5906 3.5886 4.5132 3.5906 3.5906 3.5906 3.5906 3.5906
