test/test_data/tcaap/monthly_mean_over_all_Mar__actual_et__2015-01-01_to_2019-12-31__180_by_260__inches.asc
NCOLS        180
NROWS        260
XLLCORNER     476375.000
YLLCORNER    4970875.000
CELLSIZE        100.000
NODATA_VALUE -9999.
[rows 32 to 63 of 260, columns 0 to 70 of 180]
1.3121 1.3121 1.2699 1.3005 1.3005 1.2801 1.2067 1.0884 1.3593 1.3141 1.1732 1.3129 1.3302 1.3593 1.3742 1.6905 1.6905 1.6905 1.2176 1.2690 1.1086 1.2677 1.2677 1.2677 1.2781 1.2781 1.2781 1.2781 1.1086 1.2647 1.2867 1.2256 1.2256 1.2755 1.4650 1.4182 1.4650 1.4650 1.4714 1.4709 1.4709 1.2903 1.2903 1.2903 1.2903 1.2903 1.2433 1.2903 1.2903 1.3130 1.3155 1.2947 1.2947 1.1942 1.1622 1.2947 1.2947 1.3221 1.3445 1.3162 1.4996 1.5233 1.3447 1.3447 1.3447 1.3261 1.3261 1.3447 1.3447 1.3447 1.3447
1.3122 1.3122 1.3005 1.3005 1.3005 1.2916 1.1895 1.1724 1.3129 1.3344 1.3129 1.3129 1.3593 1.3743 1.3743 1.3450 1.6905 1.2184 1.3523 1.3523 1.4876 1.2967 1.2967 1.2967 1.2988 1.2781 1.2781 1.2781 1.2988 1.2867 1.2867 1.2256 1.2755 1.4651 1.5031 1.4674 1.4674 1.4674 1.4674 1.4732 1.5072 1.5072 1.4704 1.2864 1.2864 1.1359 1.2390 1.1359 1.2441 1.2433 1.2947 1.2947 1.2947 1.2947 1.2947 1.2947 1.2947 1.3221 1.3445 1.3256 1.4996 1.4996 1.3261 1.3083 1.3366 1.3366 1.3024 1.3024 1.3447 1.3447 1.3447
1.2699 1.3122 1.3005 1.3005 1.3005 1.2713 1.2624 1.2410 1.2073 1.3247 1.3678 1.3678 1.3871 1.3743 1.3743 1.6905 1.6905 1.2184 1.3523 1.2690 1.2967 1.2967 1.2967 1.2967 1.2967 1.2988 1.2988 1.2967 1.2776 1.2672 1.4945 1.2929 1.2859 1.5031 1.4674 1.4674 1.5031 1.5031 1.4651 1.4377 1.4732 1.4732 1.4377 1.4243 1.2231 1.4871 1.4454 1.1359 1.1773 1.2390 1.2486 1.2486 1.2938 1.2938 1.2938 1.3175 1.3175 1.3464 1.3464 1.3464 1.3461 1.3367 1.3367 1.3261 1.3168 1.3168 1.3448 1.3448 1.3448 1.3168 1.3168
1.1725 1.3244 1.3005 1.3005 1.3005 1.2713 1.2719 1.3005 1.2073 1.3417 1.3678 1.3578 1.3578 1.3743 1.3743 1.6906 1.6906 1.3213 1.2967 1.2967 1.2967 1.6886 1.6886 1.2967 1.2988 1.2967 1.2967 1.2967 1.2967 1.2755 1.3057 1.3057 1.3639 1.2854 1.3057 1.3057 1.3057 1.3057 1.3057 1.3159 1.2851 1.3727 1.4732 1.4732 1.2231 1.3097 1.4377 1.4732 1.2967 1.3070 1.3152 1.3152 1.2938 1.3245 1.3179 1.3179 1.3179 1.3464 1.3464 1.5179 1.3461 1.3481 1.3038 1.3038 1.3038 1.3261 1.3543 1.3272 1.2334 1.3355 1.3038
1.1559 1.2801 1.3005 1.3005 1.3005 1.2713 1.3029 1.2972 1.2701 1.3593 1.3743 1.3450 1.3578 1.3743 1.3743 1.6906 1.6906 1.3213 1.2967 1.2967 1.2967 1.6886 1.6886 1.6886 1.2988 1.2967 1.2967 1.2967 1.3057 1.2755 1.3057 1.2743 1.3513 1.2855 1.3057 1.3057 1.3057 1.3057 1.3057 1.3159 1.3159 1.3159 1.3159 1.2851 1.2864 1.3159 1.3159 1.2951 1.4580 1.3159 1.3245 1.3271 1.3271 1.3245 1.3180 1.3180 1.3180 1.3464 1.3464 1.5047 1.3462 1.3543 1.3038 1.3123 1.3355 1.3543 1.3543 1.3272 1.2334 1.3355 1.3038
1.2171 1.2916 1.3122 1.2699 1.3005 1.2713 1.3029 1.2994 1.2830 1.3525 1.3525 1.3678 1.3450 1.3743 1.3743 1.6906 1.6906 1.3743 1.2967 1.2967 1.6886 1.6886 1.6886 1.6886 1.3567 1.2678 1.2967 1.3435 1.3747 1.2972 1.2855 1.3639 1.3513 1.3057 1.3057 1.2855 1.3057 1.3057 1.3057 1.3160 1.3160 1.3160 1.3160 1.3160 1.2864 1.3160 1.3160 1.3160 1.3606 1.3180 1.3245 1.3271 1.3271 1.3245 1.3245 1.3180 1.3180 1.3149 1.3149 1.3464 1.3543 1.3543 1.3543 1.3356 1.3543 1.3543 1.4366 1.3543 1.3543 1.3543 1.3414
1.3005 1.2917 1.3122 1.3122 1.3122 1.3122 1.2699 1.3303 1.3303 1.3525 1.3303 1.3678 1.2890 1.3098 1.3578 1.6906 1.6906 1.6906 1.4714 1.2967 1.6887 1.6887 1.2967 1.3435 1.4755 1.3435 1.3435 1.3435 1.3814 1.3513 1.3639 1.3513 1.3057 1.2972 1.2982 1.2900 1.3057 1.3057 1.3057 1.3160 1.3160 1.3160 1.2852 1.2852 1.1359 1.1773 1.3051 1.3240 1.3606 1.4890 1.4932 1.3206 1.3033 1.4491 1.3206 1.3033 1.3206 1.3976 1.3976 1.2832 1.3481 1.3543 1.3462 1.3462 1.3261 1.4366 1.3543 1.3543 1.3543 1.3356 1.3414
1.3005 1.3005 1.3244 1.3122 1.3122 1.2699 1.2699 1.3303 1.3303 1.1941 1.3303 1.3451 1.2890 1.2689 1.3451 1.6907 1.6907 1.6907 1.4609 1.2916 1.3014 1.2967 1.2967 1.2967 1.1942 1.3436 1.2967 1.2967 1.3057 1.3057 1.3513 1.3057 1.3057 1.2972 1.2743 1.3057 1.3057 1.3057 1.3057 1.3160 1.3160 1.3071 1.3071 1.3071 1.2391 1.2777 1.3093 1.3160 1.3071 1.3657 1.4891 1.4891 1.3657 1.3657 1.2926 1.4466 1.2926 1.4448 1.4257 1.4349 1.2965 1.2965 1.2965 1.3237 1.3261 1.3543 1.3543 1.3356 1.3356 1.3356 1.4182
1.3224 1.2788 1.2872 1.3325 1.2788 1.2872 1.2872 1.3341 1.3303 1.1941 1.3526 1.3594 1.3579 1.3451 1.3579 1.6907 1.6907 1.3099 1.3205 1.3205 1.3205 1.2967 1.2967 1.2967 1.2691 1.2967 1.2967 1.2967 1.3057 1.3057 1.3057 1.3057 1.3057 1.2981 1.3057 1.3057 1.3057 1.2743 1.2743 1.3160 1.3160 1.3071 1.3123 1.2852 1.2864 1.3160 1.3160 1.3160 1.2512 1.2926 1.3657 1.3657 1.3246 1.3246 1.3246 1.3246 1.3246 1.3153 1.3465 1.3261 1.3356 1.2965 1.2741 1.4675 1.3261 1.3544 1.3544 1.3544 1.3462 1.3261 1.3224
1.3224 1.3325 1.3325 1.3424 1.2872 1.2872 1.3224 1.3171 1.3341 1.1833 1.3649 1.3649 1.3649 1.3742 1.2835 1.6898 1.6898 1.2884 1.3114 1.3114 1.3205 1.3205 1.3205 1.3205 1.2691 1.2968 1.2968 1.2968 1.2756 1.3058 1.3058 1.3058 1.3058 1.3058 1.3058 1.2756 1.2756 1.2972 1.2972 1.2951 1.4876 1.2956 1.3184 1.2864 1.2864 1.3160 1.3160 1.3160 1.2852 1.2926 1.2926 1.2926 1.3246 1.3246 1.3246 1.3246 1.3246 1.3246 1.3465 1.3465 1.3544 1.3462 1.3371 1.3509 1.4697 1.3509 1.3544 1.3544 1.4375 1.4375 1.3588
1.3325 1.3325 1.3325 1.3224 1.2872 1.3224 1.3224 1.3341 1.1833 1.1833 1.2989 1.3649 1.3649 1.3649 1.3649 1.6898 1.6898 1.6887 1.3114 1.2858 1.3169 1.2858 1.3114 1.3169 1.2858 1.2928 1.2870 1.2630 1.2703 1.2703 1.2998 1.3058 1.3058 1.3058 1.3058 1.2756 1.2756 1.3058 1.2855 1.2952 1.3071 1.3160 1.3160 1.3160 1.2865 1.3160 1.3160 1.3160 1.3098 1.2486 1.3028 1.3246 1.3246 1.3246 1.3246 1.3246 1.3246 1.3246 1.3465 1.3465 1.3544 1.3325 1.3051 1.3273 1.4676 1.4676 1.4725 1.3544 1.4375 1.4375 1.3776
1.3325 1.2872 1.3224 1.3224 1.3224 1.3224 1.3224 1.3341 1.2989 1.2989 1.3341 1.3649 1.3649 1.3649 1.3649 1.6899 1.6899 1.6888 1.3169 1.3115 1.2858 1.3169 1.3169 1.2858 1.2630 1.2630 1.2928 1.2928 1.2998 1.2703 1.2703 1.2703 1.2935 1.2998 1.2690 1.2793 1.1150 1.2998 1.2974 1.3094 1.3186 1.3186 1.3186 1.3160 1.2865 1.3160 1.3160 1.3160 1.3098 1.2486 1.3041 1.3246 1.3246 1.3246 1.3153 1.2926 1.3246 1.3246 1.3465 1.3544 1.3544 1.3325 1.3051 1.3273 1.3273 1.3262 1.3262 1.3544 1.4375 1.4375 1.3415
1.3326 1.3326 1.2789 1.3224 1.3224 1.3224 1.3400 1.3341 1.2989 1.2989 1.3341 1.3650 1.3650 1.3650 1.3650 1.6899 1.6899 1.6888 1.3169 1.3169 1.3169 1.3169 1.3169 1.2858 1.2928 1.2928 1.2928 1.2928 1.2998 1.2703 1.2703 1.2936 1.2597 1.2793 1.2691 1.2793 1.2998 1.2998 1.3094 1.3186 1.3186 1.3186 1.3186 1.3094 1.1358 1.3186 1.3186 1.3186 1.3121 1.3116 1.3308 1.3308 1.3308 1.3308 1.3001 1.6839 1.6839 1.2926 1.3150 1.3544 1.3544 1.3140 1.3264 1.3273 1.3544 1.3262 1.3357 1.3544 1.4524 1.3463 1.3496
1.3224 1.3224 1.3224 1.3224 1.3326 1.3224 1.3509 1.3474 1.1833 1.1833 1.2989 1.3650 1.3650 1.3650 1.3469 1.6899 1.6899 1.6888 1.3170 1.3170 1.3170 1.3170 1.3170 1.2858 1.3170 1.2735 1.2735 1.2929 1.2703 1.2703 1.2703 1.2311 1.2311 1.2691 1.2998 1.2998 1.2998 1.2998 1.3186 1.3186 1.3186 1.3186 1.3186 1.3095 1.1775 1.2991 1.3186 1.3186 1.1358 1.3002 1.3002 1.3308 1.3002 1.3002 1.3220 1.6759 1.6759 1.3173 1.3410 1.3492 1.3272 1.3272 1.2695 1.3220 1.3492 1.3492 1.3303 1.4369 1.4369 1.3357 1.6856
1.3225 1.3225 1.3225 1.3225 1.1763 1.1763 1.3065 1.3474 1.1833 1.1833 1.3341 1.3650 1.3650 1.3341 1.6899 1.6899 1.6899 1.6889 1.3170 1.3170 1.3170 1.3170 1.3170 1.3170 1.2929 1.2735 1.2735 1.2735 1.2998 1.2703 1.1532 1.2793 1.2691 1.2998 1.2998 1.2998 1.2998 1.2998 1.3186 1.3186 1.3186 1.3186 1.2867 1.1358 1.1358 1.2879 1.3186 1.3186 1.2521 1.1655 1.2703 1.2703 1.3002 1.3220 1.3220 1.3002 1.3002 1.3349 1.3443 1.3492 1.3272 1.3212 1.2577 1.2809 1.3492 1.3492 1.3209 1.4147 1.4317 1.3492 1.6849
1.2984 1.3225 1.3225 1.3225 1.1763 1.1763 1.2890 1.3474 1.1833 1.1833 1.3342 1.3650 1.3650 1.6900 1.6900 1.6900 1.6900 1.6889 1.3680 1.3170 1.3170 1.3170 1.3170 1.3170 1.2929 1.2617 1.2736 1.2736 1.2999 1.2703 1.2593 1.2999 1.2999 1.2703 1.2703 1.2703 1.2703 1.2703 1.2879 1.3186 1.3186 1.3186 1.2867 1.1358 1.1358 1.2879 1.3186 1.2518 1.1358 1.3002 1.3002 1.3002 1.3002 1.4220 1.4415 1.3222 1.3222 1.3222 1.3524 1.3492 1.3492 1.3212 1.2695 1.1952 1.3220 1.2809 1.4147 1.4147 1.4147 1.3492 1.3481
1.3009 1.2462 1.1763 1.3225 1.2894 1.3035 1.2805 1.2990 1.2990 1.2990 1.3342 1.3650 1.3650 1.6900 1.6900 1.4797 1.6900 1.6889 1.3170 1.3170 1.3170 1.3170 1.3170 1.3170 1.2929 1.2929 1.2617 1.2999 1.2999 1.2704 1.2936 1.2999 1.2999 1.2704 1.2704 1.2704 1.2704 1.2704 1.2879 1.3187 1.3187 1.3187 1.2867 1.1358 1.2879 1.2879 1.2879 1.1775 1.2817 1.4221 1.4221 1.4415 1.4415 1.4415 1.4415 1.4415 1.4415 1.4415 1.4339 1.3492 1.3492 1.3212 1.3435 1.2995 1.4356 1.4356 1.4297 1.4297 1.4324 1.4147 1.3910
1.2801 1.3010 1.1737 1.2895 1.1763 1.3330 1.2806 1.2990 1.2990 1.3342 1.3342 1.3650 1.3650 1.6900 1.4797 1.4797 1.6900 1.6889 1.2846 1.3170 1.3170 1.3170 1.2859 1.3170 1.2929 1.2929 1.2929 1.2999 1.2999 1.1151 1.1151 1.2999 1.2999 1.2704 1.2704 1.2704 1.2704 1.2704 1.2880 1.3187 1.3187 1.2867 1.1358 1.1358 1.2880 1.2880 1.1358 1.2631 1.3858 1.4415 1.4415 1.4415 1.4415 1.4415 1.4415 1.4415 1.4415 1.4415 1.6760 1.3492 1.3431 1.3273 1.4379 1.3821 1.6772 1.4376 1.4376 1.4297 1.4324 1.4340 1.4340
1.2242 1.2987 1.3073 1.3225 1.3225 1.3225 1.3172 1.3240 1.3469 1.2986 1.3651 1.3651 1.6901 1.6901 1.4797 1.4797 1.6901 1.3222 1.3170 1.3170 1.3170 1.2859 1.2859 1.3170 1.3170 1.2929 1.2929 1.2999 1.2936 1.1532 1.2704 1.2999 1.2999 1.2704 1.2704 1.2704 1.2704 1.2704 1.2880 1.3122 1.2975 1.6858 1.2418 1.2631 1.1358 1.2880 1.2631 1.2818 1.3351 1.4415 1.4415 1.4326 1.4415 1.4415 1.4415 1.4415 1.4415 1.4415 1.4339 1.4324 1.3273 1.3273 1.4324 1.6772 1.4239 1.4376 1.4317 1.4324 1.4324 1.4340 1.4340
1.2242 1.2898 1.2898 1.3123 1.3123 1.3236 1.3111 1.2687 1.2314 1.3423 1.2820 1.3594 1.6907 1.4798 1.4798 1.4798 1.6901 1.6890 1.3391 1.2859 1.2859 1.2859 1.2859 1.2859 1.2859 1.2871 1.2871 1.2999 1.2999 1.2598 1.2794 1.2999 1.2999 1.2704 1.2704 1.2704 1.2704 1.2704 1.2880 1.3122 1.6858 1.6858 1.6858 1.6858 1.2631 1.4818 1.6858 1.4355 1.4416 1.4416 1.4416 1.4416 1.4416 1.4416 1.4416 1.4416 1.4416 1.4416 1.4339 1.4325 1.4325 1.6772 1.4239 1.4325 1.4356 1.4433 1.4433 1.4403 1.4325 1.4340 1.4340
1.2801 1.2801 1.2386 1.3123 1.3123 1.3123 1.3111 1.2687 1.2687 1.2925 1.2701 1.3595 1.6907 1.4770 1.4770 1.4770 1.6907 1.6869 1.2041 1.2870 1.2870 1.2870 1.2870 1.2870 1.2870 1.3171 1.2929 1.2999 1.2999 1.2312 1.2794 1.2999 1.2999 1.2704 1.2704 1.2704 1.2704 1.2704 1.2880 1.6858 1.6858 1.6858 1.6858 1.6858 1.6858 1.6858 1.6858 1.4355 1.4416 1.4416 1.4416 1.4416 1.4416 1.4416 1.4416 1.4416 1.4416 1.4416 1.4339 1.4325 1.4325 1.4239 1.4325 1.4325 1.4356 1.4433 1.4377 1.4239 1.4325 1.4341 1.4341
1.2801 1.2801 1.2924 1.3123 1.3236 1.3123 1.3111 1.3111 1.3111 1.3015 1.2701 1.3595 1.6908 1.4771 1.4771 1.4771 1.6908 1.4730 1.3649 1.3135 1.3135 1.3131 1.2870 1.3131 1.3131 1.3194 1.3194 1.3263 1.3029 1.2609 1.3029 1.3029 1.3029 1.2719 1.2719 1.2719 1.2719 1.2704 1.3122 1.6859 1.6859 1.6859 1.6859 1.2825 1.6859 1.6859 1.5130 1.5130 1.4416 1.4327 1.4416 1.4416 1.4416 1.4416 1.4416 1.4416 1.4416 1.4416 1.4340 1.4325 1.4325 1.4239 1.4403 1.4325 1.4325 1.4325 1.4239 1.4325 1.4325 1.4341 1.4341
1.2107 1.3135 1.2713 1.1658 1.3123 1.1658 1.2687 1.2797 1.3236 1.3019 1.2245 1.3595 1.6908 1.6908 1.4771 1.4771 1.6870 1.6870 1.6870 1.3135 1.3135 1.2871 1.2871 1.2871 1.2871 1.3194 1.3194 1.2940 1.3263 1.2961 1.3029 1.3029 1.3029 1.2719 1.2719 1.2719 1.2719 1.2883 1.3128 1.6828 1.6828 1.6828 1.6828 1.6828 1.6828 1.4252 1.4443 1.4222 1.4374 1.4416 1.3858 1.3498 1.3352 1.4416 1.4416 1.4416 1.4416 1.4416 1.4340 1.4325 1.4325 1.4239 1.4230 1.3822 1.4325 1.4325 1.4325 1.4325 1.4325 1.4341 1.4341
1.2107 1.1164 1.2714 1.2714 1.2702 1.3124 1.2797 1.2797 1.2687 1.1703 1.1703 1.3297 1.6908 1.6908 1.4771 1.4771 1.6870 1.4573 1.3039 1.3136 1.3136 1.2871 1.2871 1.2871 1.2871 1.3194 1.3194 1.3263 1.3263 1.2961 1.3030 1.3030 1.3030 1.3030 1.3030 1.3055 1.3030 1.3194 1.3194 1.6829 1.6829 1.6829 1.6829 1.6829 1.6829 1.3924 1.4308 1.4222 1.4374 1.4374 1.3902 1.4374 1.4374 1.4374 1.4374 1.4374 1.4374 1.4374 1.4334 1.4334 1.4334 1.4325 1.4325 1.4253 1.6774 1.6774 1.4325 1.4325 1.4325 1.4341 1.4341
1.2714 1.1614 1.2714 1.2714 1.2924 1.3124 1.3111 1.2687 1.3111 1.1703 1.2424 1.3015 1.3015 1.6909 1.4771 1.6909 1.6870 1.6870 1.3136 1.3136 1.2871 1.2871 1.2871 1.2871 1.2871 1.3195 1.3195 1.3264 1.3264 1.2962 1.3030 1.3030 1.3030 1.2706 1.3030 1.2380 1.2706 1.2870 1.2870 1.6829 1.6829 1.6829 1.2622 1.6829 1.6829 1.4288 1.4222 1.4222 1.4374 1.3902 1.3902 1.3902 1.3902 1.4374 1.4374 1.4374 1.4374 1.4374 1.4335 1.4366 1.4335 1.4335 1.4335 1.4335 1.4335 1.6734 1.4335 1.4335 1.4335 1.4363 1.4363
1.2714 1.1164 1.2714 1.2714 1.2714 1.2386 1.2318 1.2687 1.2760 1.1911 1.1911 1.3015 1.3015 1.6909 1.6909 1.6909 1.6870 1.3280 1.3136 1.3136 1.2871 1.2871 1.2871 1.2871 1.2871 1.3195 1.3195 1.3264 1.3264 1.3030 1.3030 1.3030 1.3030 1.3030 1.3030 1.3030 1.3030 1.2980 1.3194 1.3194 1.3194 1.6829 1.6829 1.6829 1.4125 1.4240 1.4225 1.4342 1.4375 1.3903 1.3903 1.3903 1.3903 1.4375 1.4089 1.5320 1.4272 1.4375 1.4441 1.4441 1.4335 1.4335 1.4335 1.4335 1.3863 1.4335 1.4263 1.4258 1.4335 1.4363 1.4363
1.2281 1.2988 1.2988 1.2988 1.2714 1.2988 1.3015 1.2661 1.2536 1.1911 1.2208 1.2816 1.2952 1.3015 1.6909 1.6909 1.3208 1.3136 1.3136 1.3132 1.3132 1.3132 1.2871 1.2871 1.2871 1.3195 1.3195 1.3264 1.2928 1.2706 1.2965 1.3030 1.3030 1.3030 1.3030 1.3030 1.3030 1.3194 1.3194 1.3194 1.3194 1.6829 1.2533 1.3906 1.4081 1.4197 1.4391 1.4342 1.4375 1.3903 1.3903 1.3903 1.3903 1.4375 1.4347 1.5320 1.4909 1.4272 1.4410 1.3953 1.4335 1.4335 1.4242 1.4242 1.3428 1.4242 1.3924 1.4013 1.4410 1.4364 1.4364
1.2290 1.2899 1.2988 1.2988 1.2988 1.2988 1.3015 1.2586 1.2536 1.1911 1.2141 1.2252 1.3015 1.3015 1.6909 1.6909 1.3212 1.3136 1.2871 1.3132 1.3132 1.3132 1.2871 1.2871 1.2871 1.2871 1.1757 1.1533 1.1263 1.1263 1.3030 1.3030 1.3030 1.3030 1.3030 1.3030 1.3030 1.3195 1.3195 1.3195 1.2781 1.1951 1.2527 1.3889 1.4058 1.4171 1.4377 1.4357 1.4375 1.4375 1.4375 1.4375 1.4375 1.4375 1.4089 1.4089 1.4089 1.4015 1.4411 1.3931 1.4335 1.4242 1.4900 1.4242 1.4066 1.3924 1.3181 1.3181 1.4221 1.4364 1.4364
1.2316 1.2899 1.2988 1.2988 1.2988 1.3016 1.3016 1.2586 1.2536 1.2532 1.2165 1.1706 1.3101 1.2688 1.6910 1.6910 1.3218 1.2871 1.2871 1.3132 1.3132 1.3132 1.2871 1.2871 1.2871 1.2871 1.1874 1.1839 1.1263 1.1263 1.3030 1.3030 1.3030 1.3030 1.3030 1.3030 1.3030 1.3195 1.3195 1.2883 1.1371 1.1628 1.3465 1.3890 1.4150 1.4264 1.4275 1.4243 1.4272 1.4375 1.4375 1.4375 1.4375 1.4015 1.4015 1.3841 1.3841 1.4015 1.4157 1.3931 1.3931 1.4319 1.4335 1.4335 1.4243 1.4893 1.3181 1.3181 1.4335 1.4364 1.4364
1.1758 1.1688 1.2231 1.2231 1.2231 1.2204 1.2204 1.1547 1.2181 1.1911 1.1781 1.1904 1.1671 1.1870 1.1989 1.1979 1.3218 1.2871 1.2871 1.2871 1.3132 1.3132 1.2871 1.2871 1.2871 1.2871 1.1855 1.1450 1.1263 1.2720 1.3030 1.3030 1.3030 1.2720 1.2720 1.2962 1.2962 1.2883 1.2883 1.2883 1.1371 1.1724 1.2200 1.3685 1.6830 1.3326 1.3228 1.4272 1.4272 1.4375 1.4375 1.4015 1.4015 1.4015 1.4015 1.4015 1.3841 1.4015 1.4065 1.4065 1.4411 1.4411 1.4411 1.4335 1.4335 1.4411 1.4411 1.4335 1.4364 1.4364 1.4364
1.1737 1.1681 1.2231 1.2918 1.2918 1.2882 1.2882 1.2204 1.2772 1.2204 1.1806 1.1936 1.1839 1.2050 1.6890 1.6890 1.2890 1.2890 1.2890 1.2871 1.2871 1.2871 1.2871 1.2871 1.2871 1.2871 1.1533 1.1263 1.2720 1.2720 1.2720 1.2720 1.2720 1.2720 1.2720 1.2720 1.2720 1.2884 1.2884 1.1371 1.1371 1.1839 1.2388 1.4043 1.4260 1.3702 1.3214 1.4286 1.4376 1.4376 1.4376 1.4015 1.4015 1.4015 1.4015 1.4015 1.4015 1.4015 1.4065 1.4065 1.4065 1.4411 1.4470 1.4264 1.4336 1.4336 1.4336 1.4336 1.4364 1.4364 1.6836
1.1652 1.2585 1.3007 1.3007 1.2703 1.2971 1.2971 1.2670 1.2670 1.2971 1.1203 1.1522 1.4503 1.6891 1.6891 1.6891 1.2890 1.2890 1.2890 1.2890 1.2890 1.2890 1.2890 1.2890 1.2890 1.3164 1.3306 1.2966 1.1324 1.2757 1.3088 1.2966 1.2720 1.3031 1.3031 1.3031 1.2720 1.2884 1.2412 1.1432 1.1590 1.1951 1.2431 1.2760 1.4343 1.4343 1.4343 1.4280 1.3394 1.4376 1.4376 1.3836 1.6703 1.6703 1.4015 1.4015 1.4015 1.4015 1.4066 1.4066 1.4066 1.3874 1.4102 1.4102 1.3864 1.3864 1.3864 1.4336 1.4364 1.4364 1.6836
