test/test_data/tcaap/monthly_variance_over_all_Feb__actual_et__2015-01-01_to_2019-12-31__180_by_260__inches.asc
NCOLS        180
NROWS        260
XLLCORNER     476375.000
YLLCORNER    4970875.000
CELLSIZE        100.000
NODATA_VALUE -9999.
[rows 145 to 173 of 260, columns 67 to 133 of 180]
0.12291 0.12256 0.12287 0.12323 0.12361 0.12533 0.12193 0.12791 0.12791 0.12791 0.12791 0.12791 0.12791 0.13046 0.13064 0.12984 0.12984 0.12984 0.12984 0.12984 0.12800 0.12800 0.12971 0.12971 0.12430 0.12430 0.12311 0.12600 0.12600 0.12600 0.12853 0.12853 0.12853 0.12853 0.12600 0.12600 0.12585 0.12701 0.12701 0.12701 0.12701 0.12701 0.12701 0.12585 0.12585 0.12585 0.12585 0.12642 0.12642 0.12642 0.12570 0.12642 0.12642 0.12088 0.12365 0.12642 0.12642 0.12662 0.12662 0.12385 0.12385 0.12385 0.12385 0.12385 0.11183 0.12021 0.12273
0.12427 0.12165 0.12206 0.12256 0.12307 0.12481 0.12194 0.12194 0.12791 0.12791 0.12791 0.12791 0.13047 0.13047 0.13064 0.12984 0.12957 0.12984 0.12984 0.12984 0.12226 0.12189 0.12972 0.12972 0.12752 0.12431 0.12311 0.12600 0.12600 0.12600 0.12853 0.12853 0.12853 0.12853 0.12600 0.12600 0.12586 0.12586 0.12586 0.12586 0.12701 0.12701 0.12586 0.12586 0.12586 0.12586 0.12586 0.12555 0.12571 0.12571 0.12366 0.12366 0.12465 0.12088 0.12430 0.12571 0.12571 0.12662 0.12662 0.12385 0.12385 0.12385 0.12385 0.11630 0.11185 0.11185 0.14251
0.12241 0.12213 0.12107 0.12170 0.12254 0.12020 0.12194 0.12194 0.12791 0.12791 0.12791 0.12791 0.13047 0.13047 0.13064 0.12985 0.12985 0.12985 0.12985 0.12984 0.12190 0.12431 0.12972 0.12972 0.12431 0.12431 0.12311 0.12600 0.12600 0.12526 0.12853 0.13102 0.13102 0.12853 0.12526 0.12600 0.12504 0.12058 0.12063 0.12586 0.12586 0.12586 0.12586 0.12586 0.12586 0.12586 0.12311 0.12555 0.12366 0.12366 0.12366 0.12366 0.12091 0.12111 0.12694 0.12919 0.12571 0.12662 0.12386 0.12386 0.12386 0.12386 0.12386 0.12386 0.11852 0.11819 0.12662
0.12351 0.12255 0.12042 0.12103 0.12204 0.11986 0.12068 0.12194 0.12194 0.12194 0.12673 0.12865 0.12961 0.12961 0.13015 0.12957 0.12985 0.12985 0.12916 0.12916 0.12499 0.12431 0.12973 0.12973 0.12973 0.12973 0.12854 0.12854 0.12854 0.12854 0.12416 0.12113 0.12540 0.12416 0.12854 0.12028 0.12049 0.12049 0.12419 0.12411 0.12411 0.12515 0.12586 0.12586 0.12586 0.12311 0.12311 0.12466 0.12466 0.12560 0.12571 0.12571 0.12091 0.12395 0.12366 0.12366 0.12642 0.12663 0.12663 0.12663 0.12663 0.12663 0.12663 0.12663 0.12663 0.12663 0.12663
0.12255 0.12255 0.11620 0.11840 0.11840 0.11792 0.12011 0.12135 0.12194 0.12200 0.12706 0.12734 0.12961 0.12737 0.12858 0.12791 0.12958 0.12985 0.12916 0.12916 0.12432 0.12432 0.12973 0.12973 0.12973 0.12973 0.12854 0.12854 0.12854 0.12854 0.12811 0.12811 0.12401 0.12416 0.12811 0.12824 0.12504 0.12504 0.12411 0.12504 0.12587 0.12587 0.12587 0.12587 0.12587 0.12587 0.12587 0.12466 0.12466 0.12560 0.12643 0.12643 0.12643 0.12643 0.12643 0.12643 0.12643 0.12663 0.12663 0.12663 0.12580 0.12581 0.12584 0.12580 0.12663 0.12663 0.12761
0.12507 0.12298 0.11841 0.11620 0.11293 0.11531 0.11958 0.12101 0.12195 0.12195 0.12693 0.12694 0.12596 0.12792 0.12792 0.12740 0.12904 0.12979 0.12979 0.12754 0.12432 0.12432 0.12973 0.12973 0.12973 0.12973 0.12854 0.12854 0.12854 0.12854 0.12854 0.12854 0.12854 0.12812 0.12812 0.12816 0.12807 0.12807 0.12312 0.12587 0.12587 0.12587 0.12587 0.12587 0.12587 0.12587 0.12587 0.12643 0.12560 0.12643 0.12643 0.12643 0.12643 0.12643 0.12367 0.12643 0.12643 0.12663 0.12663 0.12663 0.12580 0.12576 0.12580 0.12663 0.12663 0.12663 0.12712
0.12818 0.12621 0.12141 0.12080 0.11594 0.11707 0.12265 0.12320 0.12441 0.12441 0.12674 0.12658 0.12658 0.12792 0.12792 0.12741 0.12741 0.12741 0.12810 0.12810 0.12754 0.12432 0.12432 0.12974 0.12974 0.12855 0.12313 0.12313 0.12855 0.12855 0.12855 0.12855 0.12855 0.12855 0.12855 0.12812 0.12807 0.12848 0.12587 0.12587 0.12587 0.12587 0.12587 0.12587 0.12587 0.12312 0.12643 0.12643 0.12643 0.12643 0.12643 0.12643 0.12643 0.12643 0.12643 0.12643 0.12643 0.12664 0.12664 0.12664 0.12664 0.12664 0.12664 0.12664 0.12664 0.12712 0.12712
0.12759 0.12258 0.12200 0.12130 0.11637 0.11945 0.12247 0.12300 0.12441 0.12441 0.12441 0.12441 0.12441 0.12441 0.13010 0.12791 0.12791 0.12791 0.12791 0.12791 0.12791 0.12177 0.11299 0.11299 0.11595 0.12313 0.12029 0.12029 0.12313 0.12313 0.12313 0.12855 0.12855 0.12855 0.12029 0.12029 0.12312 0.12312 0.12587 0.12587 0.12587 0.12587 0.12587 0.12587 0.12312 0.12312 0.12367 0.12644 0.12644 0.12644 0.12678 0.12678 0.12644 0.12644 0.12644 0.12644 0.12644 0.12664 0.12664 0.12664 0.12664 0.12664 0.12523 0.12523 0.11657 0.12712 0.12712
0.12054 0.12300 0.12271 0.12289 0.12133 0.12181 0.12230 0.12279 0.12441 0.12441 0.12441 0.12441 0.12441 0.12441 0.13011 0.12791 0.12791 0.12791 0.12791 0.12791 0.12791 0.12177 0.11350 0.11350 0.11811 0.11894 0.12141 0.12391 0.12931 0.12391 0.12391 0.12931 0.12931 0.12931 0.12030 0.12030 0.12313 0.12313 0.12588 0.12588 0.12588 0.12588 0.12588 0.12588 0.12588 0.12588 0.12368 0.12644 0.12678 0.12678 0.11925 0.11925 0.12644 0.12644 0.12644 0.12644 0.12644 0.12664 0.12664 0.12664 0.12664 0.12002 0.12002 0.12002 0.12002 0.11658 0.12713
0.12335 0.12322 0.12296 0.12307 0.12137 0.12458 0.12506 0.12259 0.12442 0.12442 0.12442 0.13011 0.13011 0.13011 0.12442 0.12792 0.12792 0.12792 0.12792 0.12792 0.12792 0.12807 0.11968 0.11968 0.11968 0.11883 0.12137 0.12391 0.12391 0.12391 0.12391 0.12931 0.12931 0.12931 0.12141 0.12391 0.12331 0.12331 0.12331 0.12331 0.12607 0.12607 0.12607 0.12607 0.12607 0.12607 0.12644 0.12644 0.12678 0.12104 0.12104 0.11925 0.11925 0.12104 0.12002 0.12503 0.12644 0.12003 0.12003 0.12003 0.12003 0.12003 0.12003 0.12003 0.11920 0.12003 0.12582
0.12335 0.12332 0.12315 0.12321 0.12140 0.12165 0.11766 0.11982 0.12260 0.12442 0.13026 0.13011 0.13011 0.13011 0.12442 0.12177 0.12792 0.12792 0.12792 0.12792 0.12792 0.11968 0.11968 0.11968 0.11968 0.11205 0.12073 0.12392 0.12392 0.12392 0.12392 0.12932 0.12932 0.12932 0.12141 0.12392 0.12331 0.12331 0.12331 0.12331 0.12607 0.12607 0.12607 0.12607 0.12607 0.12607 0.12654 0.12654 0.12688 0.12165 0.12112 0.11933 0.11933 0.12010 0.12537 0.12416 0.12165 0.12159 0.12003 0.12003 0.12003 0.11667 0.12003 0.12003 0.12003 0.11658 0.12523
0.12336 0.12335 0.12327 0.12329 0.12140 0.12440 0.12118 0.12098 0.12235 0.12442 0.13026 0.13012 0.13012 0.12442 0.12178 0.12178 0.12178 0.12178 0.12792 0.12792 0.12792 0.12047 0.11969 0.11969 0.11351 0.11506 0.11850 0.12141 0.12392 0.12392 0.12392 0.12392 0.12392 0.12392 0.12392 0.12392 0.12332 0.12332 0.12607 0.12332 0.12607 0.12607 0.12607 0.12607 0.12607 0.12607 0.12654 0.12688 0.12112 0.12165 0.12165 0.12367 0.12739 0.12895 0.12778 0.12459 0.12236 0.12205 0.12047 0.12047 0.12047 0.12047 0.12047 0.12047 0.11802 0.11700 0.11700
0.12760 0.12336 0.12332 0.12331 0.12421 0.12430 0.12119 0.12098 0.12232 0.12442 0.13026 0.13012 0.13012 0.13012 0.12178 0.12674 0.12793 0.12793 0.12793 0.12793 0.12048 0.12048 0.11969 0.11969 0.11450 0.11497 0.11778 0.12392 0.12392 0.12300 0.12324 0.12345 0.12367 0.12384 0.12392 0.12332 0.12332 0.12332 0.12608 0.12608 0.12608 0.12608 0.12608 0.12608 0.12608 0.12608 0.12654 0.11934 0.12113 0.11756 0.11953 0.12549 0.12944 0.13080 0.12937 0.12113 0.14335 0.14335 0.14335 0.12721 0.12721 0.12721 0.12705 0.12705 0.12705 0.12431 0.12313
0.12760 0.12760 0.12333 0.12328 0.12415 0.12417 0.12220 0.11625 0.12230 0.12443 0.13013 0.13013 0.13013 0.13013 0.12675 0.12793 0.12793 0.12793 0.12856 0.12886 0.11965 0.12064 0.11969 0.11100 0.11943 0.11823 0.11851 0.11438 0.12142 0.11991 0.12241 0.12295 0.12333 0.12358 0.12142 0.12045 0.12332 0.12332 0.12608 0.12608 0.12608 0.12608 0.12608 0.12608 0.12608 0.12608 0.12689 0.12393 0.11670 0.12689 0.12506 0.12694 0.13309 0.13309 0.12910 0.12059 0.12003 0.14336 0.14336 0.12721 0.12721 0.12706 0.12706 0.12706 0.12706 0.12706 0.12416
0.12605 0.12336 0.12331 0.12593 0.12404 0.12569 0.12142 0.12253 0.12211 0.13013 0.13013 0.13013 0.13013 0.13013 0.12793 0.12178 0.12376 0.12064 0.12064 0.12969 0.12064 0.12048 0.11100 0.11651 0.11878 0.11739 0.11689 0.11042 0.11042 0.11819 0.12011 0.12060 0.12093 0.12114 0.12142 0.12333 0.12333 0.12333 0.12608 0.12608 0.12608 0.12537 0.12333 0.12608 0.12608 0.12608 0.12689 0.12584 0.13087 0.12379 0.12379 0.12113 0.13199 0.13355 0.12909 0.12166 0.14336 0.14336 0.14336 0.14336 0.12706 0.12706 0.12706 0.12706 0.12706 0.12638 0.12517
0.12055 0.12327 0.12314 0.12570 0.12379 0.12371 0.11891 0.11973 0.12159 0.12971 0.13013 0.13013 0.13013 0.13013 0.12794 0.12179 0.11970 0.12065 0.12065 0.12065 0.12065 0.12065 0.11965 0.12040 0.12071 0.11494 0.11307 0.11364 0.11043 0.11481 0.11939 0.12079 0.12142 0.12142 0.12393 0.12333 0.12333 0.12333 0.12537 0.12537 0.12608 0.12608 0.12537 0.12608 0.12608 0.12608 0.12690 0.12934 0.12584 0.13088 0.13088 0.13088 0.12060 0.13088 0.13088 0.12812 0.14337 0.14337 0.14337 0.14337 0.12703 0.12785 0.12706 0.12706 0.12722 0.12722 0.12638
0.11995 0.12282 0.12260 0.12683 0.12352 0.12048 0.12079 0.12346 0.11999 0.12120 0.13014 0.13014 0.13014 0.13014 0.12794 0.12794 0.11100 0.12065 0.12065 0.12065 0.12065 0.12065 0.11966 0.12040 0.12010 0.11229 0.11295 0.11453 0.11453 0.11700 0.11964 0.12143 0.12143 0.12393 0.12393 0.12333 0.12333 0.12333 0.12609 0.12609 0.12609 0.12609 0.12333 0.12333 0.12609 0.12609 0.13008 0.13008 0.12584 0.12584 0.12690 0.12690 0.12690 0.12690 0.13088 0.12305 0.14337 0.14337 0.14337 0.14337 0.12722 0.12722 0.12707 0.12722 0.12722 0.12722 0.12722
0.12283 0.12281 0.12681 0.12547 0.12335 0.12013 0.12338 0.12245 0.12332 0.13017 0.13053 0.13030 0.13030 0.13045 0.12968 0.12968 0.12794 0.12243 0.12065 0.12065 0.12049 0.12049 0.12221 0.12041 0.11999 0.11427 0.11544 0.11701 0.11864 0.12010 0.12105 0.12143 0.12143 0.12394 0.12394 0.12333 0.12333 0.12333 0.12609 0.12609 0.12609 0.12333 0.12609 0.12609 0.12609 0.12609 0.13008 0.13460 0.12585 0.12690 0.12690 0.12690 0.12690 0.13088 0.12540 0.11751 0.12810 0.14337 0.14337 0.14337 0.12722 0.12722 0.12722 0.12722 0.12444 0.12444 0.12722
0.12265 0.12254 0.12233 0.12043 0.12308 0.12284 0.12292 0.12301 0.12015 0.12838 0.13054 0.13030 0.13030 0.13030 0.12968 0.12320 0.12682 0.12328 0.12256 0.12141 0.12061 0.12090 0.12161 0.12150 0.11977 0.11981 0.11553 0.11716 0.11863 0.12037 0.12113 0.12143 0.12394 0.12143 0.12143 0.12334 0.12334 0.12334 0.12609 0.12538 0.12334 0.12334 0.12609 0.12609 0.12609 0.12656 0.13304 0.13304 0.13304 0.12656 0.12748 0.12690 0.12690 0.13089 0.12013 0.11994 0.11804 0.14338 0.14338 0.14338 0.14338 0.12723 0.12723 0.12444 0.12444 0.12444 0.12044
0.12252 0.12240 0.12216 0.12017 0.12282 0.12252 0.12252 0.12015 0.11411 0.12133 0.13054 0.13030 0.13030 0.13030 0.12969 0.12254 0.12284 0.12141 0.12141 0.12061 0.12158 0.12090 0.12090 0.12158 0.11972 0.11266 0.11399 0.11717 0.11894 0.12067 0.12163 0.12444 0.12444 0.12163 0.12163 0.12381 0.12381 0.12381 0.12587 0.12539 0.12610 0.12610 0.12610 0.12610 0.12610 0.12656 0.13304 0.12691 0.13304 0.13304 0.12574 0.12691 0.12691 0.12691 0.11650 0.12656 0.12723 0.14338 0.14338 0.14338 0.14338 0.14338 0.12723 0.12723 0.12723 0.12640 0.12554
0.12237 0.12223 0.12192 0.12303 0.12259 0.12226 0.12220 0.11678 0.12134 0.12134 0.12134 0.11411 0.12442 0.13031 0.12969 0.12058 0.12158 0.12158 0.12038 0.12090 0.12158 0.12158 0.12158 0.12158 0.12072 0.11723 0.11408 0.11724 0.11900 0.12163 0.12163 0.12444 0.12444 0.12163 0.12444 0.12382 0.12659 0.12382 0.12659 0.12659 0.12659 0.12659 0.12659 0.12659 0.12659 0.12653 0.12570 0.13242 0.13293 0.13293 0.12622 0.12691 0.12691 0.12691 0.12657 0.12657 0.12723 0.12723 0.14339 0.14339 0.14339 0.14339 0.12723 0.12141 0.12138 0.12127 0.12081
0.12496 0.12478 0.12448 0.12283 0.12240 0.12206 0.12197 0.11678 0.11688 0.12134 0.12134 0.11642 0.12154 0.12176 0.11815 0.12091 0.12991 0.12969 0.12969 0.12969 0.12969 0.12344 0.12344 0.12344 0.11732 0.11241 0.11427 0.11729 0.11900 0.12074 0.12164 0.12444 0.12444 0.12433 0.12435 0.12382 0.12382 0.12382 0.12382 0.12382 0.12382 0.12101 0.12482 0.12482 0.12482 0.12477 0.12074 0.12074 0.12687 0.12622 0.12622 0.12477 0.12585 0.12446 0.12653 0.12377 0.12682 0.12682 0.12717 0.12652 0.12682 0.12717 0.12611 0.12546 0.12142 0.12142 0.12416
0.12482 0.12630 0.12430 0.12265 0.12224 0.12193 0.12185 0.11690 0.11683 0.11732 0.12181 0.11945 0.12029 0.11777 0.11752 0.12178 0.12273 0.12401 0.12401 0.12401 0.12401 0.12160 0.12358 0.12237 0.11379 0.11360 0.11462 0.11727 0.11888 0.12414 0.12164 0.12445 0.12445 0.12412 0.12414 0.12095 0.12094 0.12370 0.12370 0.12370 0.12095 0.12097 0.12479 0.12481 0.12482 0.12477 0.12074 0.12074 0.12623 0.12623 0.12623 0.12617 0.12573 0.11850 0.11658 0.11903 0.12683 0.12683 0.12683 0.12683 0.12683 0.12683 0.12683 0.12406 0.12406 0.12406 0.12703
0.12643 0.12617 0.12581 0.12250 0.12211 0.12185 0.12016 0.11696 0.11702 0.11412 0.12245 0.12778 0.12405 0.12064 0.12191 0.12708 0.12821 0.12335 0.12367 0.12369 0.12327 0.12208 0.11994 0.11835 0.11441 0.11543 0.11593 0.11711 0.11856 0.12055 0.12108 0.12445 0.12445 0.12367 0.12371 0.12053 0.12056 0.12320 0.12328 0.12339 0.12081 0.12089 0.12096 0.12101 0.12102 0.12378 0.12378 0.12074 0.12074 0.12074 0.12074 0.12074 0.12378 0.11422 0.11667 0.12378 0.12406 0.12406 0.12406 0.12406 0.12683 0.12683 0.12683 0.12683 0.12683 0.12683 0.12687
0.12638 0.12607 0.12568 0.12310 0.12254 0.12016 0.12135 0.11412 0.12016 0.11643 0.12977 0.12999 0.12778 0.13151 0.12363 0.12289 0.12298 0.12346 0.12369 0.12365 0.12323 0.12225 0.12064 0.11908 0.11492 0.11558 0.11585 0.11676 0.11797 0.11985 0.12351 0.12488 0.12480 0.12290 0.12235 0.12004 0.12248 0.12259 0.12275 0.12297 0.12061 0.12077 0.12089 0.12477 0.12483 0.12583 0.12075 0.12075 0.12075 0.12378 0.12583 0.12583 0.12378 0.12378 0.12654 0.12683 0.12683 0.12666 0.12666 0.12666 0.12666 0.12578 0.12683 0.12683 0.12683 0.12666 0.12687
0.12464 0.12598 0.12393 0.12266 0.12206 0.12138 0.12135 0.11643 0.11643 0.12062 0.12974 0.12999 0.12999 0.12934 0.12915 0.12662 0.12245 0.12297 0.12284 0.12257 0.12529 0.12460 0.12383 0.11995 0.11612 0.11564 0.11567 0.11627 0.11719 0.11816 0.12206 0.12252 0.12410 0.12192 0.12141 0.12152 0.12166 0.12185 0.12212 0.12009 0.12037 0.12063 0.12082 0.12472 0.12480 0.12478 0.12478 0.12075 0.12075 0.12378 0.12583 0.12583 0.12075 0.12075 0.12654 0.12683 0.12683 0.12683 0.12683 0.12666 0.12666 0.12666 0.12666 0.12666 0.12666 0.12666 0.12688
0.12531 0.12421 0.12562 0.12343 0.12322 0.12261 0.12075 0.11757 0.11932 0.12405 0.12974 0.12999 0.12999 0.12740 0.12743 0.12690 0.12258 0.12242 0.12233 0.12219 0.12200 0.12178 0.12155 0.14330 0.14321 0.14321 0.14321 0.11572 0.11633 0.11467 0.11467 0.11828 0.11867 0.11897 0.11852 0.11873 0.11891 0.11912 0.11942 0.11978 0.12259 0.12307 0.12344 0.12367 0.12099 0.12478 0.12478 0.12075 0.12075 0.12378 0.12584 0.12584 0.12070 0.12378 0.12655 0.12684 0.12684 0.12684 0.12684 0.12684 0.12666 0.12666 0.12666 0.12666 0.12666 0.12666 0.12599
0.12743 0.12446 0.12639 0.12391 0.12374 0.12225 0.12108 0.11889 0.12089 0.12264 0.12974 0.13000 0.13193 0.12740 0.12750 0.12710 0.12271 0.12255 0.12246 0.12231 0.12210 0.12186 0.12160 0.12133 0.11631 0.14321 0.14321 0.14321 0.11468 0.11919 0.11919 0.11263 0.11371 0.11567 0.11468 0.11168 0.11168 0.11408 0.11519 0.11964 0.12246 0.12300 0.12341 0.12366 0.12103 0.12075 0.12075 0.12379 0.12379 0.12379 0.12379 0.12075 0.12075 0.12379 0.12655 0.12684 0.12407 0.12613 0.12407 0.12407 0.12137 0.12407 0.12407 0.12484 0.12137 0.12137 0.12182
0.12213 0.12339 0.12170 0.11996 0.12190 0.12270 0.12334 0.12138 0.12215 0.12316 0.12971 0.12777 0.12974 0.12786 0.12798 0.12770 0.12328 0.12313 0.12303 0.12288 0.12268 0.12194 0.12166 0.12136 0.11634 0.11912 0.11839 0.11415 0.11919 0.11919 0.11919 0.11263 0.11431 0.12165 0.12384 0.11414 0.11414 0.12384 0.12103 0.12384 0.12384 0.12384 0.12384 0.12384 0.12103 0.12075 0.12379 0.12379 0.12379 0.12075 0.12075 0.12075 0.12075 0.12379 0.12655 0.12684 0.12613 0.12613 0.12408 0.12408 0.12408 0.12408 0.12408 0.12408 0.11233 0.11233 0.11892
