test/test_data/tcaap/monthly_mean_over_all_Jan__actual_et__2015-01-01_to_2019-12-31__180_by_260__inches.asc
NCOLS        180
NROWS        260
XLLCORNER     476375.000
YLLCORNER    4970875.000
CELLSIZE        100.000
NODATA_VALUE -9999.
[rows 29 to 57 of 260, columns 0 to 66 of 180]
0.30721 0.30721 0.30599 0.30599 0.28996 0.28996 0.30599 0.30599 0.30512 0.30741 0.29018 0.30741 0.30741 0.30940 0.31274 0.31274 0.35853 0.35853 0.30099 0.30348 0.30348 0.30348 0.30348 0.30237 0.29937 0.29937 0.29937 0.29937 0.29937 0.30173 0.30173 0.30173 0.30173 0.30173 0.30460 0.30173 0.28622 0.30173 0.30173 0.28622 0.28156 0.28156 0.28156 0.29874 0.29874 0.29874 0.29433 0.29433 0.29433 0.28156 0.28205 0.28205 0.28205 0.28575 0.28587 0.28205 0.28204 0.30203 0.29893 0.29411 0.29893 0.30593 0.30519 0.31729 0.32309 0.32309 0.30593
0.30722 0.30722 0.30722 0.30722 0.30722 0.30722 0.29041 0.31275 0.31482 0.31304 0.31087 0.30941 0.31136 0.31482 0.31276 0.31276 0.35854 0.35854 0.30094 0.30349 0.30349 0.30349 0.30349 0.30238 0.29938 0.29938 0.29938 0.28381 0.28381 0.29692 0.29692 0.30174 0.30174 0.30174 0.30461 0.30174 0.30174 0.30174 0.30174 0.30174 0.28156 0.28156 0.29875 0.29875 0.29875 0.29875 0.30025 0.29858 0.30305 0.28156 0.28205 0.28205 0.29291 0.28575 0.28575 0.28205 0.28205 0.29894 0.29894 0.31834 0.32396 0.30594 0.30594 0.30594 0.30488 0.32310 0.30594
0.30723 0.30723 0.30164 0.30164 0.30164 0.30723 0.29617 0.28961 0.31305 0.31305 0.31305 0.30717 0.30717 0.31483 0.31483 0.31483 0.35858 0.35858 0.30404 0.30404 0.30404 0.30404 0.29992 0.29992 0.29992 0.30165 0.29564 0.29564 0.28805 0.29992 0.30304 0.29693 0.29042 0.30176 0.30176 0.30580 0.30176 0.30504 0.30504 0.30228 0.29876 0.29876 0.29876 0.29876 0.29876 0.29876 0.29265 0.29876 0.29876 0.30182 0.30195 0.29292 0.29292 0.28576 0.28576 0.28576 0.28206 0.30316 0.30614 0.30206 0.32773 0.30595 0.30595 0.30595 0.30522 0.32312 0.30595
0.30724 0.30724 0.30165 0.30607 0.30607 0.30346 0.29618 0.28047 0.31306 0.30732 0.29019 0.30719 0.30943 0.31306 0.31484 0.35860 0.35860 0.35860 0.29529 0.30010 0.28306 0.29993 0.29993 0.29993 0.30166 0.30166 0.30166 0.30166 0.28306 0.29813 0.30159 0.29500 0.29500 0.29996 0.32312 0.31763 0.32312 0.32312 0.32425 0.32258 0.32258 0.29877 0.29877 0.29877 0.29877 0.29877 0.29266 0.29877 0.29877 0.30184 0.30196 0.29914 0.29914 0.28577 0.28207 0.29914 0.29914 0.30317 0.30616 0.30207 0.32313 0.32774 0.30596 0.30596 0.30596 0.30338 0.30338
0.30725 0.30725 0.30608 0.30608 0.30608 0.30502 0.29255 0.29044 0.30720 0.31023 0.30720 0.30720 0.31308 0.31485 0.31485 0.31139 0.35861 0.29668 0.29530 0.29530 0.32617 0.30406 0.30406 0.30406 0.30426 0.30167 0.30167 0.30167 0.30426 0.30160 0.30160 0.29502 0.29997 0.32314 0.32747 0.32339 0.32339 0.32338 0.32338 0.32363 0.32752 0.32752 0.32332 0.30055 0.30055 0.28242 0.29551 0.28242 0.29626 0.29267 0.29915 0.29915 0.29915 0.29915 0.29915 0.29915 0.29915 0.30318 0.30617 0.30357 0.32314 0.32314 0.30339 0.30034 0.30491 0.30491 0.30024
0.30167 0.30727 0.30609 0.30609 0.30609 0.30184 0.30150 0.29808 0.29589 0.30882 0.31421 0.31421 0.31642 0.31487 0.31487 0.35863 0.35863 0.29669 0.29531 0.30012 0.30407 0.30407 0.30407 0.30407 0.30407 0.30427 0.30427 0.30407 0.30163 0.27546 0.32658 0.30273 0.30183 0.32749 0.32340 0.32340 0.32748 0.32748 0.32315 0.31971 0.32364 0.32364 0.31971 0.31812 0.29240 0.32531 0.32056 0.28243 0.28838 0.29553 0.29404 0.29404 0.29929 0.29929 0.29929 0.30244 0.30244 0.30666 0.30666 0.30666 0.30610 0.30492 0.30492 0.30340 0.30191 0.30191 0.30599
0.29046 0.30893 0.30610 0.30610 0.30610 0.30185 0.30269 0.30610 0.29589 0.31104 0.31422 0.31277 0.31277 0.31488 0.31488 0.35865 0.35865 0.30862 0.30408 0.30408 0.30408 0.35796 0.35796 0.30408 0.30428 0.30408 0.30408 0.30408 0.30408 0.29999 0.30446 0.30446 0.31110 0.30178 0.30446 0.30446 0.30446 0.30446 0.30446 0.30477 0.30040 0.31167 0.32365 0.32365 0.29241 0.30401 0.31973 0.32365 0.30235 0.30369 0.30255 0.30255 0.29930 0.30375 0.30293 0.30293 0.30293 0.30667 0.30667 0.32860 0.30611 0.30596 0.29991 0.29991 0.29991 0.30303 0.30718
0.28966 0.30350 0.30611 0.30611 0.30611 0.30186 0.30634 0.30575 0.30172 0.31311 0.31489 0.31143 0.31278 0.31489 0.31489 0.35866 0.35866 0.30863 0.30409 0.30409 0.30409 0.35798 0.35798 0.35798 0.30429 0.30409 0.30409 0.30409 0.30447 0.30000 0.30447 0.29982 0.30967 0.30179 0.30447 0.30447 0.30447 0.30447 0.30447 0.30478 0.30478 0.30478 0.30478 0.30041 0.30058 0.30478 0.30478 0.30213 0.32201 0.30478 0.30376 0.30399 0.30399 0.30376 0.30294 0.30294 0.30294 0.30668 0.30668 0.32554 0.30612 0.30719 0.29992 0.30140 0.30457 0.30719 0.30719
0.29676 0.30506 0.30730 0.30170 0.30613 0.30187 0.30635 0.30595 0.30559 0.31241 0.31241 0.31425 0.31144 0.31490 0.31490 0.35868 0.35868 0.31490 0.30411 0.30411 0.35800 0.35800 0.35800 0.35800 0.31121 0.29998 0.30411 0.30973 0.31271 0.30334 0.30180 0.31113 0.30968 0.30448 0.30448 0.30180 0.30448 0.30448 0.30448 0.30479 0.30479 0.30479 0.30479 0.30479 0.30059 0.30479 0.30479 0.30479 0.31022 0.30295 0.30377 0.30401 0.30401 0.30377 0.30377 0.30295 0.30295 0.30231 0.30231 0.30669 0.30720 0.30720 0.30720 0.30458 0.30720 0.30720 0.31774
0.30614 0.30508 0.30731 0.30731 0.30731 0.30731 0.30171 0.30950 0.30950 0.31242 0.30950 0.31426 0.30480 0.30845 0.31280 0.35869 0.35869 0.35869 0.32448 0.30412 0.35801 0.35801 0.30412 0.30974 0.32493 0.30974 0.30974 0.30974 0.31349 0.30970 0.31114 0.30970 0.30449 0.30336 0.30337 0.30238 0.30449 0.30449 0.30449 0.30480 0.30480 0.30480 0.30043 0.30043 0.28246 0.28842 0.30308 0.30587 0.31023 0.32514 0.32552 0.30332 0.30094 0.32009 0.30332 0.30094 0.30332 0.31369 0.31369 0.29844 0.30600 0.30721 0.30614 0.30614 0.30307 0.31776 0.30721
0.30615 0.30615 0.30898 0.30732 0.30732 0.30172 0.30172 0.30951 0.30951 0.29233 0.30951 0.31147 0.30481 0.30159 0.31147 0.35871 0.35871 0.35871 0.32325 0.30303 0.30463 0.30413 0.30413 0.30413 0.29248 0.30975 0.30413 0.30413 0.30451 0.30451 0.30971 0.30451 0.30451 0.30337 0.29986 0.30451 0.30451 0.30451 0.30451 0.30481 0.30481 0.30374 0.30374 0.30374 0.29558 0.29941 0.30362 0.30481 0.30373 0.30934 0.32516 0.32516 0.30934 0.30934 0.29917 0.31983 0.29917 0.31963 0.31738 0.31833 0.29919 0.29919 0.29919 0.30315 0.30308 0.30723 0.30723
0.30735 0.30176 0.30351 0.30901 0.30176 0.30351 0.30351 0.30984 0.30952 0.29234 0.31245 0.31316 0.31283 0.31148 0.31283 0.35873 0.35873 0.30735 0.30699 0.30698 0.30698 0.30414 0.30414 0.30414 0.30019 0.30414 0.30414 0.30414 0.30452 0.30452 0.30452 0.30452 0.30452 0.30292 0.30452 0.30452 0.30452 0.29987 0.29987 0.30482 0.30482 0.30375 0.30438 0.30045 0.30062 0.30482 0.30482 0.30482 0.29669 0.29918 0.30936 0.30936 0.30380 0.30380 0.30380 0.30380 0.30380 0.30261 0.30673 0.30410 0.30462 0.29920 0.29571 0.32186 0.30309 0.30724 0.30724
0.30736 0.30903 0.30903 0.31047 0.30352 0.30352 0.30736 0.30766 0.30985 0.29253 0.31367 0.31367 0.31367 0.31446 0.30394 0.35843 0.35843 0.30402 0.30610 0.30610 0.30700 0.30700 0.30700 0.30700 0.30020 0.30415 0.30415 0.30415 0.30006 0.30453 0.30453 0.30453 0.30453 0.30453 0.30453 0.30006 0.30006 0.30339 0.30339 0.30219 0.32550 0.30226 0.30507 0.30064 0.30063 0.30484 0.30484 0.30484 0.30046 0.29919 0.29919 0.29919 0.30381 0.30381 0.30381 0.30381 0.30381 0.30381 0.30674 0.30674 0.30725 0.30618 0.30486 0.30683 0.32211 0.30683 0.30725
0.30904 0.30904 0.30904 0.30737 0.30353 0.30737 0.30737 0.30987 0.29254 0.29254 0.30723 0.31368 0.31368 0.31368 0.31368 0.35845 0.35845 0.35807 0.30611 0.30290 0.30674 0.30290 0.30611 0.30674 0.30290 0.30388 0.30317 0.29987 0.30094 0.30094 0.30517 0.30454 0.30454 0.30454 0.30454 0.30007 0.30007 0.30454 0.30186 0.30220 0.30377 0.30485 0.30485 0.30485 0.30065 0.30485 0.30485 0.30485 0.30410 0.29411 0.30091 0.30383 0.30383 0.30383 0.30383 0.30383 0.30383 0.30383 0.30675 0.30675 0.30726 0.30427 0.30016 0.30327 0.32188 0.32188 0.32236
0.30905 0.30354 0.30738 0.30738 0.30738 0.30738 0.30738 0.30988 0.30724 0.30724 0.30988 0.31369 0.31369 0.31369 0.31369 0.35846 0.35846 0.35809 0.30675 0.30612 0.30291 0.30675 0.30675 0.30291 0.29988 0.29988 0.30389 0.30389 0.30518 0.30095 0.30095 0.30095 0.30438 0.30518 0.30077 0.30250 0.28320 0.30518 0.30029 0.30192 0.30305 0.30305 0.30305 0.30486 0.30066 0.30486 0.30486 0.30486 0.30411 0.29412 0.30071 0.30384 0.30384 0.30384 0.30265 0.29921 0.30384 0.30384 0.30676 0.30727 0.30727 0.30428 0.30017 0.30328 0.30328 0.30312 0.30312
0.30906 0.30906 0.30180 0.30739 0.30739 0.30739 0.30961 0.30989 0.30725 0.30725 0.30989 0.31370 0.31370 0.31370 0.31370 0.35848 0.35848 0.35811 0.30676 0.30676 0.30676 0.30676 0.30676 0.30292 0.30390 0.30390 0.30390 0.30390 0.30519 0.30096 0.30096 0.30440 0.29950 0.30251 0.30078 0.30251 0.30519 0.30519 0.30193 0.30306 0.30306 0.30306 0.30306 0.30193 0.28003 0.30306 0.30306 0.30306 0.30227 0.29811 0.30106 0.30106 0.30106 0.30106 0.29647 0.35725 0.35725 0.29922 0.30239 0.30728 0.30728 0.30175 0.30358 0.30329 0.30728 0.30313 0.30466
0.30740 0.30740 0.30740 0.30740 0.30907 0.30740 0.31123 0.31150 0.29257 0.29257 0.30726 0.31372 0.31372 0.31372 0.31141 0.35850 0.35850 0.35812 0.30677 0.30677 0.30677 0.30677 0.30677 0.30293 0.30677 0.30149 0.30149 0.30391 0.30097 0.30097 0.30097 0.29706 0.29706 0.30079 0.30520 0.30520 0.30520 0.30520 0.30307 0.30307 0.30307 0.30307 0.30307 0.30194 0.28608 0.30055 0.30307 0.30307 0.28003 0.29648 0.29648 0.30107 0.29648 0.29648 0.29956 0.35374 0.35374 0.29890 0.30251 0.30624 0.30328 0.30328 0.29547 0.30247 0.30624 0.30624 0.30381
0.30742 0.30742 0.30742 0.30742 0.28993 0.28993 0.30625 0.31151 0.29258 0.29258 0.30991 0.31373 0.31373 0.30991 0.35851 0.35851 0.35851 0.35814 0.30678 0.30678 0.30678 0.30678 0.30678 0.30678 0.30392 0.30150 0.30150 0.30150 0.30521 0.30098 0.28899 0.30253 0.30080 0.30521 0.30521 0.30521 0.30521 0.30521 0.30308 0.30308 0.30308 0.30308 0.29833 0.28004 0.28004 0.29850 0.30308 0.30308 0.29449 0.27776 0.29186 0.29186 0.29649 0.29958 0.29958 0.29649 0.29649 0.30139 0.30296 0.30625 0.30330 0.30267 0.29435 0.29779 0.30625 0.30625 0.30233
0.30515 0.30743 0.30743 0.30743 0.28994 0.28994 0.30379 0.31153 0.29259 0.29259 0.30993 0.31374 0.31374 0.35853 0.35853 0.35853 0.35853 0.35815 0.31303 0.30680 0.30680 0.30680 0.30680 0.30680 0.30393 0.29975 0.30151 0.30151 0.30522 0.30099 0.29921 0.30522 0.30522 0.30099 0.30099 0.30099 0.30099 0.30099 0.29851 0.30309 0.30309 0.30309 0.29834 0.28005 0.28005 0.29851 0.30309 0.29408 0.28005 0.29650 0.29650 0.29650 0.29650 0.31338 0.31578 0.30000 0.30000 0.30000 0.30396 0.30626 0.30626 0.30268 0.29549 0.28745 0.30249 0.29780 0.31465
0.30549 0.29800 0.28995 0.30744 0.30428 0.30580 0.30442 0.30730 0.30730 0.30730 0.30994 0.31375 0.31375 0.35854 0.35854 0.32682 0.35854 0.35817 0.30681 0.30681 0.30681 0.30681 0.30681 0.30681 0.30394 0.30394 0.29976 0.30523 0.30523 0.30100 0.30444 0.30523 0.30523 0.30100 0.30100 0.30100 0.30100 0.30100 0.29852 0.30310 0.30310 0.30310 0.29835 0.28006 0.29852 0.29852 0.29852 0.28611 0.29432 0.31339 0.31339 0.31579 0.31579 0.31579 0.31579 0.31579 0.31579 0.31579 0.31483 0.30628 0.30627 0.30269 0.30559 0.29730 0.31722 0.31722 0.31658
0.30203 0.30550 0.28971 0.30429 0.28996 0.30922 0.30444 0.30731 0.30731 0.30995 0.30995 0.31376 0.31376 0.35856 0.32684 0.32684 0.35856 0.35819 0.30283 0.30682 0.30682 0.30682 0.30298 0.30682 0.30396 0.30396 0.30396 0.30525 0.30525 0.28325 0.28325 0.30525 0.30525 0.30101 0.30101 0.30101 0.30101 0.30101 0.29854 0.30311 0.30311 0.29836 0.28007 0.28007 0.29854 0.29854 0.28007 0.26120 0.30787 0.31581 0.31581 0.31581 0.31581 0.31581 0.31581 0.31581 0.31581 0.31581 0.35381 0.30629 0.30509 0.30333 0.31746 0.31174 0.35524 0.31758 0.31758
0.29574 0.30652 0.30626 0.30746 0.30746 0.30746 0.30777 0.30864 0.31147 0.30689 0.31378 0.31378 0.35858 0.35858 0.32685 0.32685 0.35858 0.30765 0.30683 0.30683 0.30683 0.30299 0.30299 0.30683 0.30683 0.30397 0.30397 0.30526 0.30447 0.28903 0.30102 0.30526 0.30526 0.30102 0.30102 0.30102 0.30102 0.30102 0.29855 0.30234 0.30037 0.35742 0.29256 0.26120 0.28008 0.29855 0.26120 0.29434 0.29895 0.31582 0.31582 0.31414 0.31582 0.31582 0.31582 0.31582 0.31582 0.31582 0.31486 0.31691 0.30334 0.30334 0.31691 0.35526 0.31577 0.31759 0.31676
0.29575 0.30536 0.30536 0.30759 0.30759 0.30923 0.30832 0.30275 0.29873 0.31189 0.30667 0.31448 0.35943 0.32686 0.32686 0.32686 0.35859 0.35822 0.30974 0.30300 0.30300 0.30300 0.30300 0.30300 0.30300 0.30327 0.30327 0.30527 0.30527 0.29958 0.30259 0.30527 0.30527 0.30103 0.30103 0.30103 0.30103 0.30103 0.29856 0.30235 0.35744 0.35744 0.35744 0.35744 0.26121 0.32128 0.35743 0.31837 0.31583 0.31583 0.31583 0.31583 0.31583 0.31583 0.31583 0.31583 0.31583 0.31583 0.31487 0.31692 0.31692 0.35528 0.31578 0.31692 0.31725 0.31820 0.31820
0.30395 0.30395 0.29747 0.30760 0.30760 0.30760 0.30833 0.30276 0.30276 0.30622 0.30293 0.31449 0.35944 0.32754 0.32754 0.32754 0.35944 0.35894 0.29501 0.30570 0.30570 0.30570 0.30570 0.30570 0.30570 0.30685 0.30399 0.30528 0.30528 0.29713 0.30260 0.30528 0.30528 0.30105 0.30105 0.30105 0.30105 0.30105 0.29857 0.35745 0.35745 0.35745 0.35745 0.35745 0.35745 0.35745 0.35745 0.31838 0.31585 0.31585 0.31585 0.31585 0.31585 0.31585 0.31585 0.31585 0.31585 0.31585 0.31488 0.31693 0.31693 0.31579 0.31693 0.31693 0.31727 0.31822 0.31761
0.30396 0.30396 0.30575 0.30761 0.30925 0.30761 0.30834 0.30834 0.30834 0.30740 0.30295 0.31451 0.35946 0.32755 0.32755 0.32755 0.35946 0.32677 0.31513 0.30898 0.30898 0.30859 0.30571 0.30859 0.30859 0.30964 0.30964 0.30835 0.30556 0.29952 0.30556 0.30556 0.30556 0.30099 0.30099 0.30099 0.30099 0.30106 0.30237 0.35747 0.35747 0.35747 0.35747 0.29431 0.35747 0.35747 0.32779 0.32779 0.31586 0.31418 0.31586 0.31586 0.31586 0.31586 0.31586 0.31586 0.31586 0.31586 0.31490 0.31695 0.31695 0.31580 0.31792 0.31695 0.31695 0.31695 0.31580
0.29493 0.30776 0.30216 0.28922 0.30762 0.28922 0.30279 0.30455 0.31000 0.30692 0.29890 0.31452 0.35948 0.35948 0.32757 0.32756 0.35897 0.35897 0.35897 0.30899 0.30899 0.30573 0.30573 0.30573 0.30573 0.30965 0.30965 0.30402 0.30836 0.30434 0.30557 0.30557 0.30557 0.30100 0.30100 0.30100 0.30100 0.29833 0.30206 0.35719 0.35719 0.35719 0.35719 0.35719 0.35719 0.31752 0.31960 0.31669 0.31404 0.31587 0.30792 0.30024 0.29900 0.31587 0.31587 0.31587 0.31587 0.31587 0.31491 0.31696 0.31696 0.31582 0.31580 0.31180 0.31696 0.31696 0.31696
0.29494 0.28304 0.30217 0.30217 0.30200 0.30764 0.30456 0.30456 0.30280 0.29149 0.29149 0.31070 0.35949 0.35949 0.32758 0.32758 0.35899 0.32512 0.30939 0.30900 0.30900 0.30574 0.30574 0.30574 0.30574 0.30967 0.30966 0.30837 0.30837 0.30435 0.30558 0.30558 0.30558 0.30558 0.30558 0.30585 0.30558 0.30286 0.30286 0.35721 0.35721 0.35721 0.35721 0.35721 0.35721 0.31370 0.31785 0.31671 0.31405 0.31405 0.30853 0.31405 0.31405 0.31405 0.31405 0.31405 0.31405 0.31405 0.31600 0.31600 0.31600 0.31697 0.31697 0.31553 0.35534 0.35534 0.31697
0.30218 0.28840 0.30218 0.30218 0.30578 0.30765 0.30838 0.30281 0.30838 0.29150 0.29944 0.30744 0.30744 0.35951 0.32759 0.35951 0.35900 0.35900 0.30902 0.30902 0.30575 0.30575 0.30575 0.30575 0.30575 0.30968 0.30968 0.30839 0.30839 0.30436 0.30559 0.30559 0.30559 0.30084 0.30559 0.29686 0.30084 0.29818 0.29818 0.35722 0.35722 0.35722 0.29670 0.35722 0.35722 0.31760 0.31672 0.31672 0.31406 0.30855 0.30855 0.30855 0.30855 0.31406 0.31406 0.31406 0.31406 0.31406 0.31601 0.31635 0.31601 0.31601 0.31601 0.31601 0.31601 0.35379 0.31601
0.30219 0.28306 0.30219 0.30219 0.30219 0.29752 0.29925 0.30282 0.30550 0.29398 0.29398 0.30745 0.30745 0.35953 0.35953 0.35953 0.35902 0.31118 0.30903 0.30903 0.30576 0.30576 0.30576 0.30576 0.30576 0.30969 0.30969 0.30840 0.30840 0.30561 0.30561 0.30561 0.30561 0.30561 0.30561 0.30561 0.30561 0.30016 0.30288 0.30288 0.30288 0.35724 0.35724 0.35724 0.31541 0.31696 0.31676 0.31811 0.31408 0.30856 0.30856 0.30856 0.30856 0.31408 0.31034 0.32389 0.31273 0.31408 0.31728 0.31728 0.31603 0.31603 0.31603 0.31603 0.31160 0.31603 0.31515
