test/test_data/tcaap/monthly_mean_over_all_Dec__actual_et__2015-01-01_to_2019-12-31__180_by_260__inches.asc
NCOLS        180
NROWS        260
XLLCORNER     476375.000
YLLCORNER    4970875.000
CELLSIZE        100.000
NODATA_VALUE -9999.
[rows 87 to 115 of 260, columns 67 to 133 of 180]
0.36973 0.36973 0.36973 0.36973 0.36973 0.36973 0.36973 0.36973 0.39693 0.39693 0.36398 0.36412 0.37030 0.37030 0.38320 0.37127 0.37601 0.37351 0.35644 0.35595 0.34328 0.34690 0.34838 0.35325 0.35325 0.34838 0.34838 0.34838 0.34838 0.34690 0.39856 0.39919 0.39919 0.39919 0.39919 0.39919 0.39919 0.37195 0.37195 0.37033 0.37084 0.37049 0.37049 0.37049 0.37049 0.36910 0.36936 0.36910 0.36379 0.37010 0.37049 0.37049 0.36931 0.36795 0.36795 0.37020 0.37045 0.36893 0.36931 0.37020 0.37020 0.36893 0.36840 0.36742 0.36878 0.36878 0.36878
0.36977 0.36977 0.36977 0.36977 0.36977 0.36977 0.36977 0.36952 0.39639 0.39639 0.36403 0.36413 0.36443 0.37464 0.37893 0.39879 0.39879 0.37886 0.37447 0.34331 0.34330 0.34692 0.34692 0.35327 0.34742 0.34742 0.34742 0.35327 0.35327 0.35327 0.39858 0.39921 0.39921 0.39921 0.39921 0.39921 0.39921 0.37197 0.39921 0.39921 0.37197 0.37051 0.36937 0.37051 0.37051 0.36912 0.36937 0.37042 0.37042 0.37051 0.37051 0.37051 0.36932 0.36797 0.36797 0.37047 0.36895 0.36932 0.36932 0.36895 0.36932 0.36932 0.36865 0.36865 0.36842 0.36880 0.36880
0.36895 0.36947 0.36947 0.36947 0.36979 0.36979 0.36953 0.36953 0.39641 0.36947 0.37123 0.37183 0.37100 0.37303 0.36941 0.39790 0.37777 0.37758 0.37758 0.34271 0.34216 0.34616 0.34616 0.34693 0.34693 0.34693 0.35190 0.35329 0.35329 0.35329 0.39860 0.39923 0.39923 0.39923 0.39923 0.39923 0.39923 0.39923 0.39923 0.39923 0.37199 0.37052 0.37052 0.37052 0.37052 0.36914 0.36888 0.37043 0.37043 0.37218 0.37052 0.37052 0.36934 0.36799 0.36799 0.36896 0.36896 0.36934 0.36934 0.36934 0.36934 0.36934 0.36844 0.36844 0.37032 0.36881 0.36881
0.36896 0.36949 0.36896 0.36949 0.36981 0.36955 0.36955 0.36896 0.36896 0.36896 0.37113 0.37165 0.37023 0.37227 0.37793 0.37760 0.37788 0.37760 0.37760 0.36895 0.34747 0.34617 0.34617 0.34617 0.34617 0.35107 0.35193 0.35193 0.35193 0.35193 0.35193 0.39928 0.39928 0.39928 0.39928 0.39925 0.39925 0.39925 0.39925 0.39925 0.39925 0.37016 0.37054 0.37054 0.37054 0.36915 0.36890 0.37168 0.37220 0.37220 0.37054 0.37054 0.36936 0.36800 0.36800 0.36898 0.36936 0.36936 0.36936 0.36936 0.36936 0.36936 0.36883 0.37033 0.36883 0.36883 0.36883
0.36819 0.36950 0.36952 0.36950 0.36898 0.36950 0.36950 0.36950 0.36950 0.37079 0.37025 0.37025 0.37079 0.37025 0.37506 0.37761 0.37761 0.32090 0.35173 0.35173 0.35113 0.35195 0.34709 0.34709 0.35195 0.34709 0.35195 0.35195 0.35195 0.35195 0.39930 0.39930 0.39930 0.39930 0.39930 0.39930 0.39930 0.39930 0.39930 0.39930 0.39930 0.37081 0.37193 0.37193 0.37193 0.37053 0.37193 0.37056 0.37206 0.37206 0.37206 0.37056 0.36938 0.36938 0.36938 0.36938 0.36938 0.36938 0.36938 0.38003 0.36938 0.36938 0.36849 0.36821 0.36885 0.36885 0.36885
0.36984 0.36984 0.36952 0.36952 0.36900 0.36952 0.36984 0.36984 0.36984 0.37110 0.37110 0.37080 0.37110 0.37087 0.37353 0.35633 0.34887 0.35174 0.35174 0.35174 0.35114 0.35197 0.35197 0.35197 0.34711 0.34711 0.35197 0.35197 0.35197 0.35197 0.39932 0.39932 0.39932 0.39932 0.39932 0.39932 0.39932 0.39932 0.39932 0.39932 0.37201 0.37194 0.37194 0.37194 0.37083 0.37713 0.37194 0.37194 0.37194 0.37156 0.37346 0.36953 0.36953 0.36953 0.36953 0.36953 0.36953 0.36953 0.36953 0.39635 0.39635 0.37048 0.36823 0.36823 0.36849 0.37138 0.36849
0.36986 0.36986 0.36954 0.36901 0.36901 0.36954 0.36986 0.36986 0.36986 0.37111 0.37111 0.37111 0.37111 0.36966 0.35634 0.37204 0.34810 0.35176 0.35176 0.35176 0.35116 0.35198 0.34712 0.34712 0.34712 0.35198 0.35198 0.35198 0.35198 0.35198 0.35225 0.39934 0.39934 0.39934 0.35008 0.39934 0.39934 0.39934 0.39934 0.39934 0.37091 0.37196 0.37196 0.37196 0.37057 0.37610 0.37682 0.37196 0.37196 0.37311 0.37196 0.36955 0.36955 0.36955 0.36955 0.36955 0.36955 0.36955 0.36955 0.39660 0.39660 0.39660 0.39769 0.37013 0.37013 0.37181 0.36936
0.36988 0.36988 0.36841 0.36962 0.36903 0.39651 0.36988 0.36988 0.36988 0.37113 0.37113 0.37113 0.37113 0.36968 0.36967 0.36967 0.37125 0.34812 0.34812 0.35177 0.35005 0.35113 0.35200 0.35122 0.35200 0.34714 0.35117 0.35200 0.35200 0.35200 0.35368 0.39936 0.39936 0.39936 0.39936 0.35003 0.39936 0.39936 0.39936 0.39936 0.37204 0.37198 0.37087 0.37198 0.37059 0.37675 0.37198 0.37198 0.37198 0.37198 0.37198 0.36957 0.36957 0.36957 0.36957 0.36957 0.36957 0.36957 0.36957 0.36957 0.36893 0.36938 0.37143 0.37143 0.37015 0.37053 0.37053
0.36989 0.36843 0.36843 0.36843 0.39653 0.39653 0.36957 0.36989 0.36989 0.37115 0.37086 0.37081 0.37067 0.37034 0.37115 0.36969 0.37127 0.34813 0.35179 0.35179 0.35082 0.34884 0.34428 0.34715 0.34715 0.35201 0.35201 0.35119 0.35119 0.35201 0.35355 0.35283 0.39938 0.39938 0.39938 0.35088 0.35116 0.39938 0.39938 0.39938 0.37168 0.38440 0.38447 0.37199 0.37167 0.37519 0.37199 0.39931 0.39931 0.39931 0.37351 0.36846 0.36959 0.36959 0.36959 0.36959 0.36959 0.36959 0.36959 0.36959 0.36959 0.36959 0.37145 0.37016 0.37054 0.37054 0.37054
0.36845 0.36845 0.36991 0.36991 0.39655 0.36959 0.36991 0.36991 0.36991 0.37034 0.37032 0.37017 0.36975 0.36362 0.36411 0.36971 0.35577 0.34815 0.35034 0.35244 0.35006 0.34948 0.34626 0.34717 0.34717 0.35203 0.35203 0.35203 0.35203 0.35008 0.35201 0.35201 0.39940 0.39940 0.35105 0.34976 0.34934 0.35384 0.37208 0.37208 0.37225 0.39305 0.37218 0.37062 0.37062 0.39933 0.39933 0.39933 0.39933 0.39933 0.37062 0.36847 0.36960 0.36960 0.36960 0.36960 0.36960 0.36960 0.36960 0.36960 0.36960 0.36960 0.37018 0.37056 0.37207 0.37073 0.37056
0.36967 0.36846 0.36967 0.36967 0.36967 0.36993 0.36993 0.36993 0.36961 0.37035 0.36956 0.36896 0.36810 0.36294 0.34895 0.34816 0.34816 0.34895 0.35447 0.34977 0.35127 0.35205 0.34718 0.34718 0.35205 0.35205 0.35205 0.35205 0.35205 0.35205 0.35135 0.35135 0.35343 0.35106 0.34977 0.34977 0.34910 0.35210 0.37210 0.37210 0.37220 0.38713 0.37064 0.37203 0.37064 0.39935 0.39935 0.39935 0.39935 0.39935 0.39935 0.36962 0.36962 0.36849 0.36849 0.36962 0.36929 0.36962 0.36179 0.36179 0.36962 0.36962 0.37058 0.37058 0.37209 0.38913 0.37058
0.36633 0.36633 0.36183 0.36714 0.36691 0.36995 0.36995 0.36995 0.36962 0.36932 0.36855 0.36749 0.36263 0.36003 0.34896 0.34896 0.35242 0.35190 0.35038 0.35124 0.35128 0.35206 0.35206 0.35206 0.34629 0.34629 0.35206 0.35206 0.35206 0.35011 0.35137 0.35137 0.35278 0.39945 0.39945 0.34979 0.34895 0.34735 0.37211 0.37211 0.37205 0.37065 0.37094 0.37094 0.39937 0.39937 0.39937 0.39937 0.39937 0.39937 0.39937 0.39670 0.36964 0.36931 0.36964 0.36964 0.37078 0.37078 0.36181 0.36181 0.36964 0.37060 0.37060 0.37211 0.37211 0.38897 0.38897
0.36686 0.36686 0.36686 0.36185 0.36185 0.36715 0.36715 0.36715 0.36715 0.36409 0.36391 0.36307 0.36250 0.36173 0.35939 0.35260 0.35128 0.35039 0.35039 0.35125 0.34980 0.34980 0.35012 0.34630 0.35121 0.35208 0.35125 0.35208 0.35208 0.35012 0.35234 0.35234 0.39947 0.39947 0.39947 0.34737 0.34737 0.34737 0.35376 0.35376 0.35738 0.37206 0.37206 0.37206 0.35343 0.39939 0.39939 0.39939 0.39939 0.39939 0.39939 0.39672 0.36965 0.36829 0.36933 0.36965 0.36965 0.36965 0.36965 0.36965 0.36829 0.36924 0.37213 0.37182 0.38899 0.38986 0.37061
0.36688 0.36688 0.36186 0.36186 0.36186 0.36688 0.36717 0.36717 0.36717 0.37128 0.37021 0.36581 0.36409 0.36095 0.35845 0.34990 0.35129 0.35129 0.35273 0.35169 0.34804 0.34735 0.34674 0.34674 0.35253 0.35253 0.35169 0.35253 0.35253 0.35209 0.35377 0.35377 0.35236 0.39949 0.34738 0.34738 0.34738 0.34738 0.35377 0.35377 0.35374 0.37236 0.35374 0.35234 0.35374 0.37208 0.39941 0.39941 0.39941 0.39941 0.39941 0.39674 0.36967 0.36935 0.36935 0.36967 0.36967 0.36967 0.36967 0.36967 0.36831 0.37063 0.37214 0.37293 0.38657 0.38512 0.37063
0.36737 0.36729 0.36695 0.36689 0.36188 0.36689 0.36719 0.36719 0.36719 0.37129 0.37026 0.36538 0.36352 0.35782 0.35289 0.34991 0.35274 0.35274 0.35274 0.35171 0.34275 0.34676 0.35255 0.34675 0.34768 0.35171 0.35171 0.35255 0.35255 0.35255 0.35323 0.35323 0.35323 0.39865 0.35191 0.34694 0.34694 0.34694 0.35323 0.35191 0.35256 0.35376 0.35376 0.35376 0.35376 0.35376 0.36331 0.39943 0.39943 0.39943 0.39943 0.39677 0.36833 0.36936 0.36936 0.36969 0.36969 0.36856 0.36969 0.36969 0.36969 0.37065 0.37216 0.37318 0.37339 0.37065 0.37065
0.36742 0.36722 0.36701 0.36691 0.36691 0.36721 0.36721 0.36721 0.36721 0.37131 0.36977 0.36502 0.36186 0.35741 0.34916 0.35132 0.34916 0.35276 0.35276 0.35173 0.34364 0.34677 0.35168 0.35168 0.34769 0.35173 0.35172 0.34769 0.36937 0.35168 0.35325 0.35325 0.35325 0.35325 0.35192 0.34695 0.34695 0.34695 0.35192 0.35325 0.35257 0.35257 0.35257 0.35257 0.35257 0.35257 0.35165 0.39814 0.39814 0.39814 0.39814 0.39885 0.38735 0.38174 0.36987 0.36987 0.36971 0.36971 0.36971 0.36971 0.36971 0.37067 0.37218 0.37218 0.37354 0.37067 0.37067
0.36204 0.36199 0.36709 0.36694 0.36695 0.36722 0.36722 0.36722 0.37133 0.37103 0.37050 0.36720 0.36135 0.34917 0.39697 0.39697 0.35134 0.35134 0.35277 0.35178 0.34278 0.34559 0.35258 0.35258 0.35258 0.35258 0.35258 0.39790 0.39790 0.36944 0.36984 0.35327 0.35327 0.35327 0.35194 0.34697 0.34697 0.35194 0.35194 0.35327 0.35259 0.35259 0.35259 0.35259 0.35259 0.35122 0.34870 0.36317 0.36805 0.39816 0.39816 0.39887 0.37952 0.39258 0.39258 0.39264 0.37158 0.37158 0.37158 0.37158 0.37158 0.37187 0.37338 0.37225 0.37068 0.37068 0.37068
0.36204 0.36721 0.36719 0.36700 0.36702 0.36724 0.36724 0.36724 0.37249 0.37249 0.37105 0.36972 0.34996 0.34919 0.39699 0.39699 0.35135 0.35132 0.35135 0.35176 0.34279 0.34561 0.34279 0.35259 0.35259 0.34772 0.34772 0.39792 0.36909 0.36945 0.37013 0.35328 0.35328 0.35328 0.35328 0.34835 0.34822 0.34874 0.35318 0.35328 0.35261 0.35261 0.35261 0.35261 0.35249 0.35029 0.35452 0.36396 0.37092 0.37054 0.39889 0.39889 0.39889 0.39260 0.39260 0.39260 0.37176 0.37160 0.37160 0.37160 0.37160 0.37188 0.37339 0.37339 0.37188 0.37188 0.39909
0.36205 0.36719 0.36731 0.36729 0.36729 0.36726 0.36726 0.36726 0.37251 0.37136 0.37033 0.35261 0.35280 0.35280 0.35280 0.34920 0.34920 0.35135 0.35280 0.35177 0.35032 0.34890 0.34280 0.34890 0.34687 0.34746 0.39794 0.39794 0.36911 0.36947 0.36947 0.35330 0.35330 0.35330 0.35330 0.35330 0.35184 0.34988 0.34940 0.35330 0.35262 0.35262 0.35262 0.35262 0.35129 0.35129 0.35170 0.35019 0.37094 0.37094 0.37277 0.38373 0.39891 0.39891 0.39891 0.39245 0.37178 0.37162 0.37162 0.37162 0.37162 0.37190 0.37190 0.37341 0.37190 0.37190 0.39911
0.36204 0.36714 0.36742 0.36742 0.36741 0.36768 0.36728 0.36728 0.37138 0.37138 0.37115 0.37115 0.35282 0.35282 0.35282 0.35282 0.35138 0.35137 0.35282 0.35179 0.34814 0.34814 0.34737 0.34572 0.34370 0.34282 0.39796 0.39796 0.36913 0.36949 0.36949 0.35331 0.35331 0.35331 0.35331 0.35331 0.35530 0.35214 0.35331 0.35331 0.35264 0.35264 0.35264 0.35264 0.35264 0.35264 0.35264 0.37389 0.36518 0.37096 0.37315 0.37315 0.39893 0.39893 0.39264 0.38807 0.37418 0.37163 0.37163 0.37163 0.37163 0.37192 0.37192 0.37192 0.37192 0.37192 0.39913
0.36202 0.36707 0.36753 0.36753 0.36753 0.36804 0.36881 0.36729 0.37140 0.37140 0.37140 0.37036 0.36425 0.35284 0.35284 0.35284 0.35142 0.35144 0.35140 0.34815 0.34815 0.34283 0.39798 0.34546 0.34371 0.39798 0.39798 0.36914 0.36914 0.36951 0.36951 0.36991 0.36991 0.36956 0.36991 0.35241 0.36015 0.35072 0.35308 0.35333 0.35265 0.35265 0.35265 0.35265 0.35265 0.35265 0.35265 0.38592 0.37098 0.37098 0.37317 0.37317 0.37281 0.39269 0.38743 0.37468 0.37332 0.37165 0.37165 0.37165 0.37165 0.37194 0.37194 0.37194 0.38438 0.39915 0.39915
0.36703 0.36697 0.36762 0.36763 0.36763 0.36825 0.36766 0.36708 0.36426 0.36419 0.36856 0.36298 0.36077 0.35607 0.35212 0.35285 0.35002 0.35049 0.35080 0.34895 0.35182 0.34285 0.34673 0.34927 0.34650 0.39800 0.39800 0.36916 0.36916 0.36952 0.36952 0.36952 0.36904 0.39879 0.39879 0.36952 0.36187 0.35074 0.35074 0.34945 0.35129 0.35241 0.35740 0.35644 0.35233 0.35341 0.35255 0.37126 0.37099 0.37099 0.37318 0.37318 0.37282 0.37159 0.37318 0.37318 0.37167 0.37167 0.37167 0.37167 0.37167 0.37081 0.37030 0.37157 0.39917 0.39917 0.39917
0.36748 0.36748 0.36833 0.36834 0.36835 0.36891 0.36830 0.36215 0.36476 0.36399 0.36328 0.36166 0.35911 0.35471 0.35165 0.34926 0.35064 0.35174 0.35204 0.35296 0.35323 0.35154 0.35228 0.35263 0.34488 0.39802 0.39802 0.36358 0.36358 0.36427 0.36427 0.36427 0.36427 0.36427 0.39881 0.36427 0.36300 0.34872 0.35104 0.35185 0.37101 0.37101 0.36240 0.35985 0.35334 0.35387 0.35257 0.35269 0.37101 0.37101 0.37169 0.37289 0.37289 0.37209 0.37168 0.37168 0.37168 0.37168 0.37168 0.37168 0.37004 0.38313 0.39919 0.39919 0.39919 0.39919 0.36987
0.36724 0.36729 0.36838 0.36840 0.36840 0.36761 0.36775 0.36655 0.36474 0.36397 0.36322 0.36099 0.35851 0.35269 0.35088 0.34892 0.35153 0.35667 0.35678 0.35784 0.35865 0.35909 0.35934 0.36360 0.36783 0.37316 0.39804 0.36360 0.36360 0.36428 0.36428 0.36428 0.36427 0.36425 0.36421 0.36428 0.36342 0.34948 0.35327 0.35259 0.37070 0.37070 0.36461 0.35585 0.35470 0.35159 0.35259 0.35244 0.37103 0.37103 0.37170 0.37137 0.37137 0.37137 0.37170 0.37170 0.37170 0.37170 0.37170 0.37057 0.38315 0.39921 0.39921 0.39921 0.39921 0.39921 0.36989
0.36693 0.36706 0.36842 0.36843 0.36239 0.36777 0.36657 0.36260 0.36475 0.36401 0.36328 0.36126 0.35900 0.35177 0.35106 0.34894 0.34971 0.35893 0.35948 0.36178 0.36261 0.36301 0.36220 0.36377 0.36726 0.38407 0.38407 0.38407 0.36364 0.36265 0.36270 0.36271 0.36269 0.36265 0.36433 0.36422 0.36430 0.36119 0.35078 0.34776 0.37105 0.39833 0.35260 0.35106 0.35106 0.35087 0.35106 0.35134 0.37105 0.37105 0.37172 0.37139 0.37139 0.37139 0.37059 0.37172 0.37172 0.37172 0.37172 0.37139 0.39923 0.39923 0.39923 0.39923 0.39923 0.36990 0.36990
0.36655 0.36676 0.36841 0.36843 0.36240 0.36743 0.36262 0.36262 0.36499 0.36413 0.36350 0.36224 0.36037 0.35264 0.35244 0.35112 0.35794 0.36477 0.36324 0.36254 0.39749 0.36647 0.36337 0.36378 0.36727 0.36378 0.36378 0.36378 0.36417 0.36326 0.36327 0.36320 0.36306 0.36285 0.36257 0.36259 0.36259 0.36259 0.34453 0.34613 0.34613 0.39791 0.35243 0.35243 0.35243 0.35243 0.35136 0.35247 0.37106 0.37106 0.37174 0.37174 0.37141 0.37141 0.37174 0.37174 0.37174 0.37174 0.37035 0.37035 0.39925 0.39925 0.39925 0.36992 0.36992 0.36992 0.36992
0.36610 0.36642 0.36837 0.36240 0.36240 0.36243 0.36263 0.35335 0.35621 0.36429 0.36380 0.36323 0.36220 0.35114 0.35114 0.35257 0.36965 0.36479 0.36435 0.36312 0.36610 0.36760 0.36721 0.36729 0.36729 0.36729 0.36388 0.36444 0.36498 0.36396 0.36395 0.36385 0.36368 0.36347 0.36321 0.36261 0.36261 0.36261 0.34454 0.34248 0.34615 0.34615 0.35244 0.35244 0.35244 0.35244 0.35244 0.35244 0.37075 0.36960 0.37074 0.36935 0.36935 0.36956 0.37074 0.37074 0.37074 0.37074 0.37175 0.37036 0.38711 0.39301 0.39301 0.36994 0.36994 0.36994 0.36994
0.36560 0.36602 0.36828 0.36240 0.36241 0.36223 0.36223 0.35336 0.35633 0.35744 0.36412 0.36373 0.36339 0.36145 0.34898 0.35258 0.36480 0.36480 0.36436 0.36348 0.36368 0.36397 0.36385 0.36379 0.36376 0.36382 0.36422 0.36524 0.36542 0.36451 0.36448 0.36437 0.36421 0.36400 0.36376 0.36262 0.36262 0.36262 0.36155 0.36114 0.34332 0.34616 0.35246 0.35246 0.35246 0.35246 0.35246 0.35246 0.36955 0.37044 0.36937 0.36937 0.36937 0.36937 0.36958 0.36958 0.37042 0.37042 0.36958 0.36958 0.37159 0.39230 0.39233 0.36992 0.36967 0.36967 0.36967
0.36504 0.36558 0.36811 0.36239 0.36241 0.36239 0.36225 0.35681 0.35652 0.35721 0.36438 0.36413 0.36392 0.36353 0.36968 0.36968 0.36482 0.36428 0.36403 0.36371 0.36386 0.36398 0.36388 0.36383 0.36383 0.36393 0.36945 0.37407 0.37471 0.37502 0.37399 0.37435 0.36894 0.36894 0.36894 0.36325 0.36264 0.36264 0.36413 0.37050 0.36652 0.34477 0.35248 0.35248 0.35248 0.35116 0.35248 0.35248 0.35248 0.38473 0.36311 0.36938 0.36938 0.36938 0.37077 0.36909 0.37044 0.37044 0.36960 0.36960 0.37111 0.39232 0.38361 0.36969 0.36969 0.36969 0.36969
