test/test_data/tcaap/monthly_mean_over_all_Dec__actual_et__2015-01-01_to_2019-12-31__180_by_260__inches.asc
NCOLS        180
NROWS        260
XLLCORNER     476375.000
YLLCORNER    4970875.000
CELLSIZE        100.000
NODATA_VALUE -9999.
[rows 145 to 173 of 260, columns 0 to 66 of 180]
0.38153 0.38153 0.38153 0.38153 0.38153 0.38153 0.37478 0.37478 0.35484 0.36536 0.36536 0.36536 0.36435 0.36435 0.36435 0.36435 0.36435 0.36198 0.36190 0.40300 0.40300 0.36333 0.36314 0.36300 0.36487 0.36514 0.36514 0.36517 0.36517 0.36464 0.36329 0.36277 0.36277 0.36277 0.36277 0.36329 0.36329 0.36329 0.36329 0.36329 0.35783 0.35783 0.36016 0.36016 0.36137 0.36137 0.36137 0.35953 0.35783 0.36074 0.36134 0.36091 0.36070 0.36090 0.36108 0.36124 0.36140 0.36157 0.36178 0.36205 0.36237 0.35699 0.35754 0.35821 0.35898 0.35981 0.35876
0.38155 0.38155 0.38155 0.38155 0.38155 0.38155 0.38022 0.38022 0.38155 0.36527 0.36527 0.36427 0.36427 0.36427 0.36427 0.36427 0.36427 0.36189 0.36189 0.36398 0.40302 0.40302 0.40302 0.38374 0.36464 0.36491 0.36497 0.36506 0.36519 0.36519 0.36331 0.36331 0.36330 0.36330 0.36279 0.36330 0.36330 0.36330 0.36330 0.36241 0.35785 0.35785 0.35785 0.35785 0.35955 0.36139 0.36144 0.35975 0.36010 0.36372 0.36199 0.36172 0.36366 0.36504 0.36203 0.36102 0.36121 0.36132 0.36137 0.36135 0.36254 0.35659 0.35644 0.35628 0.35616 0.35612 0.35622
0.38125 0.38023 0.38023 0.38023 0.38038 0.38023 0.38023 0.38023 0.38157 0.36529 0.36529 0.36429 0.36429 0.36429 0.36429 0.36429 0.36429 0.36189 0.36177 0.36315 0.40216 0.40216 0.40216 0.36069 0.36263 0.36264 0.36370 0.36397 0.36423 0.36521 0.36332 0.36332 0.36332 0.36332 0.36332 0.36332 0.36332 0.36237 0.36137 0.36137 0.36019 0.35786 0.35786 0.35786 0.35786 0.36142 0.35795 0.36193 0.36134 0.36180 0.36226 0.36229 0.36506 0.36506 0.36506 0.36156 0.36156 0.36144 0.36147 0.36146 0.36264 0.35667 0.35641 0.35604 0.35560 0.35514 0.35473
0.38126 0.38025 0.38025 0.38025 0.38025 0.38025 0.38025 0.38025 0.38025 0.38081 0.38149 0.36430 0.36430 0.36430 0.36306 0.36306 0.36306 0.36190 0.36285 0.36405 0.36432 0.40218 0.40218 0.40218 0.36111 0.36210 0.36295 0.36328 0.36368 0.36395 0.36328 0.36328 0.36328 0.36328 0.36328 0.36231 0.36012 0.36018 0.36015 0.36131 0.35995 0.36146 0.36146 0.36021 0.36021 0.35932 0.35957 0.36101 0.36148 0.36272 0.36548 0.36446 0.36508 0.36508 0.36418 0.36414 0.36158 0.36158 0.36158 0.36158 0.36282 0.35919 0.35919 0.35702 0.35702 0.35702 0.35516
0.38160 0.38027 0.38128 0.38128 0.38128 0.38128 0.37531 0.38027 0.38083 0.38083 0.38151 0.36432 0.36432 0.36308 0.36308 0.36396 0.36332 0.36301 0.36283 0.36399 0.36420 0.36404 0.40220 0.40220 0.40220 0.40220 0.40220 0.36034 0.40220 0.36299 0.36176 0.36329 0.36329 0.36335 0.36252 0.36023 0.36020 0.36033 0.36156 0.36329 0.35996 0.36218 0.36218 0.36121 0.35996 0.36015 0.36040 0.36080 0.36128 0.36265 0.36573 0.36563 0.36563 0.36509 0.36509 0.36509 0.36509 0.36509 0.36159 0.36159 0.35774 0.35921 0.35921 0.35921 0.35921 0.35921 0.35025
0.38130 0.38043 0.38130 0.38130 0.38043 0.38074 0.38161 0.36770 0.38085 0.36700 0.36434 0.36310 0.36563 0.36344 0.36496 0.36581 0.36333 0.36486 0.36467 0.36393 0.36405 0.36392 0.36373 0.36362 0.40222 0.40222 0.36035 0.35977 0.36035 0.40236 0.36048 0.36246 0.36333 0.36279 0.36309 0.36209 0.36393 0.36040 0.36023 0.36331 0.36220 0.36220 0.36220 0.36220 0.35891 0.35909 0.35935 0.36079 0.36126 0.36237 0.36565 0.36565 0.36565 0.36565 0.36565 0.36565 0.36565 0.36472 0.36565 0.36565 0.36472 0.36441 0.36441 0.36441 0.36441 0.35922 0.35922
0.38164 0.38031 0.38031 0.38164 0.38211 0.38163 0.38076 0.38163 0.36702 0.36140 0.36311 0.36872 0.36520 0.36854 0.36691 0.36581 0.36334 0.36487 0.36465 0.36291 0.36292 0.36282 0.36360 0.36352 0.36097 0.40224 0.40224 0.36037 0.36037 0.35858 0.40238 0.36238 0.36399 0.36244 0.36283 0.36286 0.36261 0.36400 0.36236 0.36333 0.36221 0.36221 0.36221 0.36221 0.36221 0.35893 0.35931 0.36071 0.36113 0.36166 0.36250 0.36470 0.36567 0.36566 0.36566 0.36566 0.36479 0.36474 0.36566 0.36566 0.36566 0.36353 0.36443 0.36443 0.36443 0.36443 0.36443
0.38166 0.38134 0.38134 0.36774 0.38213 0.38165 0.38165 0.38165 0.36762 0.37638 0.37290 0.36896 0.36522 0.36659 0.36678 0.36396 0.36669 0.36402 0.36415 0.36314 0.36274 0.36266 0.36251 0.36344 0.36172 0.40226 0.35691 0.36039 0.36039 0.35860 0.40240 0.36237 0.36347 0.36340 0.36577 0.36573 0.36344 0.36334 0.36334 0.36334 0.36223 0.36223 0.36223 0.36223 0.36223 0.36223 0.36223 0.35912 0.36217 0.35645 0.36163 0.36299 0.36568 0.36568 0.36476 0.36476 0.36568 0.36568 0.36568 0.36568 0.36568 0.36444 0.36355 0.36444 0.36444 0.36444 0.36444
0.38049 0.38129 0.38215 0.38215 0.38215 0.38167 0.38167 0.38087 0.36793 0.37331 0.37173 0.36889 0.36783 0.36612 0.36479 0.36572 0.36466 0.36376 0.36392 0.36067 0.36256 0.36251 0.36239 0.36337 0.35948 0.35693 0.40228 0.40228 0.35988 0.35861 0.35861 0.40242 0.36225 0.36341 0.36403 0.36396 0.36631 0.36336 0.36282 0.36282 0.36225 0.36225 0.36225 0.36225 0.36225 0.36225 0.36225 0.36128 0.36225 0.36123 0.36119 0.36122 0.36497 0.36301 0.36483 0.36570 0.36570 0.36570 0.36570 0.36570 0.36570 0.36446 0.36446 0.36356 0.36446 0.36446 0.36352
0.38036 0.36777 0.36777 0.38168 0.38217 0.38168 0.38052 0.37876 0.37499 0.37181 0.36958 0.36754 0.36681 0.36546 0.36447 0.36381 0.36617 0.36349 0.36167 0.36044 0.36239 0.36007 0.36229 0.36006 0.35935 0.35914 0.36120 0.40230 0.40230 0.35863 0.35863 0.40244 0.37677 0.36594 0.36997 0.36526 0.36456 0.36424 0.36338 0.36284 0.36226 0.36226 0.36226 0.36226 0.36129 0.36226 0.36129 0.36226 0.36226 0.36226 0.36218 0.36218 0.36287 0.36268 0.36445 0.36572 0.36572 0.36572 0.36572 0.36572 0.36572 0.36448 0.36448 0.36448 0.36358 0.36448 0.36448
0.38171 0.36779 0.36779 0.36779 0.38170 0.38105 0.37904 0.37568 0.37061 0.35886 0.36211 0.36686 0.36556 0.36466 0.36587 0.36366 0.36407 0.36506 0.36072 0.36023 0.36223 0.35994 0.35992 0.36235 0.36133 0.35911 0.35913 0.40232 0.40232 0.40246 0.35864 0.35918 0.40246 0.37723 0.36940 0.36842 0.36685 0.36239 0.36055 0.36339 0.36228 0.36228 0.36228 0.36228 0.36228 0.36228 0.36228 0.36228 0.36228 0.36228 0.36220 0.36220 0.36270 0.36088 0.36440 0.36367 0.36573 0.36573 0.36573 0.36573 0.36573 0.36450 0.36450 0.36450 0.36450 0.36450 0.36405
0.38172 0.38204 0.38119 0.38119 0.36578 0.37850 0.37435 0.36869 0.35798 0.35798 0.35798 0.36510 0.36889 0.36743 0.36605 0.36571 0.36377 0.36292 0.36046 0.36232 0.35980 0.35983 0.35989 0.36009 0.35919 0.35914 0.35788 0.35812 0.40234 0.40248 0.40248 0.40248 0.40248 0.40248 0.40248 0.36127 0.35919 0.36582 0.35574 0.35970 0.36120 0.35651 0.36230 0.36230 0.36230 0.36133 0.36230 0.36230 0.36230 0.36230 0.36124 0.36221 0.36221 0.36186 0.36180 0.36243 0.36464 0.36491 0.36515 0.36526 0.36407 0.36357 0.35604 0.35604 0.35604 0.35604 0.36361
0.38120 0.38254 0.38254 0.38121 0.37708 0.37048 0.36072 0.36107 0.36041 0.35799 0.35799 0.36255 0.36781 0.36630 0.36487 0.36362 0.36257 0.36067 0.35286 0.35244 0.35226 0.35470 0.35484 0.36020 0.36285 0.36106 0.36378 0.36209 0.36032 0.40250 0.40250 0.40250 0.40250 0.36899 0.40250 0.36419 0.36419 0.36691 0.35921 0.35700 0.35769 0.35924 0.35947 0.36035 0.36134 0.36134 0.36134 0.36231 0.36231 0.36231 0.36125 0.36223 0.36223 0.36223 0.36000 0.36181 0.36218 0.36154 0.36186 0.36212 0.36104 0.35606 0.35606 0.35606 0.35606 0.36104 0.36363
0.37390 0.38256 0.38207 0.38207 0.37590 0.36700 0.35990 0.36024 0.35959 0.35801 0.36137 0.36774 0.36615 0.36466 0.36516 0.36230 0.36150 0.35986 0.35228 0.35221 0.35238 0.35259 0.35301 0.35355 0.35417 0.35705 0.35766 0.35544 0.35683 0.36287 0.40319 0.40319 0.40319 0.40319 0.36426 0.36420 0.36420 0.39356 0.35869 0.35803 0.35702 0.35702 0.35443 0.36045 0.36136 0.36233 0.36233 0.36233 0.36233 0.36136 0.36225 0.36225 0.36225 0.36127 0.36002 0.36143 0.36092 0.36114 0.36135 0.36154 0.36044 0.35607 0.35607 0.35607 0.36106 0.36106 0.36106
0.38076 0.36583 0.38209 0.38049 0.37571 0.36806 0.36334 0.35868 0.36009 0.35802 0.36085 0.36774 0.36606 0.36448 0.36495 0.36207 0.36129 0.35969 0.35218 0.35221 0.35250 0.35276 0.35559 0.35392 0.35461 0.35531 0.35599 0.35453 0.35798 0.36569 0.36776 0.40321 0.40321 0.40321 0.40321 0.36428 0.36428 0.40321 0.39006 0.35849 0.35849 0.35739 0.35530 0.36206 0.36316 0.36363 0.36385 0.36235 0.36235 0.36235 0.36226 0.36226 0.36129 0.36003 0.36010 0.36005 0.36077 0.36100 0.36122 0.36141 0.36020 0.36047 0.36068 0.36107 0.36231 0.36231 0.36231
0.38078 0.36585 0.36585 0.36585 0.37333 0.36585 0.36486 0.36091 0.36052 0.35804 0.36112 0.36780 0.36602 0.36435 0.36295 0.36186 0.36110 0.35955 0.35212 0.35227 0.35266 0.35299 0.35362 0.35433 0.35509 0.35584 0.35868 0.35579 0.35752 0.36680 0.36880 0.36270 0.36434 0.36434 0.40323 0.40323 0.40323 0.40323 0.40323 0.35992 0.35947 0.36541 0.36541 0.35711 0.36226 0.36234 0.36221 0.36165 0.36289 0.36289 0.36264 0.36166 0.36043 0.36043 0.36122 0.36100 0.36123 0.36145 0.36163 0.36165 0.36022 0.36048 0.36068 0.36083 0.36233 0.36233 0.35610
0.38261 0.38261 0.36586 0.36586 0.36749 0.36729 0.36662 0.36965 0.36693 0.36435 0.36224 0.36791 0.36602 0.36427 0.36281 0.36170 0.35986 0.35946 0.35210 0.35235 0.35285 0.35327 0.35398 0.35477 0.35558 0.35636 0.35708 0.35768 0.36760 0.36587 0.36598 0.37054 0.37695 0.36436 0.36374 0.40326 0.40326 0.40326 0.40326 0.40458 0.40458 0.40458 0.35815 0.35926 0.35987 0.35986 0.35713 0.36173 0.36265 0.36256 0.36018 0.36193 0.36089 0.36091 0.36106 0.36086 0.36109 0.36129 0.36147 0.36171 0.35911 0.35928 0.35942 0.35953 0.35962 0.35435 0.35435
0.36588 0.36588 0.36600 0.36622 0.36747 0.36752 0.36712 0.37157 0.36906 0.36647 0.36581 0.36878 0.36510 0.36321 0.36166 0.36050 0.35975 0.36687 0.36184 0.35916 0.35851 0.35356 0.35436 0.35742 0.35606 0.35686 0.35757 0.35817 0.36601 0.36623 0.36162 0.36281 0.37076 0.36278 0.36650 0.35508 0.36826 0.40328 0.40328 0.40460 0.40460 0.40460 0.40460 0.40460 0.40460 0.40460 0.36448 0.36349 0.36251 0.36153 0.36050 0.36223 0.36100 0.36092 0.36097 0.36175 0.36196 0.36113 0.36129 0.36143 0.35882 0.35885 0.35886 0.35401 0.35412 0.35419 0.35436
0.38087 0.36602 0.36656 0.36690 0.36730 0.36749 0.36754 0.37367 0.37129 0.36866 0.36497 0.36729 0.36517 0.36321 0.36160 0.36043 0.35970 0.36686 0.35985 0.35916 0.35851 0.35793 0.35739 0.35693 0.35652 0.35655 0.35727 0.35786 0.36166 0.36173 0.36173 0.37033 0.36926 0.36944 0.36030 0.35672 0.36364 0.36171 0.35602 0.35178 0.35024 0.35269 0.35024 0.35024 0.40462 0.40462 0.40462 0.36714 0.36262 0.36177 0.36079 0.36163 0.36133 0.36098 0.36094 0.36163 0.36182 0.36097 0.36112 0.36123 0.35869 0.35872 0.35338 0.35386 0.35398 0.35407 0.35410
0.36618 0.36603 0.36607 0.36694 0.36720 0.36746 0.36752 0.36687 0.36660 0.37165 0.36961 0.36744 0.36526 0.36324 0.36160 0.36042 0.35970 0.36684 0.35984 0.35915 0.35850 0.35793 0.35740 0.35906 0.35653 0.35691 0.35762 0.35817 0.36177 0.36182 0.36180 0.36985 0.36231 0.36189 0.36663 0.36583 0.36182 0.35994 0.35355 0.35069 0.35033 0.35044 0.35317 0.35160 0.35423 0.35832 0.40464 0.40464 0.36547 0.36388 0.36200 0.36182 0.36149 0.36108 0.36094 0.36150 0.36169 0.36184 0.36197 0.36206 0.35995 0.35997 0.35995 0.36014 0.35378 0.35387 0.35389
0.36456 0.36395 0.36360 0.36688 0.36714 0.36744 0.36753 0.36687 0.36667 0.37185 0.36979 0.36759 0.36537 0.36332 0.36165 0.36046 0.35976 0.36683 0.35982 0.35914 0.35850 0.35793 0.35740 0.35694 0.35654 0.35716 0.35784 0.35837 0.36804 0.36188 0.36183 0.36172 0.36153 0.36545 0.36481 0.36196 0.36241 0.35839 0.35527 0.35032 0.35028 0.35029 0.35169 0.35178 0.35396 0.35396 0.36056 0.40466 0.36718 0.36409 0.36201 0.36040 0.36065 0.36117 0.36097 0.36139 0.36156 0.36169 0.36180 0.36187 0.35974 0.35974 0.35970 0.35974 0.35357 0.35365 0.36067
0.35940 0.35770 0.38297 0.36563 0.36583 0.36743 0.36754 0.36688 0.36671 0.37198 0.36992 0.36771 0.36548 0.36526 0.36368 0.36255 0.35987 0.36772 0.36091 0.36025 0.35963 0.35793 0.35740 0.35694 0.35579 0.35943 0.35792 0.35842 0.36185 0.36188 0.36716 0.36170 0.36150 0.36534 0.36468 0.36035 0.36113 0.35743 0.35655 0.35541 0.35530 0.35760 0.35574 0.35625 0.35235 0.35398 0.36124 0.40468 0.40468 0.36358 0.36174 0.36035 0.36059 0.36090 0.36111 0.36088 0.36086 0.36089 0.36098 0.36110 0.35910 0.35934 0.35964 0.35941 0.35935 0.35931 0.35933
0.38465 0.39411 0.34939 0.36567 0.36586 0.36608 0.36620 0.36647 0.36623 0.37152 0.36970 0.36934 0.36728 0.36537 0.36169 0.36273 0.35983 0.36157 0.36088 0.36023 0.35961 0.35908 0.35857 0.35813 0.35775 0.35722 0.35997 0.35829 0.36180 0.36183 0.36177 0.36164 0.36145 0.36519 0.36455 0.35913 0.35804 0.35979 0.35703 0.35638 0.35655 0.35881 0.35674 0.35678 0.35311 0.35619 0.35945 0.40470 0.40470 0.36221 0.36113 0.36033 0.36055 0.36083 0.36102 0.36090 0.36083 0.36082 0.36086 0.36094 0.35890 0.35913 0.35943 0.35921 0.35914 0.35910 0.35911
0.38528 0.34823 0.34438 0.34216 0.34261 0.34694 0.35619 0.36555 0.36649 0.36506 0.36273 0.35939 0.35644 0.35503 0.35460 0.36072 0.36004 0.36642 0.36582 0.36524 0.36470 0.36424 0.36380 0.36340 0.36307 0.36063 0.36487 0.36523 0.35874 0.36173 0.36167 0.36155 0.36136 0.36502 0.36441 0.35839 0.35797 0.35794 0.35641 0.35801 0.35838 0.36050 0.35819 0.35654 0.35614 0.35830 0.35885 0.40472 0.35879 0.35852 0.36028 0.36032 0.36053 0.36077 0.36095 0.36279 0.36271 0.36082 0.36241 0.36079 0.36093 0.35910 0.36147 0.36111 0.36105 0.36101 0.36018
0.35194 0.34681 0.34272 0.34050 0.34114 0.34589 0.35589 0.36563 0.36651 0.36472 0.35140 0.35078 0.35138 0.35138 0.35751 0.36313 0.36341 0.36807 0.36579 0.36522 0.36469 0.36423 0.36379 0.36340 0.36307 0.36052 0.36374 0.36089 0.35859 0.35861 0.35855 0.35843 0.35825 0.36250 0.36195 0.36138 0.36081 0.36028 0.36063 0.36223 0.36266 0.36161 0.36108 0.35772 0.35675 0.35831 0.35620 0.40474 0.35977 0.35741 0.35487 0.35889 0.35940 0.36073 0.36090 0.36097 0.36115 0.36056 0.36279 0.35836 0.36100 0.35919 0.35955 0.35894 0.35888 0.35885 0.35888
0.35428 0.34913 0.34539 0.38611 0.38603 0.38510 0.35930 0.38058 0.36635 0.36437 0.35308 0.35054 0.35241 0.35304 0.35919 0.36426 0.36363 0.36216 0.36025 0.36051 0.36092 0.36421 0.36378 0.36340 0.36307 0.36037 0.36423 0.36070 0.36376 0.35842 0.35837 0.35827 0.36406 0.36228 0.36182 0.36134 0.36086 0.36041 0.36315 0.36276 0.36322 0.36318 0.36251 0.35900 0.35543 0.35312 0.35353 0.40316 0.40316 0.35985 0.35876 0.35876 0.36192 0.35974 0.35988 0.36097 0.36139 0.36057 0.36280 0.36081 0.36112 0.36140 0.35972 0.36209 0.36027 0.36018 0.35973
0.34462 0.32988 0.38993 0.32791 0.38458 0.38349 0.38141 0.37900 0.37474 0.36406 0.35563 0.35502 0.35331 0.35415 0.35920 0.36448 0.36195 0.36046 0.36235 0.36062 0.36095 0.36142 0.36191 0.36239 0.36466 0.36503 0.36535 0.36559 0.36484 0.36395 0.36389 0.36372 0.36348 0.36453 0.36420 0.36384 0.36348 0.36315 0.36433 0.36389 0.36431 0.36424 0.36231 0.36005 0.35707 0.35228 0.35236 0.40318 0.40318 0.40461 0.36039 0.36117 0.36412 0.36401 0.36232 0.36242 0.36422 0.36320 0.36444 0.36278 0.36207 0.36351 0.36325 0.36636 0.36641 0.36219 0.36388
0.39093 0.39111 0.39111 0.39093 0.37324 0.36513 0.36639 0.37698 0.37325 0.36740 0.40211 0.38086 0.38015 0.35776 0.36025 0.35843 0.36144 0.36089 0.35917 0.36073 0.36096 0.36111 0.36177 0.36216 0.36252 0.36468 0.36311 0.36333 0.36341 0.36347 0.36527 0.36517 0.36317 0.36481 0.36457 0.36382 0.36356 0.36331 0.36372 0.36561 0.36757 0.36745 0.36667 0.36349 0.35582 0.35352 0.35186 0.35237 0.40320 0.40463 0.40463 0.35919 0.36327 0.36766 0.36403 0.36419 0.36446 0.36549 0.36549 0.36389 0.36156 0.36275 0.36532 0.36644 0.36703 0.36702 0.36702
0.35545 0.39095 0.35467 0.35467 0.36616 0.36804 0.36625 0.36727 0.36598 0.36468 0.36521 0.40213 0.40213 0.36127 0.36123 0.36156 0.36206 0.35915 0.35954 0.36098 0.36112 0.36120 0.36122 0.36009 0.36228 0.36229 0.36144 0.36467 0.36293 0.36300 0.36301 0.36296 0.36287 0.36460 0.36397 0.36380 0.36363 0.36346 0.36382 0.36609 0.36758 0.36668 0.36760 0.35856 0.35713 0.35555 0.35361 0.35212 0.35469 0.40465 0.40465 0.40465 0.40465 0.40465 0.40465 0.36899 0.36551 0.36551 0.36551 0.36391 0.36135 0.36369 0.36469 0.36572 0.36704 0.36747 0.36747
