test/test_data/tcaap/monthly_variance_over_all_Jun__actual_et__2015-01-01_to_2019-12-31__180_by_260__inches.asc
NCOLS        180
NROWS        260
XLLCORNER     476375.000
YLLCORNER    4970875.000
CELLSIZE        100.000
NODATA_VALUE -9999.
[rows 30 to 59 of 260, columns 67 to 133 of 180]
0.89764 0.89764 0.89764 0.89080 0.87045 0.86319 0.88267 0.89823 0.89823 0.89823 0.89823 0.89823 0.88689 0.89823 0.88333 0.88738 0.86733 0.86733 0.86733 0.86733 0.86733 0.84461 0.86274 0.98307 0.98307 1.0207 1.1477 0.98092 0.98092 0.98092 0.98092 0.98092 0.92818 0.92818 0.98092 0.98092 0.88303 0.88303 0.87591 0.87591 0.86982 0.88030 0.90114 0.92858 0.97555 0.97555 1.0014 1.4544 1.4544 1.1051 0.85888 0.86551 0.84706 0.86551 0.86551 0.87808 1.4544 1.4544 1.4544 1.4544 1.4544 1.4544 1.4544 1.4544 1.4544 1.4544 0.88682
0.89764 0.89764 0.89764 0.89764 0.89823 0.88267 0.88267 0.88267 0.89823 0.88333 0.85212 0.88333 0.88333 0.88333 0.88333 0.88738 0.86733 0.86733 0.86733 0.86733 0.86733 0.73268 0.86947 0.98307 0.88714 0.82617 0.98092 0.98092 0.98092 0.95961 0.99508 0.98092 0.98092 0.98092 0.98092 0.84681 0.88303 0.88303 0.87591 0.87591 0.88303 0.86303 0.86303 0.87591 0.97555 0.99860 1.0014 1.4544 1.4544 1.1051 0.86551 0.86551 1.0873 0.87808 0.87808 0.87808 1.4544 1.4544 1.4544 1.4544 1.4544 1.4544 1.4544 1.4544 1.4544 0.87840 0.88682
0.89764 0.89764 0.89764 0.89764 0.89823 0.89823 0.89621 0.89823 0.89823 0.78701 0.85451 0.88475 1.1308 1.0529 0.88738 0.88738 0.88738 0.88738 0.88738 0.88738 0.88738 0.88738 0.86947 0.88714 0.86672 0.85042 0.93876 0.96527 0.95583 0.95961 0.98444 0.98092 0.95961 0.98092 0.98092 0.85156 0.87591 0.88303 0.88303 0.88303 0.88303 0.88303 0.99860 0.94469 0.99860 0.99860 1.4544 1.4544 1.4544 1.4544 1.1051 0.86551 0.98245 0.87808 0.87808 0.87808 1.4544 1.4544 1.4544 1.4544 1.4544 1.4544 1.4544 1.4544 1.4544 0.87840 0.88682
0.87075 0.89764 0.89764 0.89764 0.89823 0.89823 0.89823 0.89823 0.89823 0.77912 0.78701 0.74986 0.72960 0.87121 0.73851 0.88738 0.88738 0.86232 0.86232 0.91318 0.88738 0.88738 1.0105 0.98843 0.98843 0.92444 0.95416 0.94887 0.95350 0.95015 0.96914 0.95948 0.95961 0.98092 0.98092 0.94618 0.92838 0.95851 0.86303 0.86303 0.85156 0.98632 0.98632 0.99860 0.99860 0.99860 1.4544 1.4544 1.4544 1.4544 1.1051 1.1395 0.88101 0.87808 0.87808 0.87808 1.4544 1.4544 1.4544 1.4544 1.4544 1.4544 1.4544 1.4544 1.4544 0.89460 0.88682
0.89764 0.89764 0.88360 0.88360 0.88267 0.89823 0.89823 0.89823 0.89664 0.72960 0.79863 0.75476 0.87121 0.87121 0.87826 0.73851 0.86232 0.86232 0.86232 0.95392 0.95392 0.88738 0.93106 0.98843 0.96537 0.94303 0.93196 0.94140 0.95015 0.95015 0.95015 0.95015 0.98092 0.98092 0.98092 0.94024 0.91848 0.94493 0.94493 0.94493 0.94493 0.98632 0.98632 0.99860 0.99860 0.99860 1.4544 1.4544 1.4544 1.4544 1.4544 1.1050 0.86551 0.86551 0.86551 0.87808 1.4544 1.4544 1.4544 1.4544 1.4544 1.4544 1.4544 1.4544 1.4544 1.4544 0.90617
0.88839 0.79143 0.89441 0.87309 0.85693 0.88567 0.89823 0.89823 0.84485 1.1788 1.0005 1.1454 1.1788 1.1788 0.77851 0.96762 0.89448 0.89990 0.88738 0.88738 0.88738 0.88738 0.85921 0.96537 0.94502 0.94322 0.93263 0.95015 0.95015 0.95015 0.95015 0.95960 0.95960 0.95960 0.83674 0.85689 0.85689 0.94493 0.94493 0.94493 0.94493 0.94493 0.99860 1.0091 0.99860 1.4480 1.4544 1.4544 1.4544 1.4544 1.4544 1.1050 1.1050 0.87808 0.87808 0.89749 1.4544 1.4544 1.4544 1.4544 1.4544 1.4544 1.4544 1.4544 1.4544 1.4544 0.92138
0.88839 0.79142 0.89441 0.87309 0.87722 0.88406 0.88567 0.88567 1.1793 1.1793 1.1570 1.1793 1.1793 1.1793 1.0259 1.0157 1.0138 0.87374 0.90174 0.88738 0.88738 0.73851 0.96537 0.92022 0.92917 0.93068 0.93828 0.95028 0.95015 0.95015 0.95015 0.95960 0.95015 0.91841 0.83674 0.86379 0.86379 0.94493 0.94493 0.94493 0.94493 0.99860 0.99860 0.99860 0.99860 1.0999 1.4544 1.4544 1.4544 1.4544 1.4544 1.1050 0.83618 0.87808 0.89749 0.89749 0.88682 0.87840 1.4544 1.4544 1.4544 1.4544 1.4544 1.4544 1.4544 1.4544 1.4544
0.90180 0.90180 0.90180 0.88406 0.88567 0.86384 0.87914 0.74740 0.75747 0.77464 1.1570 1.2142 1.0997 0.88488 0.89160 0.89160 0.89160 0.88276 0.90643 0.87754 0.87754 0.87754 0.89399 0.90646 0.91545 0.92339 0.93024 0.94281 0.94344 0.81276 0.95015 0.95015 0.95015 0.87563 0.89542 0.86379 0.86379 0.94493 0.94493 0.94493 0.99860 0.99860 0.99860 0.99860 0.99860 0.99860 1.0233 1.4544 1.4544 1.4544 1.4544 1.0706 0.84706 0.89749 0.89749 0.89749 0.88682 0.88682 0.94451 1.0010 1.0431 1.4544 1.4544 1.4544 1.4544 1.4544 1.4544
0.90180 0.90180 0.89441 0.88406 0.88567 0.85277 0.80863 0.75335 0.76131 0.77464 1.1570 1.0997 1.0997 0.88488 0.89160 0.89160 0.89160 0.89160 0.89160 0.87898 0.87754 0.87754 0.88556 0.91331 0.90767 0.91669 0.92339 0.94046 0.94228 0.94199 0.94315 0.95193 0.87325 0.87325 0.87325 0.85141 0.85141 0.82106 0.93748 0.93748 0.98994 0.98994 0.99860 0.99860 0.99860 1.0014 0.94060 1.0233 1.4544 1.4544 1.0706 1.0706 0.84706 0.89749 0.89749 0.89749 0.88682 0.88682 0.88682 0.99732 1.0779 1.0779 1.4544 1.4544 1.4544 0.87840 0.88676
0.89441 0.89441 0.89441 0.97946 0.98305 0.80996 0.82818 0.82818 0.82818 0.77463 1.1570 1.0997 1.0997 0.87212 0.87754 0.87754 0.87754 0.87754 0.87898 0.87754 0.87754 0.87754 0.86407 0.89303 0.89870 0.90857 0.91588 0.93537 0.93920 0.93773 0.93188 0.92069 0.87325 0.87325 0.87325 0.85141 0.85141 0.94857 0.93748 0.93748 0.93748 0.98994 0.98994 0.98994 0.98994 0.98479 0.98479 0.95639 0.95639 1.0554 1.0554 1.0554 0.82896 0.86350 0.89749 0.89749 0.88682 0.88682 0.88682 0.87415 0.88682 0.88481 1.4544 1.4544 0.88481 0.87260 0.88676
0.90180 0.90047 0.89346 0.87722 0.99259 0.78718 0.92586 0.92586 0.92586 0.82818 1.1793 1.0803 1.0803 0.87402 0.72444 0.82987 0.87898 0.87754 0.87754 0.87754 0.87754 0.87754 0.78719 0.88540 0.89065 0.90022 0.90811 0.91296 0.91503 0.91483 0.91238 0.90297 0.87325 0.87325 0.87325 0.85141 0.85141 0.94857 0.93747 0.93747 0.93747 0.97083 0.98180 0.96724 0.98994 0.98479 0.98479 0.95639 0.95639 1.0887 1.0554 1.0554 0.84816 0.86350 0.88306 0.88306 0.88250 0.88250 0.88250 0.86576 0.86576 0.88250 0.88250 0.88250 0.88250 0.88023 0.86507
0.90180 1.0042 1.0042 0.91409 0.88406 0.87212 0.88567 0.99259 0.99259 0.99259 1.0189 1.1535 1.4563 1.4563 0.84982 0.72960 0.78719 0.87754 0.87754 0.87754 0.87754 0.87754 0.87754 0.88049 0.88518 0.89424 0.90155 0.90600 0.90777 0.90727 0.90489 0.88775 0.87842 0.87325 0.87325 0.85141 0.85141 0.94857 0.93748 0.93748 0.93748 0.92138 0.92725 0.93099 0.93472 0.97192 0.98479 0.98479 0.98479 0.98479 1.0554 1.0554 1.0554 0.86350 0.88306 0.88306 0.88250 0.88250 0.88250 0.86576 0.86576 0.86576 0.86576 0.88250 0.88250 0.88250 0.85064
0.90180 1.0042 1.0042 0.92090 0.88406 0.88567 0.88567 0.99259 0.99259 0.99259 1.1535 1.1535 1.1570 0.83882 0.87898 0.87754 0.86222 0.85974 0.86085 0.87754 0.87754 0.87754 0.87754 0.78719 0.85732 0.89130 0.89791 0.90146 0.90239 0.90148 0.89948 0.87876 0.87546 0.87595 0.87806 0.89140 0.83211 0.93747 0.93747 0.93747 0.93747 0.92018 0.82624 0.82997 0.93472 0.98479 0.98479 0.98479 0.98479 0.98479 1.0554 1.0554 1.0554 1.1224 0.87361 0.88306 0.88250 0.88250 0.88250 0.86576 0.88250 0.86576 0.88250 0.88250 0.88250 0.88250 0.87791
0.90180 1.0042 1.0042 0.88406 0.88567 0.88567 0.88567 0.88567 0.88567 0.98305 1.4563 1.1570 1.1570 0.87898 0.87898 0.87898 0.87205 0.86085 0.87754 0.87754 0.87754 0.87754 0.87754 0.87754 0.86153 0.90364 0.90960 0.91236 0.90097 0.89978 0.89826 0.87741 0.87750 0.88302 0.89070 0.89662 0.90740 0.92130 0.93747 0.93747 0.94091 0.82336 0.82526 0.82902 0.83414 0.98479 0.97192 0.98479 0.98479 0.98479 0.95639 1.0554 1.0554 1.1466 1.0552 0.88306 0.88250 0.88250 0.88250 0.88250 0.88250 0.88250 0.88250 0.88250 0.88250 0.88250 0.87791
0.90180 1.0260 0.90047 0.88567 0.87784 1.4563 1.4563 1.4563 0.88567 0.88406 1.4563 1.4563 1.0145 0.87898 0.87898 0.87898 0.87898 0.87754 0.89160 0.87754 0.87754 0.87754 0.87754 0.89160 0.87374 0.89584 0.90198 0.91627 0.90487 0.90384 0.90298 0.90342 0.90547 0.90921 0.91234 0.91934 0.92704 0.93785 0.94184 0.94290 0.94387 0.82338 0.82471 0.82652 0.83193 0.98479 0.98479 0.98479 0.98479 0.98479 0.98479 0.92177 1.0554 1.1466 1.2685 1.0261 0.88250 0.88250 0.88250 0.88250 0.88250 0.88250 0.86300 0.88250 0.88250 0.88250 0.88033
1.0055 1.0055 0.89441 1.4563 1.4563 1.4563 1.4563 0.87784 0.87784 1.4563 1.4563 1.1570 1.0145 0.87898 0.87898 0.89277 1.4548 0.87898 0.87754 0.87754 0.87754 0.87754 0.87754 0.89160 0.88670 0.92342 0.91045 0.92517 0.91419 0.91394 0.91392 0.91512 0.91752 0.92097 0.92607 0.93222 0.93841 0.95313 0.95326 0.95197 0.95061 0.82377 0.82454 0.82596 0.82895 0.98479 0.98479 0.98479 0.98479 0.98479 0.98479 0.93150 0.87146 1.0784 1.2685 1.0431 0.98587 0.88023 0.88250 0.86742 0.88250 0.88124 0.86172 0.86300 0.88250 0.88250 0.88033
0.97039 0.99685 0.88855 1.4595 1.4595 1.4595 1.4595 1.4595 1.4595 1.1682 1.1682 1.0122 1.0145 0.87898 0.89160 0.89160 1.4548 1.4548 0.87898 0.87898 0.89277 0.87754 0.87754 0.89160 0.88670 0.99174 0.81069 0.92404 0.92563 0.92618 0.92682 0.92839 0.93089 0.93392 0.94093 0.96075 0.96723 0.96254 0.96176 0.95245 0.95195 0.82440 0.82462 0.82563 0.92634 0.98479 0.98479 0.98479 0.98479 0.98479 0.98479 0.93150 0.93150 1.0784 1.2685 1.1211 1.1211 1.1419 1.2701 1.2701 1.4483 1.2701 1.0474 0.88250 0.88250 0.88250 1.1420
0.97039 0.97039 0.88855 0.88828 1.4595 1.4595 1.4595 1.4595 1.4595 1.1682 1.0333 1.0786 1.0786 0.89440 0.88598 1.1043 1.4540 1.4540 0.87203 0.87203 0.87203 0.87203 0.87203 0.88598 0.97077 0.97077 0.97077 0.80846 0.93728 0.93817 0.93888 0.94001 0.94154 0.94335 0.95226 0.96723 0.96723 0.96723 0.96587 0.95569 0.82596 0.82513 0.82485 0.82544 0.92538 0.98479 0.98479 0.98479 0.95639 0.95639 0.83195 0.93149 0.93149 0.92177 1.0554 0.87280 1.1226 0.87280 1.2701 1.4483 1.4483 1.2701 1.0730 1.0016 0.86742 1.0838 1.0793
0.99854 0.99798 0.97039 0.94105 0.94105 0.93534 1.4595 1.4595 1.4595 1.0382 1.0786 0.87546 0.97250 1.1043 1.1043 1.1043 1.4540 1.4540 0.87203 0.87203 0.87203 0.87203 0.87203 0.90847 0.96460 0.95779 0.96408 0.98910 0.81577 0.95061 0.95150 0.95235 0.95311 0.95393 0.95750 0.98780 0.98994 0.98994 0.98994 0.96584 0.83103 0.82580 0.82509 0.82530 0.82682 0.95064 1.4497 1.4497 1.4497 0.92177 0.93149 0.93149 0.93149 0.93149 0.87144 0.84756 0.84756 0.84756 0.80386 1.4483 1.4483 1.0730 1.0082 0.85443 1.1993 1.1092 1.1064
0.99854 0.99798 0.99911 0.99911 0.94105 0.94105 1.4595 1.4595 1.4595 1.0382 0.86718 0.97250 0.97250 1.1043 1.1043 1.1043 1.4540 1.4540 0.87203 0.88598 0.88598 0.87203 0.87203 0.90847 0.95427 0.96496 0.99892 0.97038 0.95402 0.81886 0.95863 0.95873 0.95882 0.95890 0.96278 0.98852 0.98808 0.93175 0.93175 0.83425 0.83142 0.82650 0.82550 0.82538 0.82652 0.95730 1.4425 1.4425 0.95639 0.98479 0.93149 0.93876 0.93149 0.93149 0.71700 0.82632 0.97964 0.70917 0.78004 0.82252 0.87278 0.87278 0.70917 0.82394 0.70917 0.70917 1.2542
0.99798 0.99798 0.99911 0.99911 0.92758 0.88828 0.88650 1.4595 1.4595 1.4595 0.86718 1.0161 0.86854 0.89440 1.1043 1.3164 1.4540 1.4540 1.4540 0.88598 0.88598 0.87203 0.87203 0.91142 0.81179 0.96307 0.96909 0.98351 0.97111 0.81538 0.95919 0.96369 0.96301 0.96229 0.96587 0.96583 0.96522 0.93175 0.93175 0.83425 0.83139 0.82896 0.81934 0.74481 0.83779 0.94435 0.97007 0.94429 0.94429 0.99549 0.94429 0.94429 0.94429 0.94429 0.77594 0.75974 0.75974 0.91962 0.81819 0.81744 0.83680 0.81780 0.73341 0.88549 0.73341 0.70340 0.84468
1.0091 0.99798 0.99911 0.99911 0.85900 0.88828 0.88828 0.87410 1.4595 1.4595 1.4595 0.97082 0.86718 1.0146 0.87158 1.1472 1.4540 1.4540 1.4540 1.4540 1.1043 0.87203 0.87203 0.91142 0.91142 0.81538 0.97438 1.1006 1.0100 1.0340 0.91142 0.93413 0.96570 0.96080 0.96505 1.0041 0.83424 1.0103 1.0103 0.99722 0.99085 0.95657 0.97485 0.83892 0.74015 0.96837 1.0184 1.0184 1.0184 0.94429 1.0184 0.97007 1.0118 1.0184 1.0057 0.99799 0.99799 0.99799 1.1067 1.0732 0.90703 0.93293 0.95652 0.89072 0.92693 0.97213 0.86798
0.98735 0.99798 0.99911 0.99911 0.88828 0.88828 0.86661 1.4595 0.86736 0.85342 1.4595 1.0399 1.0122 0.87158 0.86572 1.1472 1.1472 1.2673 1.4540 1.4540 1.4540 0.87203 0.90847 0.91142 0.91142 0.91142 0.91142 1.4525 1.4525 1.4525 0.99515 0.75163 0.94165 0.82079 0.93175 0.96505 0.96505 1.0103 0.99722 0.99722 1.0041 1.0103 0.99722 0.99722 0.88750 0.89631 1.0184 1.0184 1.0184 1.0184 1.0184 1.0118 1.0118 1.0184 1.0057 0.99799 1.0107 1.0107 1.1498 1.2688 1.2688 0.94761 1.1842 1.0264 1.0264 1.0221 0.96275
0.99798 0.99798 0.99911 0.99911 0.99911 0.88828 0.86854 0.88027 0.88027 1.4595 1.4595 1.4595 1.0818 0.87158 0.87158 1.2612 1.0326 1.0326 1.4540 1.4540 1.4540 0.85047 0.90847 0.91142 0.91142 0.91142 1.4525 1.4525 1.4525 1.4525 1.4525 0.94165 0.76860 0.97434 0.83424 0.83424 0.97824 0.99722 0.99722 1.0282 1.0041 1.0103 0.99722 0.99722 0.88750 1.0057 1.0184 1.0184 1.4426 1.0184 1.0184 1.0240 1.0118 1.0184 1.0057 0.99799 1.0107 1.0107 1.2688 1.2688 1.2688 1.2688 1.2688 1.2688 1.0264 1.0221 1.4466
0.99798 0.99798 0.99911 0.99911 0.87410 0.87410 0.88828 0.88828 1.4595 1.4595 1.4595 1.0122 0.88795 0.86393 1.0233 1.2642 1.1472 0.89007 0.89007 1.4540 1.0331 0.90847 0.90847 0.91142 0.91142 0.91142 1.4525 1.4525 1.4525 1.4525 1.4525 1.4525 0.99515 0.91142 0.96505 0.83424 0.84508 1.0103 1.0103 1.0041 1.0041 1.0103 1.0103 0.99722 1.0057 1.0057 1.0057 1.0057 1.0065 1.4426 1.0118 1.0118 1.0118 1.0184 1.0057 0.99799 1.0107 1.0107 1.2688 1.2688 1.2688 1.2688 1.2688 1.2688 1.0226 1.4466 1.4466
0.99798 0.99798 0.99911 0.99911 0.87410 0.88828 0.88828 0.88828 1.4595 1.4595 1.4595 1.0354 0.86572 0.86393 0.87398 1.2642 0.87804 0.88718 0.89440 1.2642 1.1287 0.90847 0.90847 0.91142 0.91142 0.91142 1.4525 1.4525 1.4525 1.4525 1.4525 1.4525 1.0000 0.99515 0.92465 0.96505 0.96505 1.0103 1.0103 1.0041 1.0041 1.0103 1.0103 0.99722 1.0057 1.0057 1.0057 1.0057 1.0184 1.4426 1.0118 1.0184 1.0184 1.0057 1.0057 1.0107 1.0107 0.96291 1.0037 1.2688 1.2688 1.2688 1.2688 1.2688 1.2733 1.4466 1.4466
0.98709 0.98709 0.98778 0.98778 0.98778 0.87711 0.88828 0.88828 1.4595 1.4595 1.4595 1.4595 1.0418 0.86393 0.87398 0.87398 0.88497 0.89440 0.89440 1.1096 1.0449 0.90847 0.90847 0.91142 0.91142 0.91142 1.4525 1.4525 1.4525 1.4525 1.4525 1.4525 1.4525 0.99085 0.82895 0.95657 0.96505 1.0103 1.0041 1.0041 1.0103 1.0103 1.0103 0.99722 1.0057 1.0057 1.0118 1.0057 1.0057 1.0184 1.4426 1.4426 1.0118 1.1471 0.99799 1.0107 1.0107 0.96291 1.0107 0.99799 1.1196 1.1366 1.2688 1.2688 0.89887 1.4466 1.4466
0.96116 0.98709 0.98778 0.98778 0.98915 0.87496 0.87711 0.87711 1.4564 1.4564 1.4564 1.4564 1.4541 1.4541 0.84473 0.85984 0.88011 0.88530 0.88718 1.0652 1.0016 0.90847 0.90847 0.91141 0.91141 0.91141 1.4525 1.4525 1.4525 1.4525 1.4525 1.4525 1.4525 1.1763 0.99085 0.82895 1.0175 1.0103 1.0041 1.0041 1.0041 1.0041 1.0041 0.99722 1.0057 1.0057 1.0118 1.0057 1.0057 1.0214 1.0341 1.4426 1.0118 1.0057 0.99799 0.99799 0.99799 1.0107 1.0107 0.99799 0.99799 0.99641 0.89887 0.89887 0.89887 0.89864 1.4466
0.92217 0.99791 0.98778 0.98778 0.97182 0.97182 0.86185 0.87496 0.87496 1.4564 1.4564 1.4564 1.4541 1.4541 1.4541 0.86888 0.90646 0.93242 0.84780 0.79060 0.81857 0.90398 0.90398 0.91556 0.91556 0.91556 0.91556 1.4515 1.4515 1.4515 1.4525 1.4525 1.4525 1.4465 1.4465 0.83423 0.83423 1.0103 1.0041 1.0041 1.0041 1.0041 1.0041 0.99722 1.0057 1.0057 1.0057 1.0057 1.0057 1.0057 1.1304 1.0341 1.0341 1.0184 0.99799 0.99799 0.99799 0.99799 1.0107 0.99799 0.99799 0.98467 0.89887 0.89887 0.89887 0.97736 0.97736
0.75476 0.97116 0.98778 0.98778 0.98778 0.96425 0.97826 0.87496 0.83072 0.86821 1.4564 1.4564 1.4541 1.4541 1.0356 0.85984 0.89086 0.92830 0.94638 0.94700 1.0051 0.90397 0.90397 0.91556 0.91556 0.91556 0.91556 0.92205 1.4515 1.4515 1.4515 1.4515 1.4515 1.4494 1.0106 0.97085 0.83906 1.0173 1.0106 1.0106 1.0173 0.99085 0.99722 1.0103 1.0184 1.0184 1.0184 1.0057 1.0057 1.0341 0.93713 0.93713 0.99549 1.0184 1.0107 0.99799 0.99799 1.0107 0.99799 0.99799 0.99799 0.99799 0.99898 0.99898 0.97754 0.97736 0.97736
