test/test_data/tcaap/monthly_mean_over_all_Jul__actual_et__2015-01-01_to_2019-12-31__180_by_260__inches.asc
NCOLS        180
NROWS        260
XLLCORNER     476375.000
YLLCORNER    4970875.000
CELLSIZE        100.000
NODATA_VALUE -9999.
[rows 64 to 95 of 260, columns 71 to 141 of 180]
6.1132 6.1132 6.1132 4.1599 4.2544 4.3437 6.1132 6.1132 6.1082 6.1082 6.1082 4.3238 4.3038 4.0947 4.1283 4.1696 3.5659 3.5541 3.4884 4.1182 4.1182 4.1182 4.1182 4.1182 4.1182 4.1182 4.1182 4.1182 4.1182 4.6736 4.7829 4.6736 4.6736 4.6736 4.1872 4.7829 4.7829 4.7927 4.7927 4.8275 4.7953 3.6575 4.2917 4.2917 3.6567 4.2925 4.2925 3.6568 4.2931 4.5662 4.5769 4.7449 4.8173 4.7279 4.7111 4.7892 4.7892 4.7287 4.8173 5.0121 4.6923 4.6421 4.6421 4.6421 4.6421 4.7144 4.6185 6.0500 4.3915 4.3100 4.9101
6.1133 6.1133 6.1133 4.1599 3.1922 4.2505 4.2505 4.2505 4.0947 3.6083 3.6084 4.2882 4.3038 4.3886 4.3473 3.6083 3.5642 3.5511 3.5107 3.5020 3.4877 4.6533 4.6533 4.1182 4.1182 4.6533 4.4592 4.4005 4.7905 4.6736 4.6736 4.7829 4.1872 4.1872 4.1872 4.1872 4.7829 4.7523 4.7523 4.7953 4.7953 4.2917 4.2917 4.2917 4.2917 4.2917 4.2917 4.7105 4.7132 4.5669 4.5807 4.5825 4.7279 4.7279 4.7892 4.7892 4.7892 4.3869 5.2661 5.1085 4.6923 4.6923 4.6421 4.6421 4.6421 4.4752 4.4034 4.4111 4.4111 4.4111 4.8090
4.6232 3.1633 6.1133 3.1732 3.1859 4.2505 4.2505 4.2505 4.3038 4.3887 4.3821 4.3821 4.0947 4.3887 4.3403 4.3821 4.1569 4.3439 3.5568 4.4592 4.6533 4.6533 4.6533 3.4877 4.4828 4.6449 4.6532 4.4005 4.7945 4.7523 4.7523 4.7523 6.0784 6.0784 4.1872 4.1872 4.1872 4.7523 4.7523 4.7953 4.7953 4.2917 4.2917 4.2917 4.6957 3.6575 4.2917 4.2917 3.6570 4.5793 4.5806 4.5794 4.7279 4.8173 4.7892 4.7892 4.7892 4.8155 4.7892 5.1371 4.6923 4.6421 4.6421 4.6421 4.6768 4.8042 4.2937 4.2735 4.7896 4.7896 4.9472
4.1019 4.1020 4.1929 4.1284 4.2892 4.3475 4.3475 4.3359 4.3039 4.4030 4.4030 4.3704 4.3398 3.6088 4.3473 4.3005 3.3862 3.3862 3.2440 5.0240 4.9178 4.7567 3.4877 3.4890 3.4890 4.1250 4.7243 4.7945 4.7945 4.7523 4.7523 4.7523 6.0784 6.0784 4.1872 4.1872 4.1872 4.1942 4.1942 4.2917 4.2917 4.2917 4.2917 4.6957 4.5147 3.6575 3.6575 3.6570 3.6570 3.6567 3.6329 3.6328 3.6329 4.2838 4.2779 4.2779 4.2779 4.7892 4.7892 4.7892 4.6765 4.7531 4.4357 4.4357 4.6768 4.2652 4.6646 4.6646 4.6052 4.5107 4.3100
4.6914 6.0966 4.2000 4.3618 4.2892 4.3475 4.3475 4.2435 4.2435 4.3495 4.3495 4.3153 4.2790 4.2336 4.3074 3.2093 3.2036 3.2635 3.2256 4.8296 6.0970 4.7567 3.4899 3.4890 4.1250 4.1250 4.7243 4.6449 4.6753 4.7523 4.7523 4.7523 4.6641 6.0784 4.1872 4.1872 4.1942 4.1942 4.1942 4.2917 4.2917 4.2917 4.2917 4.5147 4.7134 4.2960 3.6567 3.6567 4.5279 3.6329 3.6329 3.6327 3.6331 4.2838 4.2838 3.6329 3.6329 4.7111 4.7892 4.7287 4.6765 4.6765 4.7531 4.6768 4.6768 4.6647 4.6647 4.6647 4.6647 4.5107 4.5818
4.6914 4.6586 4.5663 4.2892 4.3338 4.2450 4.3475 4.2435 4.2435 4.3496 4.3496 4.2435 4.2435 3.5731 4.2321 4.1608 4.5115 4.2263 3.1780 4.7867 5.1752 5.1443 3.4572 4.0565 4.0565 4.5858 4.6858 4.5987 4.6265 4.7172 4.7172 4.7523 4.6509 6.0784 4.1942 4.1942 4.1942 4.1872 4.1942 4.2917 4.2917 4.2917 4.2917 4.5279 3.6567 3.6567 3.6567 4.5279 4.5279 3.6329 3.6327 3.6333 3.6329 3.6329 3.6329 3.6326 3.6329 3.6329 4.2780 4.7892 4.7531 4.7531 4.7531 4.4357 4.2067 4.6647 4.6647 4.6647 4.6647 4.6647 4.8162
4.6914 4.6914 4.5531 4.3338 4.3338 4.2450 4.3475 4.2435 4.2435 4.3496 4.3496 4.3496 4.2435 4.2472 4.1608 4.1608 4.1608 4.2075 3.2257 5.1752 5.1752 4.9889 4.7107 4.0566 4.0566 4.5858 4.6858 4.6858 4.7172 4.7172 4.7172 4.6265 6.0746 6.0746 4.0853 4.0967 4.0967 3.4718 4.0967 4.1829 4.1829 4.1829 4.1829 3.2870 4.5279 4.5279 4.5279 4.7134 4.7134 4.2839 4.2780 3.6345 3.6334 3.6329 3.6329 3.6329 3.6329 4.8174 4.7892 4.7892 4.7531 4.7531 4.6421 4.4357 4.4357 4.6768 4.4357 4.5967 4.5967 4.5967 4.9508
4.6914 4.6000 4.5062 4.2892 4.3475 4.3475 4.2613 4.1608 4.2435 4.0281 4.2472 4.3496 4.3496 4.3496 4.3496 4.3496 4.3496 4.4429 3.1213 6.0941 6.0941 6.0941 4.7519 4.6858 4.6858 4.6858 4.6858 4.6858 4.7172 4.7172 4.7421 4.6387 6.0746 6.0746 4.0915 4.0915 3.4712 4.0918 4.0967 4.1829 4.1829 4.1829 4.1829 4.1829 3.2106 4.1829 4.1836 4.1836 4.6422 4.2040 4.2040 4.2040 4.2040 3.5995 3.5995 3.6328 6.0419 4.6910 4.6910 4.7892 4.7531 4.7531 3.5982 4.6421 4.6421 3.6027 3.6221 3.5951 3.6027 4.6251 4.4260
4.6914 4.8001 6.0966 5.3220 4.3475 4.3475 4.1589 4.1608 4.2842 3.5726 4.0392 4.3360 4.3360 4.3496 4.3496 4.3496 4.3496 4.0392 6.0942 6.0942 6.0942 6.0942 4.9774 4.6858 4.6858 4.6858 4.6858 4.6858 4.7172 4.7172 4.7172 4.4385 6.0746 6.0746 6.0746 3.4718 3.4718 4.0915 4.0915 4.1829 4.1829 4.1836 4.1829 4.1829 4.1829 4.1829 4.1829 4.1829 4.1829 4.2040 4.2040 4.2040 4.2040 3.5995 3.5995 4.2040 4.6540 6.0476 4.7310 4.7310 4.7437 4.7437 3.6055 4.6428 4.6142 3.6082 3.6082 3.6027 3.6027 4.6842 4.6040
4.6000 4.6281 6.0966 4.7206 4.1589 4.3475 4.1589 4.3496 4.2842 3.5721 4.0247 4.0281 4.2472 4.3496 4.3496 4.3496 4.3496 3.4767 6.0942 6.0942 6.0942 6.0942 6.0942 4.8933 4.6858 4.6858 4.6858 4.6858 4.7172 4.7172 4.5126 6.0746 6.0746 6.0746 6.0746 6.0746 3.4718 4.0915 3.4718 3.5622 4.1836 4.1836 3.6425 3.6425 4.1829 4.1829 4.1829 4.1829 4.1829 4.2040 4.2040 4.2040 4.2040 4.2080 4.2080 4.2040 4.6347 4.4714 6.0476 6.0476 4.7437 4.7437 4.6608 4.6608 4.4173 3.6082 3.6082 3.6082 3.6082 4.9944 4.6167
4.6000 4.4211 5.0766 5.2459 4.2413 4.3475 4.3475 4.3496 4.2842 3.5723 4.2351 4.0270 4.0279 4.3496 4.3496 4.3496 4.3496 3.4772 3.4557 6.0942 4.6115 4.6752 4.1851 4.5873 4.7520 4.7520 4.7227 4.7227 4.7976 4.6975 4.6975 4.4824 6.0746 6.0746 6.0746 6.0746 6.0746 3.4718 3.5620 3.5617 3.5621 4.1836 4.2144 3.5617 3.5617 3.5617 4.1836 4.6584 4.1829 4.2040 4.2040 4.2040 4.2040 4.2080 4.2080 4.2080 4.6543 4.4714 6.0476 6.0384 6.0384 6.0384 3.6046 3.6046 3.6040 3.6082 3.6082 3.6082 3.6037 5.0647 6.0591
4.6914 4.6000 5.0930 4.8355 4.6606 4.3475 4.3475 4.3496 3.5726 3.5725 4.0254 4.0270 3.5726 3.5726 4.2472 4.2847 4.2472 3.4809 3.4651 3.4557 4.7150 4.7848 4.5873 4.8766 4.6115 4.7108 4.7867 4.7867 4.7976 4.6287 4.6287 5.2234 4.4277 4.4277 6.0746 6.0746 3.4718 3.4718 3.5617 4.1836 4.1836 4.1836 4.1829 3.5617 3.5617 3.5617 4.1836 4.1829 4.1829 4.2040 4.2040 4.2040 3.5972 4.5202 4.7573 4.8057 3.5978 3.5980 3.5978 6.0384 6.0384 6.0384 3.6046 3.6046 3.6040 3.6295 3.6295 3.6295 5.1160 4.9912 6.0591
4.6914 4.6000 4.9145 4.8355 4.8355 4.3475 4.3475 4.3496 4.0317 3.5725 3.5737 3.5730 3.5726 4.1600 4.1618 4.2587 4.3313 4.3787 4.3480 4.3929 4.7150 4.6858 4.4977 4.7867 5.0304 4.6115 3.4572 3.4572 4.7172 4.9607 4.5253 4.9992 4.9264 4.4278 4.5779 4.5779 4.0915 4.0915 4.1836 4.1836 4.1836 4.1836 3.5617 3.5617 3.5617 3.5616 3.5615 3.5616 4.1829 4.2040 4.2040 4.2040 4.2040 4.5202 4.7573 4.7573 4.7573 4.6631 6.0476 3.6036 3.6040 3.6040 3.6046 4.1947 4.1947 3.6296 3.6296 3.6296 5.1090 4.9726 5.0224
4.6194 4.6914 4.7100 4.9477 5.0424 4.2047 4.3338 4.3360 4.0874 3.2099 3.5737 3.5730 3.5725 3.5726 4.0296 4.0396 4.3481 3.4811 4.3500 4.3777 4.5987 4.3817 4.6115 4.7867 5.1753 4.7520 4.0499 4.0566 4.7594 4.7876 4.7455 4.7455 4.7455 4.0915 4.6409 4.6409 4.1235 4.0915 4.1836 4.1836 4.1836 4.1836 3.5617 3.5617 3.5617 3.5615 3.5616 3.5615 4.1829 4.2041 4.2041 4.2041 4.2041 4.5202 4.8057 4.8057 4.8057 6.0476 6.0476 6.0384 6.0384 4.1947 4.1947 4.1947 4.1947 4.1947 4.1947 3.6296 4.9277 4.9277 5.0224
4.6194 4.6194 4.6898 4.6395 4.6395 4.2639 4.2639 4.2815 4.1670 3.0923 3.4375 3.4395 3.0919 3.2095 3.5726 4.0418 4.3745 4.0771 4.3680 4.3771 4.5987 4.5859 4.7150 4.8766 4.9774 4.7520 4.7150 4.7520 4.7459 4.7876 4.7455 4.7455 4.7455 4.0915 4.0915 4.6409 4.0915 4.0915 4.1836 4.1829 4.1829 4.1836 4.1836 4.1829 4.1836 3.5615 3.5616 4.1831 4.1829 4.2041 4.2041 4.2041 3.5972 4.5436 4.8058 4.8058 4.7651 6.0476 6.0476 6.0384 6.0384 4.6375 4.6375 4.1947 4.1947 4.6375 4.1947 4.1947 4.1947 4.9277 4.8491
4.6194 4.6194 4.6194 4.6496 4.6898 4.6496 4.2815 4.2815 4.1670 3.0945 3.0907 3.4394 3.0919 3.0918 3.9554 3.9554 4.2902 3.4168 4.2585 4.3450 4.5444 4.6436 4.6741 4.9220 4.8168 4.7520 4.7150 4.7455 4.7455 4.7876 4.7876 4.7455 4.7455 4.7455 4.0915 4.6409 4.0915 4.0915 4.1836 4.1836 4.1829 4.1836 4.1836 4.1836 4.1836 3.5617 3.5615 4.1830 4.1829 4.2041 4.7311 4.6450 4.7311 4.7311 4.7651 4.7311 4.7311 6.0476 6.0476 6.0384 6.0384 4.6375 4.1947 4.4483 3.6858 4.4483 4.1947 4.1947 4.1947 3.6296 3.5597
4.6194 4.6194 4.6194 4.6194 4.6496 4.6496 4.2815 4.1670 4.0832 3.0945 3.0905 3.0913 3.4410 3.4404 3.9554 4.1718 4.1718 4.0867 4.2981 4.1874 4.6436 4.6436 4.6800 4.6800 4.9740 4.6595 4.7107 4.6740 4.6740 4.6740 4.6740 4.5779 4.7066 3.9929 6.0781 6.0781 4.6740 4.7455 4.7690 4.7690 4.6618 4.1836 4.1836 3.5617 3.5617 3.5617 3.5615 3.5615 4.2047 4.6450 4.6450 4.7652 4.7652 4.7311 4.7311 4.7311 4.6450 6.0476 6.0476 4.6788 4.7767 4.1947 4.1947 3.6858 4.4483 4.6376 4.6376 3.6040 4.1947 3.5597 3.5597
4.6194 4.6194 4.6194 4.6194 4.6496 4.6496 4.5685 4.1670 3.0945 3.0945 3.0901 3.4381 3.4408 4.1706 4.1718 4.1718 4.1718 4.2981 4.2981 4.2981 4.4334 4.6436 4.6800 4.7107 4.6595 4.8168 4.7107 3.9929 3.9929 5.0782 4.6740 4.5557 4.6740 4.6740 4.6454 6.0781 4.6740 4.6740 4.6787 4.6160 4.7098 4.0697 3.4820 3.4816 3.4820 3.4820 3.4813 3.4813 3.5251 4.4564 4.4542 4.6450 4.7574 4.8058 4.8058 4.7574 6.0477 6.0477 6.0477 5.0440 5.0134 4.1947 4.1947 4.1947 4.6376 4.6376 4.6878 4.1947 4.1231 3.5597 3.5597
4.6194 4.6194 4.6194 4.6194 4.6898 4.5476 3.4191 4.0428 3.0918 3.0918 3.4424 4.1718 4.1718 4.1718 4.1718 4.1718 4.1718 4.2981 4.2981 4.2981 4.2099 4.8168 4.0029 4.0029 4.0619 4.8168 4.9700 4.9714 4.9714 5.1711 4.8877 4.5417 4.6454 4.6454 4.6454 4.6454 4.6454 4.6454 4.6787 4.7098 4.7098 4.0737 3.4813 3.4813 3.4812 3.4812 4.3867 4.3874 3.5251 3.5252 4.7366 4.6412 4.7412 4.7858 4.7412 4.7412 6.0440 6.0440 6.0440 4.9956 4.1236 4.1947 4.1947 4.1947 4.1947 4.1947 4.1947 4.1947 4.1231 3.5597 3.5597
4.6194 4.6194 4.6194 4.6194 4.6194 3.0752 3.0850 4.0615 3.0885 3.0889 3.4405 4.1718 4.1718 4.1718 4.1718 4.1718 4.1718 4.1858 4.1858 4.1858 4.1796 4.6800 4.5132 5.0081 4.7107 4.5618 4.9700 4.9714 4.9714 5.0729 5.0729 5.0729 4.5417 4.3048 4.5283 4.6454 4.5633 4.5633 4.6787 4.6787 4.6787 4.0737 3.4808 3.4810 3.4810 3.4808 3.4809 3.4810 3.5254 3.5257 3.5259 3.5255 3.5255 4.7453 4.7858 4.7453 4.7453 3.5255 4.1379 4.1236 4.6206 4.6206 4.6206 4.6206 4.6206 4.1236 4.1236 4.1236 3.5265 3.4959 3.4970
4.6194 4.6194 4.6194 4.6194 4.6194 3.4018 3.0857 4.0806 3.0852 3.0852 3.4329 4.0006 3.9554 3.9554 3.9682 3.9704 4.1841 4.1858 3.9582 3.4310 4.2387 4.4480 4.5445 5.0775 4.6596 5.1119 5.0126 4.9714 4.9226 4.8877 5.0729 5.0729 4.4490 4.7113 4.7113 4.6454 4.6454 4.6454 4.6787 4.6787 4.7177 4.0738 4.0738 4.3693 4.3821 3.4808 3.4808 3.4809 3.5256 3.5261 3.5277 4.4310 4.6241 4.6156 4.7412 5.0144 4.7858 4.1395 4.1379 4.1236 6.0326 6.0326 6.0326 4.6206 4.6206 4.6206 4.1236 3.5265 3.5265 3.4959 4.6096
4.6194 4.6194 4.6194 4.6194 4.5269 3.4014 3.4148 3.4150 3.4146 3.4146 4.0201 4.0209 4.0194 3.9554 4.0002 3.9998 4.2206 4.2354 4.2741 4.2981 4.2981 4.2981 4.2351 4.8684 5.1119 5.1119 5.1119 4.9198 5.1178 4.7465 5.1276 4.5240 6.0781 4.4467 4.6454 4.6454 4.9537 4.6454 4.6787 4.6787 4.6787 4.0738 4.3693 4.3693 4.5973 4.0698 4.0738 4.0738 3.5251 3.5251 4.1379 4.9113 4.7460 4.9305 4.7181 4.6412 4.7453 4.1379 4.1379 4.6853 6.0326 6.0326 4.6206 4.6206 4.6206 4.6206 3.5265 3.5265 3.5265 3.4959 4.5325
4.6194 4.6194 4.6194 4.6194 4.5269 3.4013 3.4146 3.4146 4.0008 4.0008 4.0056 4.0053 3.4156 4.2589 3.0851 3.0853 3.0833 4.0922 4.2981 4.2981 4.2981 4.2981 4.8684 4.8684 4.6696 5.1119 4.4654 6.0781 6.0781 6.0781 6.0781 6.0781 6.0781 4.4211 4.6454 4.5283 4.9537 4.6787 4.6787 4.6787 4.6787 4.0738 4.0738 4.0738 4.0698 4.5795 4.5993 4.5993 3.5251 3.5251 3.5251 4.3815 4.5137 4.6229 4.6229 4.5296 4.7453 4.1379 4.1236 4.1236 4.1236 4.6853 4.6853 4.6853 4.6853 4.5744 4.4166 4.4166 4.4166 4.3726 4.5325
4.6194 4.6194 4.6194 4.6194 6.0823 6.0823 3.4146 3.4147 4.0008 4.0008 4.6664 4.0763 4.3219 4.0690 3.0868 3.0851 3.0833 4.0922 4.2100 4.2981 4.2981 4.2100 4.2100 4.2100 4.2100 4.0922 6.0758 6.0781 6.0781 6.0781 6.0781 6.0781 6.0781 4.6454 4.6454 4.3048 4.5283 4.6787 4.6787 4.6787 4.6787 4.0738 4.5795 4.0738 3.4878 4.5810 4.6787 4.6787 4.7109 4.1379 4.1379 4.5296 4.6412 4.6229 4.7109 4.5296 4.5296 4.6229 4.6048 4.1236 4.6853 4.6853 4.6853 4.6853 4.6853 4.5744 4.4166 4.4166 4.3565 4.3202 4.4999
4.5773 4.5773 4.5773 4.4909 6.0738 6.0738 3.3454 3.4147 3.4151 4.3666 4.1575 6.0872 6.0872 4.1036 4.0672 3.0945 3.0833 4.0922 4.0922 4.2981 4.1417 4.1417 4.1417 4.2981 4.2981 4.2981 6.0758 6.0781 6.0781 6.0781 6.0781 6.0781 6.0781 4.6454 6.0781 6.0781 4.6454 4.6787 4.5795 4.6787 4.6787 4.0738 4.5795 4.3821 4.3821 4.6787 4.6787 4.6787 4.7109 4.1379 4.1379 4.6412 4.6229 4.7109 4.7109 4.6229 4.7109 4.7109 4.6908 4.6908 4.6048 4.6853 4.6853 4.6853 4.6853 4.7210 4.4166 4.4166 4.3565 4.4999 4.4999
4.5773 4.5773 4.4909 4.4909 6.0739 4.2746 4.2758 4.2759 4.2754 4.2768 4.2352 6.0730 4.0233 4.0429 4.0429 3.0251 3.0716 4.0372 4.0372 4.0922 4.0922 4.0922 4.1807 4.2981 4.2981 4.2981 6.0758 6.0781 6.0781 6.0781 6.0781 6.0781 6.0781 6.0781 6.0781 6.0781 4.6454 4.6787 4.6787 4.6787 4.6787 4.0738 4.3693 4.3821 4.3821 4.7475 4.6787 4.6787 4.7109 4.1379 4.1379 4.6229 4.6229 4.7109 4.7109 4.7109 4.7109 4.7109 4.6048 4.6048 4.7210 4.6853 4.6853 4.6853 4.6853 4.7210 4.4166 4.4166 4.5429 4.4999 4.4999
4.5773 4.4909 4.4909 4.2721 4.2721 4.2721 4.2758 4.2758 4.2718 4.2761 4.0803 4.0429 4.0139 4.0429 4.0429 3.9993 3.0706 4.0373 4.0373 4.0373 4.0373 4.1199 4.2189 4.2353 4.2353 4.2353 4.2353 6.0717 6.0717 6.0717 6.0717 6.0781 6.0781 6.0781 6.0781 6.0781 6.0781 4.5810 4.6787 4.6787 4.6787 4.0738 4.3693 4.5956 4.7475 4.7475 4.6787 4.6787 4.7109 4.1379 4.1379 4.6229 4.7109 4.7109 4.7109 4.7109 4.7109 4.7109 4.6853 4.7210 4.6853 4.6853 4.6853 4.6853 4.6853 4.7210 4.4166 4.4166 4.6459 4.6096 4.6096
4.2721 4.4744 4.4744 4.4744 4.4744 4.4897 4.2718 4.2718 4.4897 4.2718 4.0240 4.0429 4.0429 3.1644 4.0955 4.1489 4.1246 4.2353 4.1515 4.1515 4.2353 4.1515 4.2189 4.2353 4.2353 4.2353 6.0717 6.0717 6.0717 6.0717 6.0717 6.0717 6.0717 6.0717 6.0717 6.0717 6.0717 4.4806 4.6092 4.6092 4.6092 3.9802 4.6092 4.6787 4.7099 4.7099 4.7099 4.6787 4.7109 4.7109 4.7109 4.7109 4.7109 4.7109 4.7109 4.9852 4.7109 4.7109 4.6301 4.5065 4.6853 4.6853 4.6853 4.6853 4.5864 4.5745 4.5745 4.5745 6.0326 6.0410 4.5588
4.2721 4.4744 4.5773 4.5773 4.5773 4.5858 4.5858 4.4897 4.5858 4.5072 4.0237 3.0295 3.3592 4.0956 4.0956 4.1489 4.1246 4.2353 4.2353 4.2353 4.1515 4.1515 4.2353 4.2353 4.2353 4.2353 6.0717 6.0717 6.0717 6.0717 6.0717 6.0717 6.0717 6.0717 6.0717 6.0717 4.6117 4.6092 4.6092 4.6092 4.4806 4.5574 4.6092 4.6092 4.6092 4.4983 4.6398 4.6028 4.6028 4.6028 4.6028 4.6028 4.6028 4.6028 4.6028 6.0441 6.0441 4.5316 4.5065 4.5065 4.6048 4.6459 4.6048 6.0327 4.5745 4.5745 4.5745 6.0327 6.0410 6.0410 4.5325
4.2721 4.4744 4.5773 4.5773 4.5773 4.5858 4.5858 4.5858 4.5858 3.9089 3.0295 3.9052 3.0233 4.0956 4.1489 4.0956 4.1246 4.2353 4.1515 4.1515 4.1721 4.2558 4.2353 4.2353 4.2353 4.2353 4.1345 6.0717 6.0717 6.0717 3.3917 6.0717 6.0717 6.0717 6.0717 6.0717 4.4699 4.6092 4.6092 4.6092 3.9802 4.3066 4.6912 4.6092 4.6092 4.5133 4.6092 4.6028 4.6028 4.6028 4.6028 4.6028 4.6028 4.6028 4.6028 6.0386 6.0386 6.0386 6.0380 4.5040 4.5040 4.3203 4.4964 6.0380 6.0380 4.4731 4.4731 6.0327 6.0411 6.0411 6.0411
4.2721 6.0739 4.5773 4.5773 4.5773 4.5858 4.5858 4.5858 4.5858 3.9089 3.9089 3.9089 3.9061 3.0233 3.0233 4.0956 3.9725 4.1199 4.2354 4.1745 4.2558 4.1721 4.1246 4.2354 4.2354 4.2354 4.2588 6.0717 6.0717 6.0717 6.0717 3.3917 6.0717 6.0717 6.0717 6.0717 4.6117 4.6092 4.4806 4.6092 3.9803 4.6898 4.6092 4.6092 4.6092 4.6092 4.6092 4.6028 4.6028 4.6028 4.6028 4.6028 4.6028 4.6028 4.6028 4.6028 4.3950 4.1202 4.4233 4.4233 4.5040 4.6096 4.6096 4.6096 4.4731 4.4731 6.0380 6.0380 6.0453 6.0453 6.0453
6.0739 6.0739 4.4744 4.5773 4.5773 4.5858 4.4897 4.4891 4.4875 4.4822 4.5858 3.9089 3.9061 3.0233 4.0956 4.0956 4.0855 4.0126 3.8656 4.1515 4.1515 4.2354 4.2354 4.1246 4.1246 4.2250 4.2487 4.2008 6.0717 6.0717 6.0717 3.9047 3.9076 6.0717 6.0717 6.0717 4.4962 4.7760 4.8145 4.6092 4.5213 4.6673 4.6092 6.0638 6.0638 6.0638 4.6398 4.4825 4.6028 4.6028 4.6028 4.6028 4.6028 4.6028 4.6028 4.6028 4.6028 4.6028 4.4233 4.5040 4.6096 4.6096 4.6096 6.0380 4.4731 4.4731 6.0380 6.0380 6.0453 6.0453 6.0453
