test/test_data/tcaap/monthly_variance_over_all_Jul__actual_et__2015-01-01_to_2019-12-31__180_by_260__inches.asc
NCOLS        180
NROWS        260
XLLCORNER     476375.000
YLLCORNER    4970875.000
CELLSIZE        100.000
NODATA_VALUE -9999.
[rows 0 to 29 of 260, columns 69 to 137 of 180]
0.76837 0.76837 0.76761 0.76761 0.76761 0.98239 0.98239 1.0369 1.0369 0.98239 0.98239 0.98239 0.97397 0.98239 0.98239 0.97457 0.97457 0.75864 0.75864 0.75864 0.75864 0.75864 0.75864 0.75864 0.98428 0.75833 0.98048 0.98048 0.76052 0.76052 1.0194 1.0395 1.0395 1.0395 1.0395 1.0395 1.0522 0.99457 1.1089 1.3554 1.2026 1.1201 1.1062 1.1062 1.2026 1.1062 1.2026 1.1151 1.2537 1.2094 1.0259 1.1526 1.3617 1.2094 1.0259 1.0480 1.0480 1.0278 1.0099 0.99268 0.98335 0.77025 1.0627 0.99268 1.0278 1.0278 0.99127 0.77025 0.97217
0.76837 0.76837 0.76837 0.76837 0.76837 0.76206 1.0693 1.2064 1.0693 0.98239 0.76206 0.76206 0.76206 0.76148 0.76206 0.75864 0.75864 0.97457 0.97457 0.75864 0.75864 0.75864 0.97457 0.75864 0.75833 0.75833 0.98933 0.98933 0.84623 0.76051 1.0183 1.0652 1.0652 1.0652 1.0680 1.0379 1.0494 1.0395 1.1089 1.1960 1.0507 1.0989 1.1062 1.2026 1.2026 1.2026 1.0294 1.0411 0.99010 1.1229 1.0259 1.1157 1.1229 1.0259 1.0480 1.0480 1.0480 1.0534 1.0571 1.2394 1.2394 1.0485 1.0534 1.0485 1.0278 1.0278 0.77025 0.77025 0.97217
1.0194 0.76837 0.76837 0.76837 0.76206 0.82760 1.2064 1.2064 1.5393 0.97397 0.76148 0.76148 0.97397 0.76206 0.97397 0.75864 0.75864 0.97457 0.97457 0.75864 0.98428 0.75864 0.97457 0.75864 0.84452 0.76053 0.76084 0.84716 0.84577 0.84537 1.0785 1.2408 1.0759 1.0652 1.0652 1.0379 1.0494 1.0589 1.2405 1.1960 1.0294 1.0989 1.0989 1.0477 0.99457 1.1574 1.0259 1.2471 1.2031 0.99011 1.1526 1.3570 1.3751 1.0259 1.0437 1.0480 1.0480 1.0534 1.0441 1.2394 1.2394 1.1932 1.0278 1.0278 1.0278 1.0278 0.98335 0.99268 0.98125
1.0194 1.0194 0.76837 0.76837 0.82760 0.82760 1.2064 1.3236 1.3236 0.82760 0.76206 0.76206 0.76206 0.76206 0.97397 0.97457 0.75864 0.75864 0.75864 0.97457 0.97457 0.75864 0.84452 1.0190 1.0190 1.0202 1.0202 1.0202 0.76084 0.84727 1.2288 1.3259 1.3259 1.0560 1.0379 1.0379 1.0494 0.99457 1.3503 1.1960 1.0522 1.1960 1.1960 1.0522 1.0522 1.0294 1.0259 1.2471 1.2031 1.0259 1.0357 1.2722 1.3515 1.0259 1.3570 1.2031 1.0480 1.0534 1.0534 1.2394 1.3530 1.2394 1.1932 1.1932 1.0278 1.0278 1.0278 1.0195 1.0703
1.0256 1.0256 1.0256 0.77367 0.82447 0.82447 1.1968 1.3301 0.82447 0.75493 0.75493 0.97397 0.97397 0.76206 0.76206 0.75864 0.75864 0.75864 0.75864 0.97457 0.97457 0.84553 1.0307 1.0307 1.0307 1.0202 1.0395 1.0395 0.98520 1.2059 1.2059 1.3259 1.3259 1.0342 1.0139 0.98520 0.99457 1.3503 1.2405 1.0294 1.0294 1.0522 1.0522 1.0522 1.0380 1.0477 1.0437 1.1157 1.0259 1.0342 1.0437 1.0437 1.0437 1.0437 1.1526 1.2031 1.0437 1.0534 1.0534 1.3530 1.3530 1.3530 1.3530 1.0278 1.0534 1.0768 1.0278 1.0195 1.0456
1.0256 1.0256 1.0256 0.98437 0.75493 1.3139 1.3049 1.3301 0.75493 0.75493 0.75493 0.75493 0.97424 0.97424 0.97424 0.76977 0.76977 0.76977 0.76977 1.0377 1.0377 1.0377 1.0282 1.0172 1.0172 1.0202 1.0395 1.0560 1.2059 1.2059 1.3259 1.1652 1.1391 1.1535 1.0342 1.0342 1.1565 1.3567 1.0380 1.0522 1.0522 1.0522 1.0477 1.0294 1.0522 1.0522 1.0480 1.0259 1.0480 1.0480 1.0480 1.0480 1.0480 1.0480 1.0259 1.2031 1.2031 1.0381 1.0381 1.3530 1.3530 1.3530 1.3530 1.0278 1.0534 1.0534 1.0278 1.0195 1.0456
1.0256 1.0256 1.0256 0.77367 1.0354 0.77992 1.2694 1.3049 1.5369 0.75493 0.75493 0.75493 0.97424 0.97424 0.97424 0.76977 0.76977 0.97371 1.0290 1.0377 1.0377 1.0496 1.0282 1.0282 1.0496 1.0519 1.0802 1.0451 1.1667 1.3255 1.1667 1.1667 1.1667 1.1667 1.1535 1.1535 1.1623 1.0446 1.2342 1.0380 1.0522 1.1953 1.0294 1.0294 1.0522 1.0522 1.0267 1.0480 1.0480 1.0480 1.0480 1.0480 1.0480 1.0480 1.0259 1.3751 1.3751 1.1623 1.1520 1.3530 1.3530 1.3530 1.3530 1.0381 1.0534 1.0279 1.0279 1.0195 1.0195
1.0256 1.0256 1.0256 1.0256 1.0413 1.0168 0.77715 0.77539 0.75493 0.75502 0.75493 0.75493 0.75493 0.97424 0.97424 0.98492 0.98492 1.0377 1.0282 1.0377 1.0377 1.0496 1.0563 1.0496 1.0496 1.0519 1.0451 1.1309 1.1667 1.1667 1.1667 1.1667 1.1667 1.1667 1.1667 1.1667 1.2089 1.0507 1.1922 1.0437 1.0581 1.1549 0.77858 1.0581 1.0581 1.0581 1.0480 1.0480 1.0480 1.0437 1.1619 1.3210 1.2049 1.0259 1.0259 1.3751 1.3751 1.0279 1.0279 1.3530 1.3530 1.3530 1.3530 1.0381 1.0279 1.0381 1.0279 1.0407 1.0297
1.0256 0.97540 1.0256 1.0256 1.0413 1.0413 0.97424 0.97424 0.75493 0.75493 0.75493 0.97424 0.97424 1.0360 1.0520 1.0520 1.0651 1.0651 1.0282 1.0377 1.0377 1.0496 1.0496 1.0496 1.0496 1.0519 1.0451 1.1667 1.1731 1.1731 1.1667 1.1667 1.1667 1.1667 1.1667 1.1440 1.1306 1.1306 1.3492 1.1712 1.0581 1.0348 1.0348 1.0581 1.0581 1.0581 1.0615 1.0615 1.0402 1.0402 1.1646 1.3147 1.0584 1.0402 1.0615 1.0402 1.1851 1.0392 1.0279 1.2394 1.3530 1.3530 1.3530 1.3530 1.0441 1.0381 1.0381 1.0647 1.0407
0.97540 0.97540 1.0256 1.0256 0.97424 0.97424 1.0182 1.0182 1.0182 1.0182 1.0182 0.75493 0.82446 0.82446 0.81206 0.76962 1.0526 1.0526 1.0282 1.0377 1.0377 1.0496 1.0496 1.0496 1.0496 1.1667 1.1667 1.1667 1.1732 1.1309 1.1309 1.1667 1.1667 1.1667 1.1309 1.1440 1.1440 1.1306 1.3492 1.1712 1.0581 1.0437 1.0561 1.0581 1.0581 1.0437 1.2761 1.3577 1.1704 1.0615 1.1646 1.0402 1.0615 1.0402 1.0584 1.0615 1.0392 1.0392 1.2088 1.3625 1.3625 1.3625 1.3625 1.1698 1.3625 1.2505 1.0539 1.0292 1.0530
1.0256 1.0256 1.0256 1.0256 1.0182 1.0407 1.0182 1.0182 1.0182 1.0182 1.0182 1.0354 1.1968 1.1968 1.2127 1.0526 1.0526 1.0526 1.0282 1.0282 1.0377 1.0496 1.0496 1.0496 1.0473 1.1667 1.1667 1.1667 1.2799 1.1309 1.1309 1.1667 1.1667 1.3052 1.1667 1.1632 1.1440 1.1434 1.3492 1.3492 1.0547 1.0286 1.1721 1.0581 1.0547 1.0437 1.2761 1.3577 1.3577 1.0402 1.0556 1.0402 1.0402 1.0402 1.0584 1.0584 1.0392 1.1231 1.2088 1.3625 1.3625 1.3625 1.3625 1.3625 1.3625 1.3625 1.3625 1.0292 1.0375
1.0256 1.0449 1.0256 1.0256 1.0692 1.0692 1.0692 1.0407 1.0182 1.0182 1.0182 1.1968 1.1968 1.1968 1.2127 1.0383 1.0755 1.0755 1.0526 1.0526 1.0755 1.0473 1.0473 1.1323 1.1445 1.1667 1.1773 1.1309 1.3225 1.1397 1.3052 1.3052 1.3052 1.1667 1.1667 1.0437 1.0581 1.0581 1.3492 1.1713 1.0437 1.0437 1.0356 1.0581 1.0547 0.99025 1.3577 1.3577 1.3577 1.2045 1.0402 1.0402 1.0402 1.0402 1.0402 1.2501 1.3625 1.3625 1.3625 1.3625 1.3625 1.1642 1.3625 1.3625 1.3625 1.3625 1.0392 1.0375 1.0375
1.0256 1.0256 1.0256 1.0256 1.0182 1.0692 1.0692 1.0692 1.0758 1.0590 1.1554 1.1554 1.0376 1.2378 1.0832 1.0652 1.0755 1.0755 1.0755 1.0526 1.0526 1.0845 1.5350 1.1323 1.1582 1.1667 1.1667 1.3255 1.3255 1.2799 1.3052 1.3052 1.1771 1.1771 1.1667 1.0348 1.0581 1.0581 1.1713 1.0437 1.0547 1.0437 1.0581 1.0581 1.0437 1.1560 1.3577 1.3577 1.3577 1.0402 1.0402 1.0615 1.0615 1.0402 1.0402 1.3577 1.3625 1.1698 1.3625 1.3625 1.3625 1.1642 1.1698 1.3625 1.3625 1.3625 0.99543 0.98550 1.0530
1.0256 1.0256 1.0256 1.0256 1.0692 1.0692 1.0692 1.0692 1.0758 1.0758 1.0692 1.0692 1.0376 1.0656 1.0741 0.99260 0.99260 1.0473 1.0755 1.0526 1.0845 1.5350 1.1323 1.1582 1.1582 1.1667 1.1889 1.2000 1.0802 1.0532 1.0802 1.0532 1.0532 1.0532 1.0532 1.0581 1.0581 1.0348 1.0348 1.0507 1.0348 1.0348 1.0581 1.0437 1.0437 1.1922 1.0402 1.3577 1.1851 1.1851 1.1851 1.0615 1.0615 1.0584 1.0402 1.3577 1.1698 1.1698 1.3625 1.3625 1.1698 1.1307 1.1698 1.3625 1.3625 1.3625 1.3625 1.0378 1.0530
1.0214 1.0373 1.0214 1.0489 1.0741 1.0692 1.0692 1.0692 1.0590 1.0656 1.0692 1.0692 1.0376 1.0182 1.0459 0.99260 0.99260 0.99991 0.99991 0.98143 1.0515 1.0441 1.5350 1.1582 1.1667 1.1471 1.0802 1.0802 1.0802 1.0802 1.0802 1.0802 1.0802 1.0802 1.0519 1.0581 1.0547 1.0547 1.0581 1.0653 1.3672 1.1788 1.0547 1.0437 1.0437 1.0402 1.0402 1.0402 1.3750 1.3750 1.3750 1.0402 1.0615 1.0615 1.0615 1.0077 1.0539 1.2505 1.3625 1.3625 1.1720 1.1785 1.1698 1.3625 1.3625 1.3625 1.1698 1.0530 1.0530
1.0422 1.0422 1.0629 1.0489 1.0605 1.0741 1.1783 1.1783 1.0813 1.0282 1.0489 1.0702 1.0489 1.0282 1.0474 1.0116 1.0515 1.0741 1.0273 0.76978 1.3414 1.1582 1.3052 1.1582 1.1571 1.1471 1.0802 1.0802 1.0802 1.0802 1.0802 1.0802 1.0519 1.0586 1.0286 1.0348 1.0437 1.0547 1.0581 1.0581 1.0437 1.3492 1.3098 1.1549 1.0348 1.5317 1.0402 1.3577 1.3577 0.86261 1.0410 1.0402 1.0584 1.0584 1.0615 1.0687 1.0539 1.2505 1.3625 1.3625 1.0091 1.0205 1.0205 1.2088 1.2088 1.0392 1.0531 1.0531 1.0531
1.0214 1.0214 1.0214 1.0282 1.0282 1.1783 1.1783 1.1783 1.5341 1.0282 1.0282 1.0282 1.0605 1.0489 1.0962 1.0962 1.0962 1.0962 1.0685 0.78662 1.1840 1.1840 1.1840 1.1840 1.1568 1.2282 1.0968 1.0968 1.0802 1.0802 1.0802 1.0802 1.0586 1.0451 1.0451 1.0348 1.0348 1.0581 1.0581 1.0348 1.0348 1.2367 1.2367 1.1549 1.1922 1.2501 1.3577 1.3577 1.1964 1.0626 1.0626 1.0615 1.0584 1.0402 1.0402 1.0556 1.0699 1.2505 1.3625 1.3625 1.1698 0.99544 0.99544 1.0392 1.0587 1.0478 1.0375 1.0531 1.0531
1.0214 1.0214 1.0214 1.0282 1.0282 1.0282 1.0813 1.0813 1.0282 1.0282 1.0282 1.0282 1.0741 1.0741 1.0962 1.0962 1.0962 1.0962 1.0685 0.78662 1.1840 1.1840 1.1587 1.1755 1.2282 1.2425 1.0968 1.0968 1.0968 1.0968 1.0968 1.0968 1.0768 1.0649 1.0649 1.0465 1.0649 1.0689 1.0566 1.0465 1.1136 1.0507 1.2367 1.0491 0.86050 1.3577 1.3577 1.3577 1.0613 1.0626 1.0626 1.0402 1.2045 1.0402 1.0402 1.0556 1.2505 1.3625 1.3625 1.3625 1.3625 0.99544 0.99544 1.0478 1.0478 1.0478 1.0531 1.0531 1.0531
1.0214 1.0214 1.0214 1.0282 1.0282 1.0282 1.0282 1.0282 1.0282 1.0357 1.0282 1.0282 1.0702 1.0741 1.0962 1.0962 1.0962 1.0962 1.0685 0.78662 1.0642 1.0642 1.0642 1.1045 1.2425 1.2425 1.0968 1.0968 1.0968 1.0968 1.0968 1.0968 1.0694 1.0479 1.0479 1.0465 1.0649 1.0689 1.0465 1.0465 1.0465 1.2465 1.3542 1.1042 0.87648 1.3627 1.3627 1.3627 1.1035 1.0810 1.0556 1.0717 1.2501 1.3577 1.0058 1.0402 1.2056 1.3625 1.3625 1.3625 1.3625 0.99544 1.0392 1.0392 1.0478 1.0640 1.0531 1.0531 1.0531
0.77746 0.77739 0.77763 0.78141 0.98942 0.98942 0.98942 1.0282 0.98942 0.98183 0.98942 0.78141 0.78141 1.0741 1.0962 1.0696 1.0696 1.0696 1.0696 1.0815 0.78662 1.0642 1.1031 1.0696 1.0708 1.0708 1.0708 1.0553 1.0553 1.0553 1.0553 1.0553 1.0056 1.0187 1.0056 1.0036 1.0036 1.0260 1.0036 1.0787 1.0308 1.0308 1.1042 1.1042 1.1042 1.1207 1.1207 1.1207 1.0333 1.0137 1.0137 1.0548 1.2188 1.2188 1.2188 1.0548 1.1647 1.1769 1.1893 1.1908 1.1755 1.1571 1.1640 1.0507 1.0392 1.0888 1.0781 1.0781 1.0269
1.0433 0.97921 0.77763 0.98183 0.98942 0.98942 0.98942 1.0282 0.98942 0.98942 0.98942 1.0282 1.0357 1.0568 1.0962 1.0162 1.0395 1.1684 1.1056 1.0696 1.0696 1.1840 1.1840 1.0696 1.0708 1.0708 1.0488 1.0553 1.0553 1.0553 1.0553 1.0472 1.0568 1.0408 1.0357 1.0357 1.0787 1.0787 1.0787 1.1415 1.0664 1.0357 1.0357 1.1042 1.1042 1.1207 1.1207 1.1207 1.1207 1.1207 1.0137 1.2188 1.2188 1.2188 1.0548 1.5289 1.5289 1.5289 1.5289 1.5289 1.5289 1.5289 1.5289 1.0942 1.0530 1.0783 1.0961 1.0961 1.0085
1.0224 1.0433 1.0433 0.98183 1.0282 1.0282 0.98942 1.0282 0.98942 0.98942 0.98942 1.0282 1.0282 1.0812 1.0962 1.0685 1.0685 1.0582 1.0696 1.0696 1.0962 1.0474 1.0642 1.0642 1.1886 1.1886 1.2282 1.0553 1.0553 1.0553 1.0553 1.0056 1.0345 1.0408 1.0357 1.0357 1.0787 1.0787 1.0787 1.1370 1.0730 1.1129 1.1129 1.0357 1.1042 1.1207 1.1207 1.1207 1.1207 1.1207 1.1207 1.1207 1.1207 1.5306 1.5306 1.5289 1.5289 1.5289 1.5289 1.5289 1.5289 1.5289 1.5289 1.5289 1.0664 1.0783 1.0702 1.0770 1.0770
1.0424 1.0224 1.0398 1.0292 1.0456 1.0370 1.0386 1.0282 0.98942 0.98942 0.98942 1.0282 1.0489 1.0643 1.0474 1.0962 1.0962 1.0116 1.0116 1.0696 1.0696 1.0696 1.0897 1.1840 1.1886 1.2282 1.2282 1.0553 1.0553 1.0553 1.0472 1.0536 1.0345 1.1081 1.0440 1.1415 1.1415 1.0942 1.1370 1.1370 1.1370 1.1129 1.1129 1.2345 1.1042 1.1207 1.1207 1.1207 1.1207 1.1207 1.1207 1.1207 1.2555 1.5306 1.5306 1.5289 1.5289 1.5289 1.5289 1.5289 1.5289 1.5289 1.5289 1.0769 1.0530 1.1011 1.0693 1.0464 1.0770
1.0214 1.0303 1.0398 1.0292 1.0292 1.0292 0.78141 0.78141 0.78141 1.0282 1.0282 1.0702 1.0741 1.0474 1.0653 1.0924 1.0962 1.0837 1.0395 0.87720 1.0697 1.0697 1.1045 1.1840 1.1852 1.2428 1.2580 1.1411 1.1411 1.1411 1.1411 1.1411 1.1411 1.1411 1.0942 1.0942 1.0942 1.0942 1.1370 1.1370 1.1370 1.1370 1.0438 1.0438 1.1042 1.1207 1.1207 1.1207 1.1207 1.1207 1.0137 1.0768 1.0641 1.5306 1.5306 1.5289 1.5289 1.5289 1.5289 1.5289 1.5289 1.5289 1.5289 1.0530 1.0530 1.0744 1.0693 1.5251 1.0693
1.5344 1.1955 1.0413 1.0468 1.1320 0.78141 0.78141 0.78141 0.98183 1.0282 1.0282 1.0702 1.0282 1.0474 1.0685 1.0924 1.0962 1.0938 1.0116 1.0504 1.0823 1.0823 1.1911 1.1840 1.1852 1.2580 1.0930 1.0930 1.1357 1.1361 1.1362 1.1366 1.1373 1.1391 1.0952 1.0985 1.0942 1.0942 1.0942 1.0975 1.0943 1.0917 1.0438 1.0438 1.0438 1.1207 1.1207 1.1207 1.1207 1.1207 1.0137 1.0768 1.0768 1.5306 1.5306 1.5289 1.5289 1.5289 1.5289 1.5289 1.5289 1.5289 1.5289 1.0549 1.0744 1.0585 1.0536 1.0693 1.0693
1.0540 1.0531 1.0698 1.0833 0.85069 0.79774 0.79774 0.99750 0.99750 1.0397 1.0282 1.0489 1.0282 1.0812 1.0812 1.0962 1.0962 1.0938 1.0247 1.0697 1.0823 1.0552 1.1661 1.1840 1.1852 1.1852 1.2481 1.1411 1.1411 1.1411 1.1411 1.1416 1.1413 1.1010 1.0929 1.0921 1.0942 1.0942 1.0942 1.0928 1.0912 1.0883 1.0438 1.0438 1.0036 1.1207 1.1207 1.1207 1.1207 1.0137 1.0137 1.0768 1.0768 1.5306 1.5306 1.5289 1.5289 1.5289 1.5289 1.5289 1.5289 1.5289 1.5289 1.5289 1.0790 1.0585 1.0536 1.0658 1.0658
0.98581 0.98581 1.0920 1.0833 0.79774 0.79774 0.79774 0.79774 1.0489 1.0510 1.0817 1.0716 1.0397 1.0795 1.0795 1.0941 1.0941 1.0915 1.0816 1.0496 1.0796 1.0554 1.1661 1.1886 1.1852 1.2631 1.1411 1.1411 1.1015 1.1015 1.1015 1.1015 1.1015 1.1015 1.0942 1.0942 1.1370 1.1370 1.0865 1.0883 1.0944 1.1035 1.0438 1.0438 1.0137 1.1207 1.1207 1.1121 1.1207 1.0951 1.0137 1.0768 1.0768 1.0548 1.1447 1.5289 1.5289 1.5289 1.5289 1.5289 1.5289 1.5289 1.5289 1.5289 1.1011 1.1011 1.0536 1.0693 1.0693
1.0217 0.97498 0.99750 1.1810 1.0397 1.0397 1.0397 0.99750 1.0423 0.88408 1.0073 1.0645 0.99750 1.0496 1.0496 1.0708 1.0708 1.0708 1.0496 0.90106 1.0796 1.0554 1.1693 1.1766 1.1971 1.2508 1.1539 1.1539 1.1539 1.1539 1.1539 1.1539 1.1539 1.1539 1.1370 1.0440 1.0694 1.0482 1.5282 1.5282 1.0916 1.1015 1.1255 1.1414 1.1501 1.5306 1.5306 1.1207 1.1207 1.1207 1.1207 1.2956 1.0728 1.0768 1.0641 1.5289 1.5289 1.5289 1.5289 1.5289 1.5289 1.5289 1.5289 1.5289 1.0972 1.0961 1.0536 1.0693 1.0693
1.0217 0.97498 0.99750 1.1810 1.0397 1.0397 1.0397 1.0858 1.0832 1.0832 1.0052 1.0073 1.0623 1.0708 1.0496 1.0496 1.0496 1.0496 1.0496 0.90106 1.0796 1.0554 1.1693 1.1610 1.1971 1.2638 1.1539 1.1539 1.1539 1.1121 1.1031 1.2283 1.1539 1.1539 1.1490 1.0693 1.5217 1.5217 1.0938 1.0967 1.1036 1.1131 1.1012 1.1118 1.5277 1.5277 1.5306 1.1207 1.1207 1.1207 1.1207 1.0548 1.0768 1.0768 1.0768 1.5289 1.5289 1.5289 1.5289 1.5289 1.5289 1.5289 1.5289 1.5289 1.1011 1.0961 1.0536 1.0693 1.0693
1.0217 1.0217 0.99750 1.0397 1.0397 1.0858 1.0858 1.0858 1.0858 1.0858 1.0418 1.0623 1.0741 1.0708 1.0496 1.0496 1.0496 1.0496 1.0496 0.90106 1.0698 1.0554 1.1693 1.1971 1.1971 1.1539 1.1539 1.1539 1.1539 1.1539 1.1031 1.0654 1.1539 1.1539 1.1680 1.0809 1.0787 1.0718 1.0907 1.0943 1.1025 1.1127 1.1043 1.1118 1.1576 1.5277 1.5277 1.1272 1.1272 1.1272 1.0351 1.0774 1.0774 1.0774 1.5277 1.5263 1.5263 1.5263 1.5289 1.5289 1.5289 1.5289 1.5289 1.5289 1.1011 1.0796 1.0536 1.0536 1.0693
