test/test_data/tcaap/monthly_variance_over_all_Sep__actual_et__2015-01-01_to_2019-12-31__180_by_260__inches.asc
NCOLS        180
NROWS        260
XLLCORNER     476375.000
YLLCORNER    4970875.000
CELLSIZE        100.000
NODATA_VALUE -9999.
[rows 58 to 86 of 260, columns 67 to 133 of 180]
0.72273 0.74779 0.74392 0.74392 0.74301 0.74301 0.67483 0.67727 0.67727 0.87471 0.87471 0.87471 0.87438 0.87438 0.87438 0.66678 0.69832 0.71698 0.65809 0.60369 0.59520 0.72411 0.72411 0.72978 0.72978 0.72978 0.72978 0.87285 0.87285 0.87285 0.87422 0.87422 0.87422 0.87350 0.87350 0.68941 0.68941 0.76043 0.75961 0.75961 0.75961 0.75961 0.75961 0.75422 0.75502 0.75502 0.75502 0.75502 0.75502 0.75502 0.81114 0.77141 0.77141 0.76112 0.75580 0.75580 0.75580 0.75580 0.76191 0.75580 0.75580 0.74912 0.70269 0.70269 0.70269 0.75418 0.75418
0.60836 0.73929 0.74393 0.74393 0.74393 0.73728 0.74066 0.67728 0.65225 0.67619 0.87472 0.87472 0.87439 0.87439 0.77660 0.66031 0.69176 0.71465 0.72131 0.73294 0.75455 0.72412 0.72412 0.72979 0.72979 0.72979 0.72979 0.73294 0.87286 0.87286 0.87286 0.87286 0.87286 0.87297 0.75707 0.73428 0.68002 0.75859 0.75707 0.75707 0.75859 0.75361 0.75423 0.76044 0.76113 0.76113 0.76113 0.75503 0.75503 0.77142 0.74282 0.74282 0.73973 0.76113 0.76192 0.75581 0.75581 0.76192 0.75581 0.75581 0.75581 0.75581 0.77568 0.77568 0.74858 0.75419 0.75419
0.60837 0.74167 0.74393 0.74393 0.74393 0.74066 0.74066 0.67620 0.65975 0.67759 0.87474 0.87474 0.87440 0.87440 0.77661 0.65810 0.66962 0.72450 0.71070 0.71762 0.72312 0.67156 0.67599 0.72980 0.72980 0.72980 0.72980 0.72980 0.73295 0.87287 0.87287 0.87287 0.87287 0.76876 0.75860 0.73858 0.61756 0.75708 0.75708 0.75860 0.75860 0.75237 0.75237 0.75237 0.75287 0.75899 0.75813 0.75287 0.73771 0.76317 0.73771 0.74065 0.74237 0.76114 0.87236 0.75582 0.76192 0.76192 0.75582 0.75582 0.75582 0.75582 0.70270 0.74859 0.74859 0.75420 0.75420
0.74167 0.74394 0.74394 0.74394 0.87475 0.75661 0.66116 0.66116 0.67759 0.67759 0.87475 0.87475 0.87441 0.87441 0.87441 0.68023 0.66582 0.69474 0.70419 0.71278 0.71981 0.72514 0.72771 0.72980 0.73257 0.73257 0.73257 0.72980 0.73296 0.76850 0.87288 0.87288 0.87288 0.75741 0.75861 0.73858 0.73858 0.68003 0.75709 0.75861 0.75861 0.75238 0.75238 0.75238 0.75288 0.75900 0.75900 0.75288 0.73771 0.69332 0.69332 0.74068 0.73793 0.75900 0.76377 0.76377 0.76377 0.75783 0.75783 0.75783 0.75783 0.75783 0.75080 0.75080 0.75080 0.75421 0.75421
0.74168 0.74395 0.74395 0.87476 0.87476 0.87476 0.87476 0.61860 0.67760 0.67760 0.67760 0.87476 0.87442 0.87442 0.87442 0.67966 0.67853 0.66667 0.67253 0.70850 0.71734 0.72105 0.68520 0.72981 0.73258 0.73258 0.73258 0.73258 0.73296 0.73296 0.73296 0.72452 0.74111 0.75742 0.76929 0.73859 0.73859 0.68004 0.73431 0.75861 0.75861 0.75239 0.76249 0.76319 0.81936 0.75289 0.75814 0.73793 0.74238 0.69252 0.74064 0.74132 0.73793 0.73793 0.74114 0.74114 0.76809 0.75784 0.75784 0.75784 0.75784 0.75784 0.76377 0.76377 0.75414 0.75414 0.75414
0.74169 0.74396 0.74396 0.87477 0.87477 0.87477 0.87477 0.68045 0.67761 0.67761 0.87477 0.87477 0.87444 0.87444 0.87444 0.66034 0.62642 0.69250 0.70244 0.70942 0.71606 0.67603 0.68521 0.72982 0.72982 0.73259 0.73259 0.73845 0.73845 0.73845 0.73845 0.73845 0.81578 0.73860 0.74372 0.73860 0.73551 0.68004 0.75862 0.75862 0.75862 0.76250 0.76250 0.76320 0.80844 0.72933 0.72933 0.73794 0.73794 0.74239 0.74117 0.69197 0.69174 0.74239 0.74654 0.74115 0.76378 0.75785 0.75785 0.75785 0.75785 0.75785 0.76378 0.76378 0.76582 0.75415 0.75415
0.73845 0.74397 0.74397 0.74397 0.87479 0.87479 0.87479 0.65975 0.66263 0.67761 0.87479 0.87479 0.87445 0.87445 0.87445 0.66096 0.67854 0.67116 0.68449 0.71147 0.67592 0.67445 0.68117 0.73298 0.73298 0.73298 0.73298 0.73298 0.73298 0.73298 0.73298 0.73298 0.73298 0.73861 0.75863 0.73861 0.73861 0.73861 0.73552 0.75863 0.75863 0.76251 0.76251 0.76320 0.75290 0.69334 0.73774 0.73774 0.69164 0.74065 0.74068 0.69213 0.74215 0.75466 0.75884 0.76313 0.76379 0.76290 0.75720 0.75786 0.75786 0.75742 0.76379 0.82043 0.77087 0.75416 0.75416
0.74171 0.74397 0.74397 0.74397 0.87480 0.87480 0.87480 0.65976 0.61045 0.67503 0.67503 0.67503 0.67116 0.64953 0.65018 0.66035 0.67855 0.68026 0.67968 0.64940 0.67598 0.66656 0.66618 0.66986 0.68490 0.73847 0.73847 0.73298 0.73298 0.73847 0.73299 0.72733 0.77793 0.73862 0.73862 0.75864 0.73552 0.73552 0.73552 0.73552 0.75864 0.75242 0.75242 0.75291 0.75291 0.73774 0.73774 0.73774 0.73774 0.73774 0.73774 0.73672 0.73790 0.75490 0.75996 0.76048 0.76290 0.76290 0.75787 0.75787 0.75787 0.74667 0.84160 0.83445 0.77088 0.77088 0.75417
0.73906 0.74398 0.74398 0.74398 0.74775 0.61999 0.87481 0.62156 0.61862 0.67503 0.67503 0.67503 0.67855 0.68027 0.68018 0.68018 0.67117 0.68027 0.67958 0.68018 0.67375 0.73320 0.65492 0.73299 0.73848 0.73848 0.73848 0.68491 0.74340 0.75077 0.76269 0.72733 0.79256 0.75243 0.75243 0.75243 0.87305 0.87305 0.73553 0.73553 0.73553 0.75243 0.75243 0.75292 0.75292 0.73775 0.73775 0.73775 0.73187 0.69335 0.73775 0.73775 0.68951 0.75933 0.75996 0.75959 0.76291 0.76381 0.75787 0.75787 0.75787 0.76864 0.75787 0.83216 0.77089 0.75418 0.75418
0.70397 0.71093 0.71093 0.71093 0.70900 0.70360 0.69719 0.67538 0.67506 0.67617 0.67617 0.67978 0.67856 0.68031 0.68031 0.67864 0.67949 0.65414 0.67970 0.67844 0.58366 0.58366 0.59874 0.81582 0.81394 0.76787 0.68491 0.68523 0.68523 0.72984 0.75238 0.79257 0.79257 0.75243 0.75243 0.75243 0.87307 0.87307 0.73554 0.73554 0.73554 0.73252 0.73252 0.73776 0.73776 0.73776 0.73776 0.73188 0.72936 0.69336 0.69336 0.68951 0.68951 0.69166 0.69808 0.69771 0.69808 0.74657 0.74209 0.74209 0.74209 0.75788 0.75788 0.75788 0.76051 0.76126 0.71058
0.73794 0.74196 0.74196 0.74196 0.74196 0.87339 0.70080 0.68811 0.67507 0.67617 0.67617 0.67726 0.67726 0.67981 0.67981 0.67742 0.67803 0.68110 0.69780 0.62066 0.59713 0.58544 0.58891 0.81144 0.87297 0.76788 0.67873 0.68524 0.72985 0.72985 0.75239 0.75079 0.75120 0.75244 0.75244 0.75244 0.73623 0.87308 0.73554 0.73554 0.73252 0.73252 0.73252 0.73777 0.73777 0.73777 0.73777 0.72937 0.73799 0.74604 0.69166 0.69166 0.73482 0.69808 0.69808 0.69751 0.69851 0.74658 0.74658 0.69808 0.69808 0.75723 0.75789 0.75746 0.76052 0.76052 0.76126
0.73794 0.71094 0.71094 0.74196 0.74196 0.73524 0.71917 0.67508 0.67600 0.67351 0.67618 0.67726 0.67726 0.67981 0.67981 0.67726 0.67726 0.64385 0.66534 0.66308 0.74639 0.74291 0.59596 0.80185 0.82268 0.82697 0.67330 0.71883 0.71883 0.72563 0.74585 0.74322 0.74595 0.74840 0.74840 0.75245 0.73272 0.87309 0.73253 0.73253 0.73253 0.73555 0.73253 0.73777 0.73777 0.73777 0.73777 0.73483 0.69167 0.69167 0.69167 0.73483 0.73483 0.69809 0.69737 0.69871 0.69809 0.69809 0.69809 0.69603 0.69809 0.69809 0.74210 0.75790 0.76127 0.76127 0.76127
0.73795 0.65795 0.65795 0.74197 0.74197 0.74197 0.72645 0.67601 0.67601 0.67352 0.67619 0.67727 0.67727 0.67982 0.67982 0.67982 0.67727 0.67746 0.66308 0.66308 0.66308 0.72085 0.58890 0.82269 0.82269 0.81020 0.75989 0.71883 0.71883 0.72564 0.74586 0.74586 0.74841 0.74841 0.74841 0.74595 0.87229 0.87229 0.73434 0.72544 0.72544 0.67778 0.72544 0.73257 0.73257 0.73257 0.73257 0.63346 0.73484 0.73484 0.73484 0.73800 0.73800 0.74659 0.74211 0.69908 0.69880 0.69809 0.69809 0.69809 0.69809 0.76384 0.75791 0.75791 0.76128 0.76128 0.75421
0.73796 0.74198 0.74198 0.74198 0.74198 0.73876 0.73486 0.67509 0.67619 0.67619 0.66187 0.66309 0.67728 0.66820 0.67746 0.67983 0.67983 0.67983 0.67983 0.67983 0.67982 0.69733 0.61593 0.87306 0.87306 0.87306 0.76132 0.74587 0.74587 0.74587 0.74587 0.74587 0.74841 0.74841 0.76134 0.75049 0.87230 0.87230 0.72863 0.72863 0.68012 0.72842 0.72544 0.73258 0.73258 0.73258 0.73258 0.73258 0.62865 0.73258 0.73653 0.73653 0.73188 0.73486 0.73486 0.73486 0.73486 0.68815 0.68815 0.69782 0.86935 0.73538 0.73538 0.75792 0.76129 0.76129 0.69664
0.73797 0.74199 0.74199 0.74199 0.74199 0.79099 0.87343 0.82988 0.67620 0.67620 0.65890 0.66310 0.67899 0.64243 0.65476 0.67981 0.67981 0.67983 0.67983 0.67983 0.67983 0.65476 0.87307 0.87307 0.87307 0.87307 0.80915 0.74587 0.74587 0.74587 0.74587 0.74587 0.74842 0.74842 0.74842 0.73566 0.87231 0.87231 0.87231 0.67779 0.67779 0.72863 0.72863 0.73258 0.73258 0.73654 0.73258 0.73258 0.73258 0.73258 0.73258 0.73258 0.73258 0.73487 0.73487 0.73487 0.73487 0.68816 0.68816 0.73487 0.73675 0.86982 0.75317 0.75317 0.76074 0.76074 0.69530
0.74200 0.74199 0.65796 0.65796 0.73877 0.74785 0.87345 0.75975 0.65891 0.67621 0.65891 0.67984 0.67900 0.64099 0.66734 0.66821 0.67748 0.67984 0.67984 0.67984 0.67984 0.66412 0.87308 0.87308 0.87308 0.87308 0.87308 0.79855 0.74588 0.74588 0.74588 0.74588 0.74843 0.74843 0.74340 0.87232 0.87232 0.87232 0.87232 0.87232 0.67780 0.72864 0.67780 0.68095 0.73655 0.73655 0.64893 0.64893 0.73259 0.73259 0.73259 0.73259 0.73259 0.73488 0.73488 0.73488 0.73488 0.73960 0.73960 0.73488 0.73157 0.73694 0.86983 0.86983 0.76075 0.76075 0.75865
0.74200 0.74200 0.73878 0.65797 0.73878 0.73199 0.80930 0.81065 0.67336 0.67621 0.67621 0.67984 0.67901 0.64145 0.66051 0.66792 0.66816 0.67984 0.67984 0.67984 0.67984 0.66368 0.67321 0.87309 0.74913 0.77181 0.73169 0.78163 0.76135 0.76135 0.75546 0.75546 0.80664 0.79185 0.79185 0.75583 0.87234 0.87234 0.87234 0.87234 0.87234 0.67780 0.68132 0.68197 0.68112 0.73656 0.74413 0.68401 0.68401 0.68197 0.73656 0.73734 0.73260 0.73489 0.73489 0.73489 0.73489 0.73961 0.73961 0.73961 0.73687 0.73694 0.86985 0.86803 0.86803 0.86803 0.68887
0.74201 0.74201 0.74201 0.74201 0.74201 0.73879 0.80981 0.79657 0.77000 0.67622 0.67622 0.67985 0.64244 0.64202 0.66753 0.66793 0.64238 0.64242 0.67749 0.66219 0.67749 0.66088 0.67103 0.67321 0.75171 0.76705 0.78164 0.80710 0.74914 0.75993 0.80190 0.80190 0.80665 0.78740 0.78740 0.83033 0.72940 0.72940 0.87235 0.87235 0.67781 0.67781 0.68197 0.73656 0.73656 0.73656 0.73261 0.68402 0.68197 0.68197 0.73656 0.73261 0.73261 0.73489 0.73489 0.73489 0.69134 0.72332 0.76754 0.76861 0.69023 0.68995 0.69023 0.86804 0.86804 0.86804 0.68887
0.74202 0.74202 0.74202 0.74202 0.74202 0.73879 0.80551 0.79658 0.79658 0.67623 0.67623 0.67986 0.66912 0.64220 0.64552 0.64348 0.64232 0.65817 0.65849 0.67951 0.66998 0.70127 0.70280 0.72507 0.75172 0.74591 0.74572 0.80191 0.81086 0.74915 0.67334 0.67334 0.74845 0.82798 0.74919 0.81091 0.80057 0.72941 0.76537 0.76537 0.72866 0.72866 0.73657 0.73657 0.73657 0.73657 0.68402 0.68402 0.68402 0.68273 0.68318 0.68334 0.73371 0.73490 0.73490 0.73490 0.73490 0.72332 0.76755 0.76755 0.76755 0.75637 0.86987 0.69167 0.69359 0.69359 0.68888
0.73987 0.73987 0.73987 0.73987 0.73987 0.74203 0.75587 0.80879 0.81663 0.67192 0.67605 0.67984 0.67075 0.62014 0.64565 0.64348 0.64220 0.64237 0.66858 0.67118 0.67281 0.66074 0.70381 0.71766 0.74329 0.71960 0.74915 0.80192 0.82275 0.76137 0.72228 0.71888 0.75796 0.76369 0.75411 0.75411 0.75411 0.72867 0.73488 0.73488 0.73823 0.72867 0.73658 0.73658 0.73658 0.73658 0.68198 0.68403 0.68403 0.68326 0.68264 0.68296 0.73351 0.73491 0.73491 0.73491 0.73491 0.72333 0.76863 0.76863 0.76863 0.86988 0.86988 0.86806 0.86806 0.74154 0.74154
0.73987 0.73987 0.73987 0.73987 0.73987 0.73987 0.75549 0.75311 0.75311 0.67517 0.67517 0.67047 0.66750 0.60922 0.63584 0.63356 0.61013 0.62060 0.64246 0.67213 0.68504 0.69913 0.72257 0.71738 0.74329 0.72571 0.75174 0.80712 0.80921 0.76138 0.75174 0.76138 0.76242 0.76370 0.75412 0.75412 0.75412 0.72868 0.72868 0.73489 0.72868 0.72868 0.73658 0.73263 0.73263 0.73658 0.73658 0.73263 0.73658 0.68310 0.68287 0.73483 0.73345 0.73492 0.73492 0.73492 0.69135 0.72348 0.76863 0.76863 0.75856 0.86989 0.86989 0.86807 0.86807 0.73768 0.73768
0.73988 0.73612 0.73988 0.73988 0.73988 0.73988 0.73988 0.74561 0.75550 0.74561 0.67047 0.67047 0.66751 0.60245 0.61198 0.63370 0.61004 0.61035 0.65789 0.65789 0.67421 0.66015 0.69690 0.72876 0.73885 0.74133 0.74726 0.80475 0.80282 0.76139 0.75174 0.75413 0.75413 0.76371 0.76371 0.75413 0.75413 0.75413 0.72868 0.73490 0.72868 0.72868 0.73659 0.73659 0.73264 0.73659 0.73659 0.73659 0.73659 0.68199 0.68298 0.73473 0.73350 0.73492 0.75322 0.75104 0.75322 0.75322 0.75856 0.75322 0.75322 0.86991 0.86991 0.86809 0.86809 0.73769 0.74155
0.74562 0.74562 0.73989 0.73989 0.73989 0.73989 0.73989 0.73989 0.74562 0.74562 0.67048 0.66751 0.65264 0.60245 0.61220 0.61121 0.63183 0.63250 0.65790 0.66769 0.66769 0.65404 0.67593 0.66122 0.74134 0.74134 0.75069 0.75069 0.80730 0.75526 0.75669 0.74887 0.74887 0.74887 0.74887 0.74692 0.75852 0.72291 0.87240 0.87240 0.74887 0.75414 0.75745 0.75745 0.75353 0.73660 0.73660 0.68200 0.68200 0.68200 0.68300 0.68314 0.73584 0.75105 0.75105 0.75857 0.75857 0.75323 0.75323 0.75323 0.75105 0.86992 0.86992 0.76372 0.76601 0.74156 0.74156
0.74563 0.74563 0.73990 0.73990 0.73990 0.73990 0.73990 0.73990 0.74563 0.74563 0.73983 0.66752 0.60246 0.60246 0.61272 0.63522 0.63203 0.66749 0.66770 0.66770 0.66770 0.67594 0.67594 0.67594 0.73514 0.74135 0.75070 0.75670 0.75527 0.80284 0.75670 0.72292 0.72292 0.83952 0.74888 0.74650 0.74888 0.74888 0.74303 0.87241 0.74888 0.74888 0.74634 0.74995 0.75198 0.72813 0.67288 0.67334 0.67288 0.67288 0.67382 0.67385 0.68586 0.72864 0.72715 0.75105 0.76759 0.76866 0.76866 0.76759 0.86993 0.86993 0.86993 0.82363 0.81078 0.74157 0.74157
0.74564 0.72501 0.71941 0.73991 0.73991 0.73991 0.73991 0.73991 0.75553 0.74187 0.65380 0.66445 0.61036 0.61036 0.63023 0.66770 0.66770 0.66770 0.66770 0.66770 0.66770 0.67595 0.67595 0.67595 0.66131 0.80285 0.71767 0.71767 0.72300 0.80285 0.82734 0.83030 0.83030 0.83955 0.82417 0.74062 0.74304 0.74304 0.74304 0.74304 0.74304 0.74304 0.74635 0.75199 0.75199 0.72506 0.67388 0.67388 0.67388 0.67398 0.74125 0.74154 0.68561 0.68524 0.76378 0.75414 0.76523 0.76623 0.76523 0.76523 0.86859 0.86859 0.86859 0.81977 0.73719 0.74158 0.74158
0.73931 0.73615 0.73991 0.73991 0.73991 0.73991 0.73991 0.73991 0.73991 0.60541 0.61066 0.67075 0.61425 0.61384 0.63245 0.66771 0.66771 0.66771 0.66771 0.66771 0.66771 0.67319 0.67319 0.67319 0.65749 0.75072 0.72187 0.80768 0.75672 0.74453 0.82735 0.83031 0.83031 0.83027 0.83027 0.83027 0.74063 0.71711 0.72294 0.74305 0.74106 0.74106 0.74636 0.74636 0.74636 0.72506 0.67488 0.67443 0.67442 0.67488 0.67453 0.67447 0.68451 0.68389 0.68358 0.68425 0.68425 0.75620 0.76624 0.75620 0.75620 0.68425 0.73276 0.73719 0.75390 0.75390 0.75390
0.73992 0.73992 0.73992 0.73992 0.73992 0.73992 0.73992 0.73992 0.73992 0.65876 0.60795 0.68580 0.61281 0.61291 0.64134 0.66885 0.65792 0.65792 0.66076 0.66124 0.66989 0.67320 0.66406 0.64111 0.67513 0.71238 0.73889 0.83717 0.75529 0.81317 0.81502 0.83032 0.80303 0.82419 0.83028 0.83028 0.75285 0.75929 0.75929 0.74306 0.74306 0.74306 0.74636 0.74636 0.75591 0.72507 0.72507 0.72169 0.72677 0.67488 0.67488 0.67459 0.68419 0.68335 0.68169 0.73054 0.76877 0.72984 0.76525 0.82131 0.76625 0.73723 0.73276 0.73720 0.86677 0.86677 0.86677
0.73668 0.73993 0.73993 0.73993 0.73993 0.73993 0.73993 0.73993 0.73617 0.65846 0.65670 0.65676 0.65591 0.65591 0.69122 0.68907 0.68048 0.65793 0.66855 0.66836 0.67948 0.67457 0.67586 0.67597 0.67597 0.67597 0.66958 0.78948 0.81318 0.81318 0.81318 0.81871 0.82967 0.78276 0.81836 0.78076 0.87246 0.75169 0.74306 0.74306 0.81788 0.74306 0.74637 0.74637 0.74637 0.72508 0.72170 0.72170 0.73221 0.72816 0.72508 0.72508 0.68594 0.68641 0.73277 0.79686 0.79686 0.82449 0.75978 0.75416 0.75621 0.73277 0.73277 0.75556 0.86678 0.86678 0.75392
0.74002 0.73994 0.73994 0.73994 0.73994 0.73994 0.73994 0.73994 0.73618 0.65993 0.65599 0.65591 0.70653 0.70653 0.70297 0.70317 0.65658 0.69095 0.61005 0.61310 0.61088 0.65861 0.67597 0.67597 0.67597 0.67597 0.78949 0.78949 0.75882 0.81319 0.75070 0.87247 0.87247 0.87247 0.87247 0.87247 0.87247 0.73770 0.74307 0.72296 0.81789 0.74638 0.74638 0.74638 0.74638 0.72508 0.72508 0.72508 0.72817 0.72668 0.74430 0.74430 0.68641 0.68641 0.68641 0.73627 0.74626 0.74876 0.74876 0.75167 0.75622 0.73278 0.73722 0.73722 0.73722 0.75557 0.75557
