test/test_data/tcaap/monthly_variance_over_all_Jul__actual_et__2015-01-01_to_2019-12-31__180_by_260__inches.asc
NCOLS        180
NROWS        260
XLLCORNER     476375.000
YLLCORNER    4970875.000
CELLSIZE        100.000
NODATA_VALUE -9999.
[rows 60 to 89 of 260, columns 69 to 137 of 180]
1.1724 1.1724 1.1724 1.1513 1.1513 1.0717 1.0699 1.0859 1.5283 1.5283 1.5270 1.5270 1.2048 1.0551 1.0689 1.1468 1.1054 1.1093 1.1120 0.88777 0.89027 1.0312 1.0312 1.0312 1.0312 1.0312 1.0295 1.5242 1.5242 1.5242 1.5242 1.2058 1.1957 1.1684 0.79670 1.1732 1.1732 1.1957 1.1957 1.1881 1.1881 1.1881 1.1988 1.2056 1.1840 1.1988 1.0729 1.2069 1.0729 1.0731 1.0733 1.2127 1.5185 1.2036 1.2096 1.2096 1.2036 1.2036 1.2036 1.2036 1.1234 1.1776 1.1776 1.1623 1.1623 1.1623 1.1623 1.5193 1.5193
1.1724 1.1724 1.5283 1.1657 1.0492 1.0492 1.0859 1.0859 1.5283 1.5283 1.5270 1.5270 1.5270 1.0972 1.0649 1.0937 1.1013 1.1068 1.1104 1.1130 1.1116 1.0312 1.1574 1.1574 1.1574 1.0312 1.0295 1.1982 1.5242 1.5242 1.5242 1.1777 1.1957 1.1684 1.1684 0.88491 1.1732 1.1957 1.1957 1.1881 1.1881 1.1881 1.1988 1.2056 1.2056 1.1988 1.0729 0.91437 0.91437 1.0731 1.1783 1.2056 1.2043 1.2043 1.2043 1.1973 1.1973 1.1973 1.1973 1.1973 1.1736 1.1736 1.1736 1.1623 1.1623 1.1623 1.1247 1.1623 1.5193
1.1724 1.5283 1.5283 1.5283 1.5283 0.79648 1.0859 1.0859 1.0859 1.5283 1.5270 1.5270 1.5270 1.0868 1.0760 0.89951 0.89673 1.1039 1.1092 1.1110 0.87224 1.0312 1.1574 1.1574 1.1574 1.1574 1.0295 1.0295 1.0295 1.0597 1.0633 1.1777 1.2100 1.1684 1.1684 0.88491 1.1239 1.1957 1.1957 1.1881 1.1982 1.2069 1.2487 1.1988 1.1840 1.1783 1.0733 0.91422 1.0731 1.0732 1.1783 1.1783 1.1764 1.1764 1.1863 1.1973 1.1973 1.1973 1.1973 1.1973 1.2043 1.2043 1.1605 1.1605 1.1605 1.1605 1.1188 1.1786 1.5125
1.1724 1.5283 1.5283 1.5283 1.5283 1.0699 1.0859 1.0859 1.5283 1.5283 1.5270 1.5270 1.5270 1.0721 0.81210 1.0357 1.0400 1.1428 1.1086 0.89036 0.87224 1.0312 1.0312 1.1574 1.1574 1.1633 1.1633 1.1633 1.1633 1.1633 1.2560 1.1684 1.1304 1.1684 1.0468 0.88491 1.1957 1.1957 1.1957 1.1982 1.1982 1.2069 1.2196 1.1287 1.1287 1.1783 1.1783 1.0733 1.0732 0.91418 0.91417 1.0733 1.0710 1.1764 1.2043 1.1973 1.1973 1.1973 1.1973 1.1973 1.2043 1.2043 1.1692 1.1605 1.1605 1.1605 1.1089 1.1786 1.5125
1.1724 1.1724 1.5283 1.5283 1.5283 1.0400 1.0636 1.0859 1.5283 1.5283 1.5270 1.5270 1.5270 1.0809 1.0760 1.0237 1.0321 1.0424 0.89149 0.88851 0.87210 1.0295 1.0295 1.0295 1.0295 1.0295 1.0295 1.0295 1.0295 1.0295 1.0295 1.1684 1.1957 1.1684 1.1684 1.1684 1.0468 1.1957 1.1957 1.1982 1.1982 1.2069 1.1988 0.91437 1.0729 1.0729 0.91417 1.0731 1.0731 0.91419 1.0733 1.1416 1.1442 1.1862 1.2043 1.1820 1.1778 1.1973 1.1973 1.1822 1.2043 1.2530 1.1731 1.1605 1.1605 1.1605 1.1605 1.1786 1.1546
1.1724 1.1724 1.5283 1.5283 1.5283 1.0400 0.79806 1.0626 1.0626 1.0626 1.0237 0.90208 0.90210 1.0721 1.0760 1.0972 1.0868 0.90208 0.89105 0.88778 0.87768 0.87550 0.87192 1.1633 1.1633 1.0295 1.0295 1.1633 1.1148 1.1001 1.1976 1.1684 1.1684 1.1957 1.0468 1.0468 1.0468 1.0468 1.1957 1.1881 1.1881 1.1988 1.1988 1.0729 1.0729 1.0729 1.0729 1.0729 1.0729 1.1776 1.1783 1.1417 1.1452 1.1456 1.1820 1.1820 1.1973 1.1973 1.1973 1.0967 1.3165 1.2771 1.1731 1.1731 1.1605 1.1605 1.1605 1.1188 1.1008
1.1724 1.1724 1.1558 0.79082 1.5283 0.79330 0.79648 1.0626 1.0626 1.0626 1.0760 1.0972 1.0955 1.0955 1.0237 1.0972 1.0851 1.0955 1.0392 1.0860 0.88920 1.1148 1.1633 1.1633 1.1633 0.87192 1.1207 1.1612 1.1633 1.1001 1.1986 1.1881 1.1881 1.1881 1.5196 1.5196 1.0468 1.0468 1.0468 1.1881 1.1881 1.1988 1.1988 1.0729 1.0729 1.0729 1.1739 0.91438 1.0729 1.0729 0.91425 1.1448 1.1452 1.1448 1.1820 1.2043 1.1973 1.1973 1.1973 1.2039 1.1973 1.2843 1.1731 1.1605 1.1605 1.1605 1.1692 1.2011 1.0734
1.0256 1.0256 1.0255 1.0255 1.0482 1.0321 1.0723 1.0869 1.0869 1.0840 1.0760 1.1008 1.1008 1.0926 1.0849 0.90220 1.0868 1.0751 0.84656 0.84656 0.81099 1.2560 1.2294 1.1892 0.87192 0.87224 0.87224 1.0312 1.1811 1.1986 1.1986 1.1881 1.1881 1.1881 1.5196 1.5196 1.0468 1.0468 1.0468 1.0485 1.0485 1.0729 1.0729 1.0729 1.0729 1.1739 1.1287 0.91438 0.91438 0.91425 0.91425 0.91417 0.90823 0.90819 0.90823 1.0710 1.0695 1.0695 1.0695 1.1973 1.1973 1.1973 1.1691 1.1883 1.1089 1.1089 1.1692 1.0663 1.1662
1.1728 1.1728 1.1728 1.5241 1.0500 1.0904 1.0723 1.0869 1.0869 1.0609 1.0609 1.0874 1.0874 1.0788 1.0698 1.0584 1.0769 0.80234 0.80091 0.81586 0.80639 1.2074 1.5242 1.1892 0.87247 0.87224 1.0312 1.0312 1.1811 1.1612 1.1688 1.1881 1.1881 1.1881 1.1660 1.5196 1.0468 1.0468 1.0485 1.0485 1.0485 1.0729 1.0729 1.0729 1.0729 1.1287 1.1784 1.0740 0.91417 0.91417 1.1320 0.90823 0.90823 0.90817 0.90828 1.0710 1.0710 0.90823 0.90823 1.1778 1.1973 1.1822 1.1691 1.1691 1.1883 1.1692 1.1692 1.1662 1.1662
1.0256 1.1728 1.1728 1.1646 1.1416 1.0723 1.0834 1.0613 1.0869 1.0609 1.0609 1.0874 1.0874 1.0609 1.0609 0.89327 1.0580 1.0402 1.1279 1.0566 0.79450 1.1967 1.2938 1.2861 0.86431 1.0141 1.0141 1.1465 1.1714 1.1497 1.1566 1.1793 1.1793 1.1881 1.1627 1.5196 1.0485 1.0485 1.0485 1.0468 1.0485 1.0729 1.0729 1.0729 1.0729 1.1320 0.91417 0.91417 0.91417 1.1320 1.1320 0.90823 0.90816 0.90832 0.90823 0.90823 0.90823 0.90815 0.90823 0.90823 1.0695 1.1973 1.1883 1.1883 1.1883 1.1089 1.0517 1.1662 1.1662
0.87422 1.1728 1.1728 1.1728 1.1383 1.0834 1.0834 1.0613 1.0869 1.0609 1.0609 1.0874 1.0874 1.0874 1.0609 1.0618 1.0402 1.0402 1.0402 1.0519 0.80644 1.2938 1.2938 1.2472 1.1777 1.0141 1.0141 1.1465 1.1714 1.1714 1.1793 1.1793 1.1793 1.1566 1.5186 1.5186 1.0213 1.0242 1.0242 0.86794 1.0242 1.0457 1.0457 1.0457 1.0457 0.82176 1.1320 1.1320 1.1320 1.1784 1.1784 1.0710 1.0695 0.90863 0.90835 0.90823 0.90823 0.90823 0.90823 1.2043 1.1973 1.1973 1.1883 1.1883 1.1605 1.1089 1.1089 1.1692 1.1089
1.1729 1.1729 1.1729 1.1500 1.1266 1.0723 1.0869 1.0869 1.0653 1.0402 1.0609 1.0070 1.0618 1.0874 1.0874 1.0874 1.0874 1.0874 1.0874 1.1107 0.78032 1.5235 1.5235 1.5235 1.1880 1.1714 1.1714 1.1714 1.1714 1.1714 1.1793 1.1793 1.1855 1.1597 1.5187 1.5187 1.0229 1.0229 0.86780 1.0230 1.0242 1.0457 1.0457 1.0457 1.0457 1.0457 0.80266 1.0457 1.0459 1.0459 1.1606 1.0510 1.0510 1.0510 1.0510 0.89988 0.89988 0.90820 1.5105 1.1727 1.1727 1.1973 1.1883 1.1883 0.89956 1.1605 1.1605 0.90067 0.90553
1.1729 1.1729 1.1729 1.2000 1.5242 1.3305 1.0869 1.0869 1.0397 1.0402 1.0710 0.89315 1.0098 1.0840 1.0840 1.0874 1.0874 1.0874 1.0874 1.0098 1.5235 1.5235 1.5235 1.5235 1.2444 1.1715 1.1715 1.1715 1.1715 1.1715 1.1793 1.1793 1.1793 1.1096 1.5187 1.5187 1.5187 0.86794 0.86794 1.0229 1.0229 1.0457 1.0457 1.0459 1.0457 1.0457 1.0457 1.0457 1.0457 1.0457 1.0457 1.0510 1.0510 1.0510 1.0510 0.89988 0.89988 1.0510 1.1635 1.5119 1.1828 1.1828 1.1859 1.1859 0.90137 1.1607 1.1535 0.90205 0.90205
0.87422 0.87422 1.1500 1.1570 1.5242 1.1802 1.0397 1.0869 1.0397 1.0874 1.0710 0.89303 1.0062 1.0070 1.0618 1.0874 1.0874 1.0874 1.0874 0.86917 1.5235 1.5235 1.5235 1.5235 1.5235 1.2233 1.1715 1.1715 1.1715 1.1715 1.1793 1.1793 1.1281 1.5187 1.5187 1.5187 1.5187 1.5187 0.86794 1.0229 0.86794 0.89055 1.0459 1.0459 0.91062 0.91062 1.0457 1.0457 1.0457 1.0457 1.0457 1.0510 1.0510 1.0510 1.0510 1.0520 1.0520 1.0510 1.1587 1.1178 1.5119 1.5119 1.1859 1.1859 1.1652 1.1652 1.1043 0.90205 0.90205
1.1500 0.87422 1.1500 1.1053 1.2692 1.3115 1.0603 1.0869 1.0869 1.0874 1.0710 0.89307 1.0588 1.0067 1.0070 1.0874 1.0874 1.0874 1.0874 0.86931 0.86393 1.5235 1.1529 1.1688 1.0463 1.1468 1.1880 1.1880 1.1807 1.1807 1.1994 1.1744 1.1744 1.1206 1.5187 1.5187 1.5187 1.5187 1.5187 0.86794 0.89050 0.89043 0.89053 1.0459 1.0536 0.89042 0.89042 0.89043 1.0459 1.1646 1.0457 1.0510 1.0510 1.0510 1.0510 1.0520 1.0520 1.0520 1.1636 1.1178 1.5119 1.5096 1.5096 1.5096 0.90114 0.90114 0.90099 0.90206 0.90206
1.1729 1.1729 1.1729 1.1500 1.2733 1.2089 1.1651 1.0869 1.0869 1.0874 0.89315 0.89312 1.0064 1.0068 0.89315 0.89315 1.0618 1.0712 1.0618 0.87022 0.86626 0.86393 1.1787 1.1962 1.1468 1.2191 1.1529 1.1777 1.1967 1.1967 1.1994 1.1572 1.1572 1.3058 1.1069 1.1069 1.5187 1.5187 0.86794 0.86794 0.89043 1.0459 1.0459 1.0459 1.0457 0.89042 0.89043 0.89043 1.0459 1.0457 1.0457 1.0510 1.0510 1.0510 0.89930 1.1301 1.1893 1.2014 0.89945 0.89950 0.89945 1.5096 1.5096 1.5096 0.90114 0.90114 0.90099 0.90739 0.90739
1.1729 1.1729 1.1729 1.1500 1.2286 1.2089 1.2089 1.0869 1.0869 1.0874 1.0079 0.89313 0.89342 0.89324 0.89314 1.0400 1.0405 1.0647 1.0828 1.0947 1.0870 1.0982 1.1787 1.1715 1.1244 1.1967 1.2576 1.1529 0.86431 0.86431 1.1793 1.2402 1.1313 1.2498 1.2316 1.1069 1.1445 1.1445 1.0229 1.0229 1.0459 1.0459 1.0459 1.0459 0.89042 0.89042 0.89042 0.89039 0.89039 0.89039 1.0457 1.0510 1.0510 1.0510 1.0510 1.1301 1.1893 1.1893 1.1893 1.1658 1.5119 0.90091 0.90099 0.90099 0.90114 1.0487 1.0487 0.90739 0.90739
1.1548 1.1548 1.1548 1.1729 1.1775 1.2369 1.2606 1.0512 1.0835 1.0840 1.0219 0.80248 0.89343 0.89324 0.89313 0.89315 1.0074 1.0099 1.0870 0.87028 1.0875 1.0944 1.1497 1.0954 1.1529 1.1967 1.2938 1.1880 1.0125 1.0141 1.1899 1.1969 1.1864 1.1864 1.1864 1.0229 1.1602 1.1602 1.0309 1.0229 1.0459 1.0459 1.0459 1.0459 0.89043 0.89042 0.89042 0.89039 0.89039 0.89039 1.0457 1.0510 1.0510 1.0510 1.0510 1.1301 1.2014 1.2014 1.2014 1.5119 1.5119 1.5096 1.5096 1.0487 1.0487 1.0487 1.0487 1.0487 1.0487
1.1548 1.1548 1.1548 1.1548 1.1725 1.1599 1.1599 1.0660 1.0660 1.0704 1.0418 0.77308 0.85938 0.85987 0.77297 0.80237 0.89315 1.0104 1.0936 1.0193 1.0920 1.0943 1.1497 1.1465 1.1787 1.2192 1.2444 1.1880 1.1787 1.1880 1.1865 1.1969 1.1864 1.1864 1.1864 1.0229 1.0229 1.1602 1.0229 1.0229 1.0459 1.0457 1.0457 1.0459 1.0459 1.0457 1.0459 0.89039 0.89039 1.0458 1.0457 1.0510 1.0510 1.0510 0.89930 1.1359 1.2014 1.2014 1.1913 1.5119 1.5119 1.5096 1.5096 1.1594 1.1594 1.0487 1.0487 1.1594 1.0487
1.1549 1.1549 1.1549 1.1549 1.1549 1.1624 1.1725 1.1624 1.0704 1.0704 1.0418 0.77363 0.77267 0.85985 0.77298 0.77294 0.98885 0.98885 1.0726 0.85419 1.0646 1.0863 1.1361 1.1609 1.1685 1.2305 1.2042 1.1880 1.1788 1.1864 1.1864 1.1969 1.1969 1.1864 1.1864 1.1864 1.0229 1.1602 1.0229 1.0229 1.0459 1.0459 1.0457 1.0459 1.0459 1.0459 1.0459 0.89043 0.89039 1.0458 1.0457 1.0510 1.1828 1.1613 1.1828 1.1828 1.1913 1.1828 1.1828 1.5119 1.5119 1.5096 1.5096 1.1594 1.0487 1.1121 0.92145 1.1121 1.0487
1.1549 1.1549 1.1549 1.1549 1.1549 1.1549 1.1624 1.1624 1.0704 1.0418 1.0208 0.77363 0.77263 0.77282 0.86025 0.86011 0.98885 1.0429 1.0429 1.0217 1.0745 1.0469 1.1609 1.1609 1.1700 1.1700 1.2435 1.1649 1.1777 1.1685 1.1685 1.1685 1.1685 1.1445 1.1766 0.99823 1.5195 1.5195 1.1685 1.1864 1.1923 1.1923 1.1654 1.0459 1.0459 0.89043 0.89043 0.89043 0.89039 0.89039 1.0512 1.1613 1.1613 1.1913 1.1913 1.1828 1.1828 1.1828 1.1613 1.5119 1.5119 1.1697 1.1942 1.0487 1.0487 0.92145 1.1121 1.1594 1.1594
1.1549 1.1549 1.1549 1.1549 1.1549 1.1549 1.1624 1.1624 1.1421 1.0418 0.77363 0.77363 0.77253 0.85952 0.86021 1.0427 1.0429 1.0429 1.0429 1.0745 1.0745 1.0745 1.1083 1.1609 1.1700 1.1777 1.1649 1.2042 1.1777 0.99823 0.99823 1.2695 1.1685 1.1389 1.1685 1.1685 1.1613 1.5195 1.1685 1.1685 1.1697 1.1540 1.1775 1.0174 0.87049 0.87040 0.87049 0.87049 0.87032 0.87032 0.88126 1.1141 1.1136 1.1613 1.1893 1.2014 1.2014 1.1893 1.5119 1.5119 1.5119 1.2610 1.2533 1.0487 1.0487 1.0487 1.1594 1.1594 1.1719
1.1215 1.1549 1.1549 1.1549 1.1549 1.1549 1.1725 1.1369 0.85477 1.0107 0.77294 0.77294 0.86059 1.0429 1.0429 1.0429 1.0429 1.0429 1.0429 1.0745 1.0745 1.0745 1.0525 1.2042 1.0007 1.0007 1.0155 1.2042 1.2425 1.2429 1.2429 1.2928 1.2219 1.1354 1.1613 1.1613 1.1613 1.1613 1.1613 1.1613 1.1697 1.1775 1.1775 1.0184 0.87031 0.87031 0.87031 0.87030 1.0967 1.0969 0.88127 0.88129 1.1841 1.1603 1.1853 1.1965 1.1853 1.1853 1.5110 1.5110 1.5110 1.2489 1.0309 1.0487 1.0487 1.0487 1.0487 1.0487 1.0487
1.1549 1.1549 1.1549 1.1549 1.1549 1.1549 1.1549 0.76881 0.77126 1.0154 0.77212 0.77224 0.86012 1.0429 1.0429 1.0429 1.0429 1.0429 1.0429 1.0465 1.0465 1.0465 1.0449 1.1700 1.1283 1.2520 1.1777 1.1405 1.2425 1.2429 1.2429 1.2682 1.2682 1.2682 1.1354 1.0762 1.1321 1.1613 1.1408 1.1408 1.1697 1.1697 1.1697 1.0184 0.87021 0.87025 0.87025 0.87021 0.87024 0.87024 0.88135 0.88143 0.88148 0.88138 0.88138 1.1863 1.1965 1.1863 1.1863 0.88138 1.0345 1.0309 1.1552 1.1552 1.1552 1.1552 1.1552 1.0309 1.0309
1.1549 1.1549 1.1549 1.1549 1.1549 1.1549 1.1549 0.85044 0.77142 1.0201 0.77130 0.77131 0.85822 1.0002 0.98885 0.98885 0.99204 0.99259 1.0460 1.0465 0.98955 0.85776 1.0597 1.1120 1.1361 1.2694 1.1649 1.2780 1.2532 1.2429 1.2306 1.2219 1.2682 1.2682 1.1122 1.1778 1.1778 1.1613 1.1613 1.1613 1.1697 1.1697 1.1794 1.0184 1.0184 1.0923 1.0955 0.87021 0.87021 0.87023 0.88139 0.88152 0.88193 1.1078 1.1560 1.1539 1.1853 1.2536 1.1965 1.0349 1.0345 1.0309 1.5081 1.5081 1.5081 1.1552 1.1552 1.1552 1.0309
1.1549 1.1549 1.1549 1.1549 1.1549 1.1549 1.1317 0.85035 0.85369 0.85376 0.85365 0.85365 1.0050 1.0052 1.0048 0.98885 1.0000 0.99995 1.0552 1.0588 1.0685 1.0745 1.0745 1.0745 1.0588 1.2171 1.2780 1.2780 1.2780 1.2300 1.2795 1.1866 1.2819 1.1310 1.5195 1.1117 1.1613 1.1613 1.2384 1.1613 1.1697 1.1697 1.1697 1.0184 1.0923 1.0923 1.1493 1.0174 1.0184 1.0184 0.88127 0.88126 1.0345 1.2278 1.1865 1.2326 1.1795 1.1603 1.1863 1.0345 1.0345 1.1713 1.5081 1.5081 1.1552 1.1552 1.1552 1.1552 0.88162
1.1549 1.1549 1.1549 1.1549 1.1549 1.1549 1.1317 0.85032 0.85365 0.85365 1.0002 1.0002 1.0014 1.0013 0.85390 1.0647 0.77127 0.77132 0.77083 1.0231 1.0745 1.0745 1.0745 1.0745 1.2171 1.2171 1.1674 1.2780 1.1164 1.5195 1.5195 1.5195 1.5195 1.5195 1.5195 1.1053 1.1613 1.1321 1.2384 1.1697 1.1697 1.1697 1.1697 1.0184 1.0184 1.0184 1.0174 1.1449 1.1498 1.1498 0.88127 0.88127 0.88127 1.0954 1.1284 1.1557 1.1557 1.1324 1.1863 1.0345 1.0309 1.0309 1.0309 1.1713 1.1713 1.1713 1.1713 1.1436 1.1041
1.1549 1.1549 1.1549 1.1549 1.1549 1.1549 1.5206 1.5206 0.85366 0.85367 1.0002 1.0002 1.1666 1.0191 1.0805 1.0173 0.77169 0.77127 0.77083 1.0231 1.0525 1.0745 1.0745 1.0525 1.0525 1.0525 1.0525 1.0231 1.5190 1.5195 1.5195 1.5195 1.5195 1.5195 1.5195 1.1613 1.1613 1.0762 1.1321 1.1697 1.1697 1.1697 1.1697 1.0184 1.1449 1.0184 0.87196 1.1452 1.1697 1.1697 1.1777 1.0345 1.0345 1.1324 1.1603 1.1557 1.1777 1.1324 1.1324 1.1557 1.1512 1.0309 1.1713 1.1713 1.1713 1.1713 1.1713 1.1436 1.1041
1.1443 1.1443 1.1443 1.1443 1.1443 1.1227 1.5185 1.5185 0.83636 0.85367 0.85377 1.0916 1.0394 1.5218 1.5218 1.0259 1.0168 0.77364 0.77083 1.0231 1.0231 1.0745 1.0354 1.0354 1.0354 1.0745 1.0745 1.0745 1.5190 1.5195 1.5195 1.5195 1.5195 1.5195 1.5195 1.1613 1.5195 1.5195 1.1613 1.1697 1.1449 1.1697 1.1697 1.0184 1.1449 1.0955 1.0955 1.1697 1.1697 1.1697 1.1777 1.0345 1.0345 1.1603 1.1557 1.1777 1.1777 1.1557 1.1777 1.1777 1.1727 1.1727 1.1512 1.1713 1.1713 1.1713 1.1713 1.1802 1.1041
1.1186 1.1186 1.1443 1.1443 1.1227 1.1227 1.5185 1.0686 1.0690 1.0690 1.0689 1.0692 1.0588 1.5183 1.0058 1.0107 1.0107 0.75627 0.76789 1.0093 1.0093 1.0231 1.0231 1.0231 1.0452 1.0745 1.0745 1.0745 1.5190 1.5195 1.5195 1.5195 1.5195 1.5195 1.5195 1.5195 1.5195 1.5195 1.1613 1.1697 1.1697 1.1697 1.1697 1.0184 1.0923 1.0955 1.0955 1.1869 1.1697 1.1697 1.1777 1.0345 1.0345 1.1557 1.1557 1.1777 1.1777 1.1777 1.1777 1.1777 1.1512 1.1512 1.1802 1.1713 1.1713 1.1713 1.1713 1.1802 1.1041
