test/test_data/tcaap/monthly_variance_over_all_Apr__actual_et__2015-01-01_to_2019-12-31__180_by_260__inches.asc
NCOLS        180
NROWS        260
XLLCORNER     476375.000
YLLCORNER    4970875.000
CELLSIZE        100.000
NODATA_VALUE -9999.
[rows 58 to 86 of 260, columns 67 to 133 of 180]
0.61449 0.63847 0.63328 0.63328 0.62490 0.62490 0.57772 0.58925 0.58925 0.77233 0.77233 0.77233 0.77231 0.77231 0.77231 0.58811 0.60131 0.60874 0.57442 0.57316 0.58588 0.60212 0.60212 0.60118 0.60118 0.60118 0.60118 0.77031 0.77031 0.77031 0.77078 0.77078 0.77078 0.76752 0.76752 0.57543 0.57543 0.64305 0.63785 0.63785 0.63785 0.63785 0.63785 0.63926 0.64006 0.64006 0.64006 0.64006 0.64006 0.64006 0.67062 0.64593 0.64593 0.64376 0.63962 0.63962 0.63962 0.63962 0.64344 0.63962 0.63962 0.63546 0.60031 0.60031 0.60031 0.62548 0.62548
0.55417 0.62627 0.63329 0.63329 0.63329 0.62071 0.62644 0.58925 0.56395 0.58275 0.77234 0.77234 0.77232 0.77232 0.64070 0.58378 0.59123 0.60710 0.61872 0.62982 0.64774 0.60213 0.60213 0.60118 0.60118 0.60118 0.60118 0.60548 0.77032 0.77032 0.77032 0.77032 0.77032 0.76882 0.63369 0.62445 0.57092 0.63974 0.63369 0.63369 0.63974 0.63390 0.63927 0.64305 0.64377 0.64377 0.64377 0.64007 0.64007 0.64594 0.61128 0.61128 0.63881 0.64377 0.64344 0.63963 0.63963 0.64344 0.63963 0.63963 0.63963 0.63963 0.62597 0.62597 0.62974 0.62549 0.62549
0.55417 0.63465 0.63329 0.63329 0.63329 0.62645 0.62645 0.58275 0.59031 0.59258 0.77234 0.77234 0.77232 0.77232 0.64070 0.57443 0.58221 0.61406 0.61052 0.61586 0.62012 0.57732 0.56412 0.60119 0.60119 0.60119 0.60119 0.60119 0.60548 0.77032 0.77032 0.77032 0.77032 0.64168 0.63974 0.63452 0.55493 0.63369 0.63369 0.63974 0.63974 0.63572 0.63572 0.63572 0.63913 0.64281 0.63721 0.63913 0.60982 0.64137 0.60982 0.61242 0.61394 0.64377 0.76832 0.63963 0.64344 0.64344 0.63963 0.63963 0.63963 0.63963 0.60032 0.62975 0.62975 0.62549 0.62549
0.63465 0.63329 0.63329 0.63329 0.77235 0.63759 0.57265 0.57265 0.59258 0.59258 0.77235 0.77235 0.77233 0.77233 0.77233 0.59052 0.57980 0.59926 0.60585 0.61211 0.61755 0.62167 0.61777 0.60119 0.62808 0.62808 0.62808 0.60119 0.60549 0.63953 0.77033 0.77033 0.77033 0.63466 0.63975 0.63452 0.63452 0.57092 0.63369 0.63975 0.63975 0.63573 0.63573 0.63573 0.63914 0.64282 0.64282 0.63914 0.60982 0.57438 0.57438 0.61244 0.63787 0.64282 0.64412 0.64412 0.64412 0.64045 0.64045 0.64045 0.64045 0.64045 0.63035 0.63035 0.63035 0.62549 0.62549
0.63466 0.63329 0.63329 0.77235 0.77235 0.77235 0.77235 0.49133 0.59258 0.59258 0.59258 0.77235 0.77234 0.77234 0.77234 0.58392 0.57833 0.53822 0.54560 0.60886 0.61563 0.61851 0.56403 0.60119 0.62808 0.62808 0.62808 0.62808 0.60549 0.60549 0.60549 0.61186 0.61200 0.63466 0.64683 0.63452 0.63452 0.57092 0.62446 0.63975 0.63975 0.63573 0.63773 0.64137 0.67932 0.63914 0.63722 0.63787 0.61394 0.57688 0.61240 0.61300 0.63787 0.63787 0.63908 0.63908 0.64203 0.64045 0.64045 0.64045 0.64045 0.64045 0.64412 0.64412 0.62689 0.62689 0.62689
0.63466 0.63330 0.63330 0.77236 0.77236 0.77236 0.77236 0.58170 0.59258 0.59258 0.77236 0.77236 0.77234 0.77234 0.77234 0.58379 0.48983 0.57222 0.57987 0.61707 0.61464 0.56383 0.56403 0.60119 0.60119 0.62809 0.62809 0.63214 0.63214 0.63214 0.63214 0.63214 0.67132 0.63452 0.63161 0.63452 0.60722 0.57092 0.63975 0.63975 0.63975 0.63773 0.63773 0.64138 0.67606 0.62428 0.62428 0.63788 0.63788 0.61394 0.61286 0.57800 0.57845 0.61394 0.61706 0.63908 0.64412 0.64045 0.64045 0.64045 0.64045 0.64045 0.64412 0.64412 0.63539 0.62689 0.62689
0.62785 0.63330 0.63330 0.63330 0.77237 0.77237 0.77237 0.56744 0.58026 0.59259 0.77237 0.77237 0.77235 0.77235 0.77235 0.59037 0.57833 0.55740 0.56629 0.58772 0.56005 0.57162 0.57654 0.60549 0.60549 0.60549 0.60549 0.60549 0.60549 0.60549 0.60549 0.60549 0.60549 0.63453 0.63975 0.63453 0.63453 0.63453 0.60722 0.63975 0.63975 0.63773 0.63773 0.64138 0.63914 0.57438 0.60982 0.60982 0.57865 0.61239 0.61242 0.57770 0.61373 0.62863 0.63009 0.63926 0.64412 0.63843 0.63456 0.64046 0.64046 0.63543 0.64412 0.68081 0.63894 0.62689 0.62689
0.63466 0.63330 0.63330 0.63330 0.77237 0.77237 0.77237 0.56745 0.48206 0.57817 0.57817 0.57817 0.55740 0.51901 0.51964 0.58379 0.57833 0.59053 0.58393 0.51888 0.56147 0.58404 0.59468 0.59036 0.56883 0.63214 0.63214 0.60549 0.60549 0.63214 0.62191 0.66526 0.66180 0.63453 0.63453 0.63976 0.60722 0.60722 0.60722 0.60722 0.63976 0.63574 0.63574 0.63915 0.63915 0.60982 0.60982 0.60982 0.60982 0.60982 0.60982 0.63710 0.63784 0.62880 0.63098 0.63139 0.63843 0.63843 0.64046 0.64046 0.64046 0.61814 0.69857 0.68337 0.63894 0.63894 0.62690
0.62893 0.63330 0.63330 0.63330 0.62540 0.52729 0.77238 0.50942 0.49133 0.57817 0.57817 0.57817 0.57833 0.59053 0.58938 0.58938 0.55740 0.59053 0.58297 0.58938 0.56485 0.65780 0.60798 0.62191 0.63214 0.63214 0.63214 0.56883 0.63030 0.62729 0.67701 0.66527 0.68243 0.63574 0.63574 0.63574 0.76886 0.76886 0.60722 0.60722 0.60722 0.63574 0.63574 0.63915 0.63915 0.60983 0.60983 0.60983 0.63405 0.57438 0.60983 0.60983 0.58263 0.63190 0.63097 0.63067 0.63843 0.64413 0.64046 0.64046 0.64046 0.64276 0.64046 0.68271 0.63894 0.62690 0.62690
0.59999 0.59897 0.59897 0.59897 0.59663 0.59007 0.58053 0.56434 0.57845 0.58702 0.58702 0.58932 0.57833 0.59164 0.59164 0.58836 0.58291 0.52352 0.58393 0.57789 0.58408 0.58408 0.58805 0.67134 0.66792 0.63540 0.56883 0.56403 0.56403 0.60119 0.63352 0.68243 0.68243 0.63574 0.63574 0.63574 0.76887 0.76887 0.60722 0.60722 0.60722 0.60305 0.60305 0.60983 0.60983 0.60983 0.60983 0.63405 0.62429 0.57438 0.57438 0.58263 0.58263 0.57865 0.58588 0.58659 0.58588 0.61706 0.61304 0.61304 0.61304 0.64046 0.64046 0.64046 0.63215 0.63694 0.59717
0.62936 0.62848 0.62848 0.62848 0.62848 0.76983 0.58333 0.58752 0.57845 0.58702 0.58702 0.57623 0.57623 0.59043 0.59043 0.58672 0.58084 0.57657 0.58819 0.49104 0.56981 0.58594 0.59296 0.66504 0.77037 0.63540 0.57966 0.56403 0.60119 0.60119 0.63352 0.62729 0.62979 0.63575 0.63575 0.63575 0.63295 0.76887 0.60722 0.60722 0.60305 0.60305 0.60305 0.60983 0.60983 0.60983 0.60983 0.62430 0.63789 0.61782 0.57865 0.57865 0.62816 0.58588 0.58588 0.58697 0.58506 0.61707 0.61707 0.58588 0.58588 0.63457 0.64047 0.63544 0.63215 0.63215 0.63695
0.62937 0.59897 0.59897 0.62848 0.62848 0.62411 0.61330 0.57845 0.58516 0.57275 0.58702 0.57623 0.57623 0.59043 0.59043 0.57623 0.57623 0.52112 0.57601 0.56599 0.62541 0.63032 0.58274 0.66634 0.70143 0.69529 0.56959 0.60429 0.60429 0.63030 0.63607 0.62947 0.63015 0.63623 0.63623 0.63575 0.63066 0.76888 0.60305 0.60305 0.60305 0.60722 0.60305 0.60983 0.60983 0.60983 0.60983 0.62816 0.57865 0.57865 0.57865 0.62816 0.62816 0.58588 0.58723 0.58458 0.58588 0.58588 0.58588 0.58964 0.58588 0.58588 0.61304 0.64047 0.63695 0.63695 0.63695
0.62937 0.56704 0.56704 0.62848 0.62848 0.62848 0.61280 0.58516 0.58516 0.57275 0.58703 0.57623 0.57623 0.59044 0.59044 0.59044 0.57623 0.57669 0.56599 0.56599 0.56599 0.60290 0.59299 0.70143 0.70143 0.68248 0.63761 0.60429 0.60429 0.63030 0.63607 0.63607 0.63623 0.63623 0.63623 0.63015 0.76920 0.76920 0.61754 0.60502 0.60502 0.57362 0.60502 0.60995 0.60995 0.60995 0.60995 0.55646 0.62817 0.62817 0.62817 0.63790 0.63790 0.61707 0.61304 0.58183 0.58424 0.58588 0.58588 0.58588 0.58588 0.64414 0.64047 0.64047 0.63695 0.63695 0.62691
0.62937 0.62849 0.62849 0.62849 0.62849 0.62136 0.61523 0.57845 0.58703 0.58703 0.57402 0.56599 0.57623 0.55520 0.57670 0.59044 0.59044 0.59044 0.59044 0.59044 0.59044 0.60726 0.55475 0.76963 0.76963 0.76963 0.64208 0.63608 0.63608 0.63608 0.63608 0.63608 0.63623 0.63623 0.63761 0.63331 0.76921 0.76921 0.60959 0.60959 0.56896 0.60930 0.60502 0.60995 0.60995 0.60995 0.60995 0.60995 0.54962 0.60995 0.61423 0.61423 0.63386 0.61154 0.61154 0.61154 0.61154 0.58475 0.58475 0.58640 0.76546 0.63527 0.63527 0.64047 0.63696 0.63696 0.57393
0.62937 0.62849 0.62849 0.62849 0.62849 0.65549 0.76986 0.70341 0.58703 0.58703 0.56194 0.56599 0.58150 0.51964 0.56292 0.58933 0.58933 0.59044 0.59044 0.59044 0.59044 0.56292 0.76963 0.76963 0.76963 0.76963 0.67276 0.63608 0.63608 0.63608 0.63608 0.63608 0.63624 0.63624 0.63624 0.62998 0.76922 0.76922 0.76922 0.57362 0.57362 0.60960 0.60960 0.60995 0.60995 0.61423 0.60995 0.60995 0.60995 0.60995 0.60995 0.60995 0.60995 0.61155 0.61155 0.61155 0.61155 0.58475 0.58475 0.61155 0.63834 0.76616 0.63936 0.63936 0.63938 0.63938 0.57617
0.62849 0.62849 0.56704 0.56704 0.62136 0.62170 0.76986 0.62717 0.56194 0.58703 0.56194 0.59044 0.58150 0.51818 0.55464 0.55520 0.57670 0.59044 0.59044 0.59044 0.59044 0.54572 0.76964 0.76964 0.76964 0.76964 0.76964 0.67095 0.63608 0.63608 0.63608 0.63608 0.63624 0.63624 0.62500 0.76922 0.76922 0.76922 0.76922 0.76922 0.57362 0.60960 0.57362 0.58128 0.61423 0.61423 0.61566 0.61566 0.60996 0.60996 0.60996 0.60996 0.60996 0.61155 0.61155 0.61155 0.61155 0.61565 0.61565 0.61155 0.63452 0.63334 0.76617 0.76617 0.63938 0.63938 0.63367
0.62849 0.62849 0.62136 0.56704 0.62136 0.61174 0.68854 0.70385 0.57231 0.58703 0.58703 0.59045 0.58150 0.51864 0.58168 0.55500 0.55516 0.59045 0.59045 0.59045 0.59045 0.54518 0.57423 0.76965 0.63349 0.64948 0.65062 0.66241 0.64209 0.64209 0.63808 0.63808 0.66702 0.67870 0.67870 0.64924 0.76923 0.76923 0.76923 0.76923 0.76923 0.57362 0.58055 0.57922 0.58096 0.61423 0.64597 0.57483 0.57483 0.57922 0.61423 0.63777 0.60996 0.61155 0.61155 0.61155 0.61155 0.61565 0.61565 0.61565 0.63842 0.63334 0.76617 0.76669 0.76669 0.76669 0.58872
0.62849 0.62849 0.62849 0.62849 0.62849 0.62137 0.69028 0.67380 0.67038 0.58704 0.58704 0.59045 0.51964 0.51921 0.55476 0.55501 0.51957 0.51962 0.57670 0.58918 0.57670 0.54181 0.55780 0.57423 0.63992 0.64993 0.66241 0.66926 0.63349 0.63762 0.66636 0.66636 0.66702 0.66287 0.66287 0.70162 0.62509 0.62509 0.76924 0.76924 0.57362 0.57362 0.57922 0.61423 0.61423 0.61423 0.60996 0.57483 0.57922 0.57922 0.61423 0.60996 0.60996 0.61155 0.61155 0.61155 0.57657 0.61201 0.64122 0.64518 0.58081 0.58136 0.58081 0.76670 0.76670 0.76670 0.58872
0.62850 0.62850 0.62850 0.62850 0.62850 0.62137 0.67581 0.67380 0.67380 0.58704 0.58704 0.59045 0.55578 0.51939 0.52282 0.52070 0.51951 0.57261 0.57284 0.57814 0.59471 0.59727 0.60767 0.62430 0.63993 0.63609 0.62804 0.66636 0.68368 0.63350 0.56959 0.56959 0.63625 0.67639 0.62913 0.67324 0.67155 0.62509 0.67550 0.67550 0.60960 0.60960 0.61424 0.61424 0.61424 0.61424 0.57483 0.57483 0.57483 0.57766 0.57671 0.57636 0.61092 0.61155 0.61155 0.61155 0.61155 0.61201 0.64122 0.64122 0.64122 0.63781 0.76619 0.58408 0.58067 0.58067 0.58872
0.63241 0.63241 0.63241 0.63241 0.63241 0.62850 0.62999 0.67618 0.68215 0.56876 0.58517 0.58935 0.56302 0.49025 0.52295 0.52069 0.51938 0.51955 0.55543 0.55711 0.59662 0.54162 0.60836 0.61864 0.62949 0.62012 0.63350 0.66636 0.70146 0.64210 0.60892 0.60430 0.63822 0.64222 0.64030 0.64030 0.64030 0.60960 0.63494 0.63494 0.64325 0.60960 0.61424 0.61424 0.61424 0.61424 0.57922 0.57483 0.57483 0.57654 0.57785 0.57718 0.61074 0.61155 0.61155 0.61155 0.61155 0.61201 0.64518 0.64518 0.64518 0.76619 0.76619 0.76671 0.76671 0.61185 0.61185
0.63241 0.63241 0.63241 0.63241 0.63241 0.63241 0.63834 0.63422 0.63422 0.58943 0.58943 0.58685 0.57217 0.49246 0.52722 0.52461 0.49390 0.49088 0.51964 0.55774 0.59869 0.58230 0.60907 0.61842 0.62949 0.63032 0.63993 0.66927 0.67278 0.64210 0.63993 0.64210 0.63830 0.64222 0.64031 0.64031 0.64031 0.60961 0.60961 0.63494 0.60961 0.60961 0.61424 0.60996 0.60996 0.61424 0.61424 0.60996 0.61424 0.57689 0.57739 0.61190 0.61069 0.61156 0.61156 0.61156 0.57657 0.61449 0.64519 0.64519 0.64313 0.76620 0.76620 0.76671 0.76671 0.63436 0.63436
0.63242 0.62580 0.63242 0.63242 0.63242 0.63242 0.63242 0.63649 0.63835 0.63649 0.58686 0.58686 0.57217 0.48541 0.49778 0.52477 0.49372 0.49432 0.55443 0.55443 0.59281 0.54975 0.60297 0.61393 0.62590 0.63224 0.63636 0.66948 0.66598 0.64211 0.63993 0.64031 0.64031 0.64222 0.64222 0.64031 0.64031 0.64031 0.60961 0.63494 0.60961 0.60961 0.61424 0.61424 0.60997 0.61424 0.61424 0.61424 0.61424 0.57922 0.57717 0.61181 0.61072 0.61156 0.63938 0.63389 0.63938 0.63938 0.64313 0.63938 0.63938 0.76620 0.76620 0.76672 0.76672 0.63436 0.61186
0.63650 0.63650 0.63242 0.63242 0.63242 0.63242 0.63242 0.63242 0.63649 0.63649 0.58686 0.57217 0.56186 0.48540 0.49830 0.49595 0.52266 0.52340 0.55443 0.57261 0.57261 0.57315 0.59007 0.57559 0.63225 0.63225 0.63422 0.63422 0.68049 0.63413 0.63827 0.63908 0.63908 0.63908 0.63908 0.63340 0.64115 0.60930 0.76941 0.76941 0.63908 0.64031 0.64251 0.64251 0.63590 0.61424 0.61424 0.57922 0.57922 0.57922 0.57712 0.57684 0.61235 0.63389 0.63389 0.64313 0.64313 0.63938 0.63938 0.63938 0.63389 0.76621 0.76621 0.63763 0.64316 0.61186 0.61186
0.63650 0.63650 0.63242 0.63242 0.63242 0.63242 0.63242 0.63242 0.63650 0.63650 0.62582 0.57217 0.48540 0.48540 0.49955 0.52649 0.52287 0.57247 0.57262 0.57262 0.57262 0.59007 0.59007 0.59007 0.62029 0.63225 0.63422 0.63828 0.63413 0.66599 0.63828 0.60930 0.60930 0.68627 0.63909 0.63242 0.63909 0.63909 0.63511 0.76942 0.63909 0.63909 0.63674 0.63590 0.64061 0.61357 0.57941 0.57846 0.57941 0.57941 0.57746 0.57739 0.57715 0.62707 0.62597 0.63389 0.64124 0.64520 0.64520 0.64124 0.76622 0.76622 0.76622 0.67813 0.67043 0.61186 0.61186
0.63650 0.63057 0.62677 0.63242 0.63242 0.63242 0.63242 0.63242 0.63835 0.62963 0.55287 0.57279 0.49432 0.49432 0.52087 0.57262 0.57262 0.57262 0.57262 0.57262 0.57262 0.59007 0.59007 0.59007 0.57732 0.66599 0.60768 0.60768 0.64468 0.66599 0.67760 0.67924 0.67924 0.69848 0.67423 0.62849 0.63511 0.63511 0.63511 0.63511 0.63511 0.63511 0.63674 0.64061 0.64061 0.60936 0.57735 0.57735 0.57734 0.57714 0.62438 0.62461 0.57767 0.57841 0.63622 0.63385 0.63727 0.64120 0.63727 0.63727 0.76619 0.76619 0.76619 0.67581 0.60821 0.61186 0.61186
0.62793 0.62581 0.63243 0.63243 0.63243 0.63243 0.63243 0.63243 0.63243 0.55655 0.52654 0.57757 0.50505 0.50343 0.52334 0.57262 0.57262 0.57262 0.57262 0.57262 0.57262 0.57680 0.57680 0.57680 0.58197 0.63423 0.62674 0.68158 0.63828 0.62989 0.67761 0.67925 0.67925 0.69515 0.69515 0.69515 0.62849 0.61900 0.62936 0.63512 0.62951 0.62951 0.63674 0.63674 0.63674 0.60936 0.57523 0.57620 0.57622 0.57523 0.57598 0.57612 0.57982 0.58098 0.58154 0.58029 0.58029 0.63916 0.64121 0.63916 0.63916 0.58029 0.60916 0.60822 0.63201 0.63201 0.63201
0.63243 0.63243 0.63243 0.63243 0.63243 0.63243 0.63243 0.63243 0.63243 0.57560 0.53261 0.58931 0.52138 0.52114 0.53354 0.56248 0.55444 0.55444 0.55651 0.55686 0.57413 0.57680 0.55897 0.52782 0.58212 0.60774 0.62591 0.68468 0.63414 0.69850 0.68774 0.67925 0.66984 0.67423 0.69516 0.69516 0.63406 0.64568 0.64568 0.63512 0.63512 0.63512 0.63675 0.63675 0.63889 0.60936 0.60936 0.62200 0.62605 0.57523 0.57523 0.57586 0.58043 0.58197 0.58498 0.62552 0.67478 0.63045 0.63727 0.67758 0.64121 0.61333 0.60916 0.60822 0.76576 0.76576 0.76576
0.62616 0.63243 0.63243 0.63243 0.63243 0.63243 0.63243 0.63243 0.62582 0.57657 0.56544 0.56369 0.56783 0.56783 0.58118 0.57860 0.57136 0.55444 0.56225 0.56211 0.58134 0.58172 0.58774 0.59008 0.59008 0.59008 0.57769 0.65567 0.69850 0.69850 0.69850 0.67760 0.69709 0.65321 0.69962 0.66073 0.76944 0.63321 0.63512 0.63512 0.68372 0.63512 0.63675 0.63675 0.63675 0.60936 0.62200 0.62200 0.63575 0.61358 0.60936 0.60936 0.57704 0.57608 0.60917 0.68066 0.67722 0.68043 0.63332 0.63386 0.63917 0.60917 0.60917 0.63703 0.76576 0.76576 0.63201
0.63249 0.63243 0.63243 0.63243 0.63243 0.63243 0.63243 0.63243 0.62582 0.57699 0.56766 0.56783 0.59963 0.59963 0.59527 0.59552 0.56155 0.59749 0.52796 0.52067 0.49084 0.56582 0.59009 0.59009 0.59009 0.59009 0.65568 0.65568 0.63129 0.69850 0.63160 0.76945 0.76945 0.76945 0.76945 0.76945 0.76945 0.62294 0.63513 0.62937 0.68372 0.63675 0.63675 0.63675 0.63675 0.60937 0.60937 0.60937 0.61358 0.63181 0.63198 0.63198 0.57608 0.57608 0.57608 0.66469 0.62508 0.62979 0.62979 0.62902 0.63917 0.60917 0.60822 0.60822 0.60822 0.63703 0.63703
