test/test_data/tcaap/monthly_mean_over_all_Sep__actual_et__2015-01-01_to_2019-12-31__180_by_260__inches.asc
NCOLS        180
NROWS        260
XLLCORNER     476375.000
YLLCORNER    4970875.000
CELLSIZE        100.000
NODATA_VALUE -9999.
[rows 96 to 127 of 260, columns 0 to 70 of 180]
2.4837 2.6156 2.6332 2.6376 2.6343 2.6373 2.6373 2.6373 2.6381 2.6260 2.6260 2.6260 2.3504 3.5061 3.5061 2.6717 2.6717 2.6717 2.6717 2.6717 2.6717 2.6717 2.6717 2.5897 2.6888 2.7616 2.7817 2.7642 2.3857 2.7943 2.8083 2.3689 2.8327 2.8970 2.7279 2.2575 2.2576 2.2576 2.8820 2.7856 2.8796 2.4855 2.8560 2.9180 2.9382 2.9379 2.9357 2.9062 2.9132 2.9079 2.9102 2.9096 2.9118 2.9118 2.8275 2.8462 2.8462 2.3355 2.9107 2.9026 2.8988 2.5667 2.5718 2.5838 2.5855 2.8662 2.9267 2.8034 2.8034 2.9374 2.9374
2.6309 2.6236 2.3754 2.6273 2.6355 2.6378 2.6373 2.6373 2.6381 2.6260 2.6260 2.3749 3.5117 3.5062 2.6717 2.6717 2.6717 2.6717 2.6717 2.6717 2.6717 2.6717 2.6717 2.5897 2.5985 2.7521 2.7708 2.7553 2.3879 2.6661 2.6792 2.8112 2.8230 2.8835 2.7280 2.2575 2.2578 2.2593 2.8723 2.8724 2.8990 2.4904 2.8760 2.9069 2.9264 2.9005 2.9005 2.9004 2.8989 2.9019 2.9012 2.9019 3.4993 3.4993 2.8102 2.8362 2.8362 2.8362 2.8979 2.8940 2.8954 2.5652 2.5705 2.5856 2.8663 2.9267 2.9267 2.9267 2.8034 2.9267 2.9267
2.6354 2.5715 2.5957 2.6004 2.6383 2.6356 2.6344 2.5553 2.4803 2.6260 2.6260 2.3504 3.5118 3.5062 2.3732 2.6717 2.6717 2.6717 2.6717 2.6717 2.6717 2.6717 2.6717 2.6481 2.6011 2.7321 2.7585 2.7452 2.3902 2.6555 2.6682 2.3807 2.3753 2.8749 2.8647 2.8660 2.2721 2.2727 2.8641 2.8639 2.8843 2.5056 2.8760 2.8760 2.9175 2.8939 2.8962 2.8980 2.9005 2.9017 2.9019 2.9019 3.4993 3.4993 2.8102 2.3197 2.3197 2.3198 2.8357 2.8327 2.8285 2.7869 2.5729 2.8483 2.7766 2.7835 2.9031 2.8635 2.8635 2.5944 2.9122
2.6354 2.6351 2.6377 2.5786 2.5771 2.5724 2.4894 2.4960 2.5786 2.6260 2.6260 2.9003 3.5118 3.5063 2.3732 2.6718 2.6718 2.6718 2.6718 2.6718 2.6718 2.6718 2.6718 2.5898 2.5938 2.7296 2.7451 2.7342 2.6892 2.3899 2.6562 2.6683 2.7992 2.8584 2.8485 2.8510 2.8523 2.8529 2.8535 2.8543 2.8810 2.5064 2.5072 2.8761 2.9119 2.8896 2.8931 2.8961 2.9011 2.9019 2.9020 2.9020 2.9014 2.9014 2.2885 2.3207 2.8361 2.3224 2.9244 2.9200 2.9137 2.9575 2.9239 2.9239 2.9239 2.9122 2.9010 2.9010 2.9010 2.9010 2.5944
2.6288 2.6949 2.6969 2.6382 2.6374 2.4822 2.5705 2.6460 2.5825 2.5786 2.3750 2.6448 3.5118 3.5063 2.3732 2.6718 2.6083 2.6083 2.5715 2.3732 2.3732 2.3732 2.3732 2.4874 2.5873 2.7166 2.7312 2.7228 2.7348 2.3925 2.6434 2.6555 2.7859 2.8345 2.8257 2.8303 2.8580 2.8369 2.8398 2.8672 2.8709 2.5081 2.8795 2.8843 2.9078 2.8862 2.8904 2.8939 2.8966 2.8986 2.9020 2.9020 2.9016 2.9016 2.7570 2.9294 2.9285 2.9269 2.9241 2.9199 2.9139 2.9586 2.9249 2.9239 2.9239 2.9122 2.9010 2.9010 2.9010 2.5944 2.5944
2.6949 2.6949 2.6382 2.6382 2.6382 2.6382 2.6176 2.6176 2.4844 2.5059 2.3857 3.5119 3.5119 3.5064 2.3732 2.4962 2.6038 2.5970 2.4821 2.4852 2.4861 2.4886 2.4905 2.4815 2.4759 2.7036 2.7162 2.7084 2.7222 2.3947 2.6304 2.6424 2.7721 2.7848 2.7799 2.8155 2.8267 2.8371 2.8464 2.8546 2.8615 2.8673 2.8723 2.8764 2.8989 2.8757 2.8781 2.8802 3.1501 2.8835 2.9001 2.7568 2.7571 2.9016 2.9013 2.9292 2.9280 2.9260 2.9232 2.9190 2.9414 2.9591 2.9502 2.9422 2.9360 2.9199 2.9170 2.9151 2.9139 2.9020 2.9011
2.6355 2.6355 2.6382 2.6382 2.6382 2.6382 2.6382 2.6382 2.6245 2.6684 2.7835 3.0721 3.5064 3.5064 2.6083 2.6367 2.6039 2.5936 2.4787 2.5833 2.5944 2.4853 2.4854 2.4716 2.4711 2.6913 2.7018 2.6930 2.7068 2.3936 2.3948 2.3928 2.7585 2.7538 2.7669 2.8032 2.8150 2.8258 2.8356 2.8441 2.8939 2.8573 2.8622 2.8664 2.8892 2.8663 2.8688 2.8711 2.8732 2.8752 2.8847 2.7468 2.8860 2.8860 2.9148 2.9138 2.9124 2.9105 2.9083 2.9335 2.9308 2.9280 2.9253 2.9228 2.9206 2.9143 2.9117 2.9089 2.9059 2.9027 2.9011
2.6700 2.6700 2.6490 2.6369 2.6490 2.6490 2.6382 2.6382 2.6261 2.3845 2.3830 3.0721 3.0849 3.5065 2.7907 2.6627 2.6636 2.6249 2.5816 2.5716 2.5913 2.4823 2.4820 2.4664 2.4659 2.6801 2.6886 2.6789 2.6912 2.3921 2.3935 2.7325 2.7456 2.7411 2.7545 2.7914 2.8462 2.8573 2.8672 2.8758 2.8829 2.8462 2.8510 2.8550 2.8779 2.8551 2.8576 2.8600 2.8625 2.8649 2.8770 2.8784 2.8795 2.8802 2.9098 2.9095 2.9086 2.9072 2.9054 2.9310 2.9286 2.9262 2.9239 2.9217 2.5674 2.5928 2.5935 2.5940 2.5942 2.9037 2.9014
2.6700 2.6700 2.6490 2.6490 2.6490 2.6369 2.6490 2.6490 2.6490 2.6369 2.4085 3.1054 3.1005 3.5031 3.5031 2.6408 2.6211 2.6401 2.5804 2.5716 2.5736 2.5744 2.4786 2.4610 2.5642 2.6701 2.6691 2.6663 2.3881 2.3906 2.3921 2.7207 2.7796 2.7749 2.8005 2.8186 2.8351 2.8463 2.8562 2.8646 2.8714 2.7920 2.8386 2.8422 2.8395 2.7699 2.8445 2.8470 2.8498 2.8528 2.8673 2.8694 2.8712 2.8726 2.9033 2.9037 2.9035 2.9027 2.9015 2.9275 2.9257 2.9238 2.9219 2.9201 2.5683 2.5932 2.5937 2.5940 2.9052 2.9050 2.9020
2.6700 2.6700 2.6490 2.6490 2.6369 2.6490 2.6490 2.6490 2.6490 2.6369 2.6968 2.3987 3.0985 3.5032 3.5032 2.7485 2.6227 2.6411 2.4812 2.5817 2.5817 2.5817 2.5817 2.5578 2.4559 2.4630 2.4635 2.5477 2.4686 2.4731 2.4475 2.6876 2.6980 2.6843 2.6958 2.7079 2.7216 2.8355 2.8453 2.8533 2.8596 2.5249 2.8254 2.8049 2.8257 2.8277 2.8298 2.8323 2.8353 2.8388 2.3210 2.3190 2.3171 2.8635 2.8954 2.8966 2.8971 2.8971 2.8966 2.9230 2.9218 2.9205 2.9192 2.9179 2.5694 2.5937 2.5940 2.5941 2.9046 2.9065 2.9063
2.6597 2.6700 2.6491 2.6491 2.7072 2.7072 2.7072 2.7072 2.6491 2.6487 2.6725 2.4074 2.3818 3.5032 3.5032 3.5032 2.6182 2.6496 2.5653 2.4753 2.6231 2.6231 2.5817 2.6021 2.4559 2.4559 2.4605 2.4614 2.4631 2.4559 2.3534 2.6456 2.6507 2.6422 2.6927 2.7032 2.7161 2.8484 2.8611 2.8714 2.8789 2.5249 2.7882 2.7902 2.8110 2.8124 2.8141 2.8164 2.8196 2.8234 2.8424 2.7726 2.7749 2.8529 2.8861 2.8882 2.8896 2.8903 2.8906 2.9176 2.9171 2.9165 2.9158 2.9151 2.5709 2.5941 2.5941 2.5942 2.9037 2.9081 2.9080
2.6597 2.6491 2.7072 2.7072 2.7072 2.7072 2.7072 2.6371 2.7072 2.7072 2.5376 2.5482 2.3910 2.3909 3.5033 3.5033 3.5033 2.6388 2.5833 2.6231 2.6231 2.6231 2.6231 2.6021 2.6021 2.4559 2.4559 2.4588 2.4597 2.4559 2.3535 2.6456 2.6508 2.6415 2.6707 2.6812 2.6960 2.8284 2.8405 2.8486 2.8532 2.7997 2.8014 2.8024 2.8365 2.8372 2.8383 2.8402 2.8433 2.8472 2.7982 2.8706 2.8041 2.8787 2.8757 2.8787 2.8810 2.8826 2.8837 2.9112 2.9116 2.9117 2.9117 2.5725 2.5725 2.5943 2.5943 2.5944 2.9024 2.9094 2.9095
2.5953 2.5828 2.7073 2.7073 2.7073 2.7073 2.7073 2.6372 2.7073 2.7073 2.4062 2.6439 2.6570 2.5266 3.5033 3.5033 2.5127 2.6217 2.6326 2.6372 2.6367 2.4753 2.3535 2.5578 2.5578 2.6022 2.4559 2.4559 2.4575 2.5578 2.5578 2.5578 2.6508 2.6412 2.6620 2.6751 2.6935 2.8155 2.8269 2.8354 2.8407 2.7270 2.7884 2.8181 2.8176 2.8174 2.8182 2.8206 2.3953 2.8314 2.8518 2.8526 2.8542 2.8557 2.8476 2.8489 2.8501 2.8512 2.8522 2.8531 2.8540 2.3696 2.8553 2.8803 2.8808 2.8705 2.8690 2.9015 2.9007 2.9106 2.9108
2.5953 2.5828 2.7073 2.7073 2.7073 2.7073 2.7073 2.7073 2.7073 2.7073 2.6898 2.6330 2.6531 2.5235 2.5199 3.5034 3.5034 2.6155 2.5910 2.6343 2.6367 2.3766 2.3535 2.5578 2.5583 2.6022 2.6022 2.5579 2.5593 2.5578 2.5578 2.6538 2.6537 2.6416 2.6661 2.6842 2.7018 2.7293 2.7575 2.7839 2.8064 2.7762 2.7759 2.7991 2.7972 2.7958 2.7956 2.7975 2.8019 2.8084 2.8367 2.8473 2.8490 2.8507 2.8427 2.8442 2.8456 2.8469 2.8481 2.8492 2.8502 2.8511 2.8519 2.8757 2.8659 2.8665 2.8669 2.9007 2.9006 2.9139 2.9141
2.5953 2.8887 2.7073 2.7073 2.7073 2.7073 2.7073 2.7073 2.7073 2.7073 2.7073 2.6898 2.5275 2.5252 2.5202 3.5034 3.5034 2.6134 2.5935 2.5848 2.6144 2.4754 2.4560 2.4585 2.5616 2.6022 2.6022 2.6022 2.5579 2.6022 2.6022 2.5579 2.6538 2.6436 2.6414 2.6392 2.6355 2.6465 2.6799 2.7384 2.8433 2.7073 2.7061 2.7368 2.7784 2.7758 2.7746 2.7758 2.7799 2.7865 2.7950 2.8419 2.8438 2.8455 2.8377 2.8393 2.8409 2.8424 2.8438 2.8451 2.8463 2.8474 2.8484 2.8710 2.8614 2.8624 2.8631 2.8966 2.8975 2.9144 2.9147
2.8668 2.8887 2.8798 2.8189 2.8402 2.8887 2.7073 2.7073 2.7073 2.7073 2.7073 2.6898 2.5185 2.5130 2.5074 2.5024 3.5035 3.5035 2.6046 2.5864 2.6326 2.5818 2.6022 2.5662 2.5673 2.6022 2.6022 2.6022 2.6022 2.6022 2.6022 2.6022 2.6193 2.6438 2.6103 2.6064 2.6934 2.5716 2.5716 2.8791 2.8728 2.7542 2.7513 2.7665 2.7621 2.7584 2.7563 2.7567 2.7603 2.7667 2.7752 2.8365 2.8384 2.8403 2.8325 2.8343 2.8361 2.8378 2.8394 2.8409 2.8423 2.8436 2.8449 2.8661 2.8568 2.8581 2.8592 2.8916 2.8936 2.9147 2.9149
2.9962 2.8888 2.9198 2.9369 2.8383 2.8888 2.9452 2.7074 2.6373 2.7074 2.7074 2.4063 2.6845 2.5016 2.5016 2.5081 3.5035 3.5035 2.6084 2.5965 2.5834 2.5818 2.6197 2.6756 2.6756 2.6023 2.6023 2.6023 2.6023 2.6023 2.6023 2.6023 2.6023 2.5985 2.5516 2.5516 2.5516 2.7279 2.8287 2.7381 2.3152 2.3684 2.7393 2.7537 2.7921 2.7112 2.7092 2.7090 2.7110 2.7495 2.4135 2.8304 2.8330 2.8350 2.8273 2.8292 2.8312 2.8330 2.3842 2.3830 2.3818 2.8398 2.8412 2.8611 2.8521 2.8537 2.8551 2.8855 2.8888 2.9144 2.9147
2.9405 2.8888 2.9369 2.9369 2.9369 2.7598 2.8932 2.8932 2.8932 2.8932 2.8932 2.8779 2.3725 2.6750 2.5016 2.5172 3.5036 3.5036 2.6141 2.5995 2.5850 2.9060 2.6023 2.6540 2.6786 2.6550 2.6023 2.6023 2.6023 2.6023 2.6023 2.6023 2.6023 2.5986 2.5986 2.5986 2.5330 2.7957 2.7169 2.1545 2.3027 2.3190 2.8058 2.7942 2.7524 2.7322 2.7285 2.7275 2.7297 2.7348 2.7422 2.8223 2.8255 2.8287 2.8213 2.8241 2.8262 2.8282 2.3875 2.3861 2.3848 2.8357 2.8374 2.8560 2.8472 2.8492 2.8510 2.8785 2.8832 2.9136 2.5564
2.9584 2.9064 2.8625 2.8147 2.8625 2.9524 2.9524 2.9524 2.9524 2.9524 3.1631 2.9091 2.8294 2.8294 2.6750 2.5269 3.5036 3.5036 2.6209 2.6039 2.5881 2.5737 2.6197 2.6141 2.6787 2.6551 2.6023 2.6023 2.6023 2.6023 2.6023 2.6023 2.5986 2.5986 2.5694 2.4959 2.3365 2.2617 2.2122 2.1971 2.3011 2.3209 2.8216 2.7871 2.7319 2.7228 2.7186 2.7168 2.7182 2.7225 2.7290 2.4008 2.3992 2.8104 2.8137 2.8169 2.7022 2.8233 2.8255 2.8276 2.8297 2.8317 2.8336 2.8508 2.8423 2.8446 2.8468 2.8706 2.8770 2.9119 2.5571
2.9584 2.9524 2.9524 2.9524 2.9524 2.9524 2.9524 2.9524 2.9524 2.9524 2.9524 2.9091 2.7363 2.8088 2.6518 2.6512 2.6409 3.5035 3.5035 2.5858 2.5686 2.5354 2.6164 2.6288 2.6787 2.6551 2.6023 2.6023 2.6023 2.6023 2.6023 2.6023 2.5986 2.3463 2.5688 2.6286 2.3446 2.2785 2.2371 2.2283 2.3133 2.5247 2.8002 2.7659 2.7137 2.7330 2.7281 2.7255 2.7262 2.7296 2.7354 2.4047 2.4031 2.8025 2.8060 2.8094 2.8128 2.8162 2.8196 2.8230 2.8254 2.8276 2.8525 2.8455 2.8373 2.8399 2.8425 2.8621 2.8701 2.9090 2.5580
2.9312 2.9525 2.9525 2.8147 2.9525 2.9525 2.9525 2.9525 2.9525 2.9525 2.9525 2.9091 2.8519 2.8089 2.8089 2.6618 2.6481 3.5036 3.5036 2.5917 2.5753 2.5773 2.6288 2.6875 2.6685 2.6165 2.6165 2.6165 2.6165 2.6165 2.6165 2.6165 2.4481 2.3366 2.4481 2.4778 2.6782 2.3523 2.3358 2.5244 2.5245 2.6412 2.6205 2.6976 2.7149 2.7211 2.7160 2.7130 2.7185 2.6614 2.7254 2.7981 2.8016 2.7946 2.7982 2.8019 2.8055 2.8092 2.8128 2.7976 2.8049 2.8128 2.8215 2.8310 2.8305 2.8416 2.8527 2.8532 2.5784 2.5615 2.5592
2.9697 2.9525 2.9525 2.9525 2.9525 2.9525 2.9525 2.9525 2.9525 2.9525 2.9525 2.8541 2.8613 2.8089 2.6518 2.6662 2.6506 3.5036 3.5036 2.5971 2.5836 2.6053 2.6875 2.6875 2.6165 2.6165 2.6165 2.6165 2.6165 2.6165 2.6165 2.6165 2.4490 2.4501 2.4539 2.5938 2.6458 2.6671 2.6786 2.5118 2.4715 2.6410 2.6623 2.6585 2.6756 2.6673 2.6821 2.6787 2.7055 2.7083 2.7173 2.7901 2.7937 2.7868 2.7906 2.7944 2.7982 2.8021 2.8060 2.7810 2.7885 2.7968 2.8060 2.8165 2.8170 2.8209 2.8420 2.5770 2.5785 2.5646 2.5608
2.9698 2.8626 2.9525 2.8148 2.9525 2.9525 2.9525 2.9525 2.9525 2.9525 2.9525 2.9185 2.8613 2.8089 2.6519 2.3671 2.6497 3.5037 3.5037 3.5037 2.5908 2.7061 2.6875 2.6875 2.5672 2.6165 2.6165 2.6165 2.6165 2.6165 2.6165 2.4766 2.4559 2.4603 2.5885 2.6047 2.6067 2.6249 2.5989 2.6410 2.6410 2.6410 2.6623 2.6567 2.6665 2.6829 2.6779 2.6744 2.6730 2.6817 2.6230 2.7542 2.7580 2.7655 2.7693 2.7732 2.7772 2.7812 2.3913 2.7530 2.7731 2.7817 2.7915 2.8027 2.8040 2.8177 2.7337 2.5758 2.5775 2.5684 2.5628
2.9526 2.8627 2.6382 2.9126 2.9526 2.9526 2.9526 2.9526 2.9526 2.9526 2.9526 2.8613 2.8552 2.8089 2.8613 2.6106 2.5087 3.5037 3.5037 3.5037 3.5037 2.7061 2.6876 2.6876 2.6230 2.6165 2.6165 2.6165 2.6165 2.6165 2.6165 2.6165 2.4481 2.5888 2.5806 2.5919 2.5908 2.5989 2.6411 2.6411 2.6411 2.6411 2.6624 2.6593 2.6528 2.6787 2.6740 2.6705 2.6690 2.6771 2.6787 2.7463 2.7502 2.7580 2.7619 2.7660 2.7701 2.7744 2.6994 2.7384 2.7464 2.6871 2.7668 2.7792 2.7785 2.7934 2.7051 2.5550 2.5580 2.5566 2.9248
2.7679 2.7661 2.9126 2.9526 2.9526 2.9526 2.9526 2.9526 2.9526 2.9526 2.9126 2.3541 2.8090 2.8090 2.6519 2.6519 2.5061 2.4988 3.5038 3.5038 2.6435 2.6593 2.6852 2.6876 2.6876 2.6166 2.6166 2.6166 2.6166 2.6166 2.6166 2.5672 2.6025 2.6025 2.6624 2.6338 2.6499 2.6624 2.6624 2.6624 2.6624 2.6411 2.6593 2.6593 2.6498 2.6745 2.6703 2.6671 2.6735 2.6130 2.6746 2.7607 2.7645 2.7741 2.7781 2.7823 2.7866 2.7911 2.7956 2.7262 2.7342 2.7437 2.6709 2.6699 2.6798 2.6895 2.6994 2.8432 2.8581 2.8984 2.9188
2.9175 2.9059 2.9526 2.9526 2.9329 2.9305 2.9526 2.9526 2.9512 2.9410 2.8954 2.6519 2.8090 2.6519 2.6519 2.6519 2.4784 2.4832 3.5038 3.5038 3.5038 2.5043 2.6876 2.6876 2.6876 2.6166 2.6166 2.6289 2.6289 2.6166 2.6166 2.6166 2.5889 2.6624 2.6624 2.6624 2.6516 2.6624 2.6624 2.6624 2.6624 2.6411 2.6593 2.6593 2.6486 2.6486 2.6568 2.6568 2.6569 2.6706 2.6715 2.7534 2.7572 2.7665 2.7709 2.7754 2.7798 2.7844 2.7795 2.7107 2.7185 2.7274 2.6653 2.6635 2.6738 2.6841 2.8251 2.8353 2.8507 2.8862 2.9114
2.9275 2.8983 2.9046 2.8825 2.8168 2.9310 2.9526 2.9526 2.9512 2.9526 2.8946 2.6610 2.6520 2.6520 2.6722 2.6520 2.3672 2.4796 3.5039 3.5039 3.5039 2.5043 2.6784 2.6876 2.6687 2.6166 2.6166 2.6289 2.6876 2.6860 2.6289 2.6166 2.5889 2.6624 2.6624 2.6624 2.6624 2.6624 2.6624 2.5995 2.6624 2.6411 2.6594 2.6594 2.6594 2.6568 2.6568 2.6568 2.6501 2.6683 2.6691 2.7462 2.7502 2.7590 2.7635 2.7683 2.7732 2.7780 2.7733 2.7037 2.7113 2.7055 2.6472 2.6380 2.6444 2.6542 2.7852 2.8122 2.8451 2.8728 2.9020
2.9268 2.9254 2.9247 2.8888 2.9277 2.9330 2.9330 2.9330 2.9527 2.9362 2.9527 2.6722 2.6722 2.6520 2.6520 2.6520 2.6520 2.5969 2.4845 3.5039 3.5039 2.5043 2.6687 2.6877 2.6876 2.6166 2.6166 2.6289 2.6876 2.6876 2.6876 2.6687 2.5889 2.6026 2.6625 2.6625 2.6625 2.6625 2.6625 2.6625 2.6625 2.6412 2.6581 2.6594 2.6594 2.6569 2.6569 2.6569 2.6501 2.6667 2.6676 2.7390 2.7432 2.7519 2.7565 2.7613 2.7664 2.7717 2.6838 2.6989 2.7062 2.7047 2.7067 2.6347 2.6383 2.6452 2.6571 2.7946 2.8283 2.8582 2.8901
2.9293 2.9293 2.5846 2.8301 2.9326 2.9495 2.8628 2.8628 2.8628 2.8628 2.8628 2.8521 2.6706 2.6520 2.6520 2.6520 2.6520 2.4785 2.4839 3.5040 3.5040 2.6543 2.6687 2.6877 2.6877 2.6166 2.6166 2.6166 2.6166 2.6877 2.6877 2.6877 2.6625 2.5889 2.6625 2.6625 2.6625 2.6412 2.6412 2.6625 2.6412 2.6412 2.6594 2.6594 2.6594 2.6594 2.5973 2.6569 2.6569 2.6654 2.9274 2.6611 2.6632 2.6704 2.6733 2.6765 2.6800 2.6636 2.6885 2.7015 2.7087 2.7102 2.7105 2.6307 2.6307 2.6392 2.6489 2.7807 2.8132 2.8428 2.8756
2.9496 2.9496 2.9496 2.9496 2.8687 2.9496 2.8687 2.8687 2.9496 2.8087 2.9364 2.9364 2.6979 2.6854 2.6854 2.6854 2.4022 2.5172 2.4840 3.5040 3.5040 3.5054 2.6877 2.6877 2.6687 2.6167 2.6290 2.6290 2.6167 2.6290 2.6290 2.6290 2.6026 2.6026 2.5890 2.6625 2.6625 2.6625 2.6625 2.6625 2.6609 2.6609 2.6402 2.6594 2.6594 2.6594 2.6569 2.6569 2.6391 2.6396 2.9070 2.4893 2.6622 2.6692 2.6721 2.6751 2.6785 2.6823 2.6869 2.6996 2.7066 2.7105 2.6233 2.5091 2.6307 2.6307 2.6437 2.6580 2.7936 2.8273 2.8591
2.8088 2.8088 2.9496 2.8088 2.8088 2.9496 2.9496 2.9496 2.9496 2.9496 2.9364 2.9364 2.9364 2.6854 2.6854 2.4023 2.4023 2.5177 2.5230 3.5055 3.5055 2.6661 2.6752 2.6752 2.8935 2.6021 2.6173 2.6173 2.6021 2.6173 2.6290 2.6027 2.6027 2.6024 2.5890 2.6625 2.6625 2.6625 2.6625 2.6412 2.6412 2.6412 2.6595 2.6595 2.6595 2.6595 2.6595 2.6392 2.6392 2.6392 2.6404 2.3696 2.6510 2.6686 2.6714 2.6745 2.6778 2.6885 2.6941 2.6985 2.7013 2.7033 2.5170 2.6308 2.6308 2.6308 2.5152 2.5230 2.7824 2.8126 2.8422
2.8088 2.8088 2.9496 2.8088 2.8688 2.8688 2.9496 2.9496 2.9496 2.9496 2.9365 2.9365 2.8395 2.6854 2.6854 2.4023 2.4028 2.5241 2.5199 3.5056 3.5056 2.6661 2.6753 2.6753 2.6021 2.6021 2.6174 2.6174 2.6174 2.6174 2.6174 2.6254 2.6109 2.6109 2.6239 2.6799 2.6820 2.6820 2.6658 2.6820 2.6806 2.6806 2.6595 2.6595 2.6595 2.6595 2.6595 2.6595 2.6392 2.6392 2.6402 2.3695 2.4962 2.6683 2.6711 2.6741 2.6774 2.6873 2.6934 2.6981 2.7011 2.5170 2.6438 2.6308 2.6308 2.6308 2.5141 2.5207 2.7734 2.7997 2.8266
