test/test_data/tcaap/monthly_variance_over_all_Jul__actual_et__2015-01-01_to_2019-12-31__180_by_260__inches.asc
NCOLS        180
NROWS        260
XLLCORNER     476375.000
YLLCORNER    4970875.000
CELLSIZE        100.000
NODATA_VALUE -9999.
[rows 150 to 179 of 260, columns 0 to 68 of 180]
1.0881 1.0824 1.0881 1.0881 1.0824 0.97552 0.98202 0.75563 0.93396 0.73706 0.96484 0.90611 0.91318 0.90706 0.98557 0.98906 0.90676 0.98521 0.98443 0.97362 0.97044 0.96993 0.96919 0.96878 1.5293 1.5293 0.95603 0.93663 0.97986 1.5285 0.93411 0.97047 0.99555 0.97285 0.97403 0.89360 0.98005 0.79078 0.79075 1.0024 0.98399 0.98700 0.98700 0.98700 0.78101 0.78109 0.78121 0.88527 0.88659 0.88979 0.98932 0.99368 0.99368 0.99368 0.99368 0.99368 0.99368 0.95045 0.99368 0.99368 0.95045 1.0082 1.0082 1.0082 1.0082 1.0127 1.0127 0.93059 0.93765
1.1096 0.95520 0.95520 1.1096 1.0614 0.98202 0.97552 0.98202 0.73706 0.72527 0.90611 0.92122 0.91188 1.0006 0.99360 0.98899 0.90674 0.98516 0.98428 0.93716 0.93723 0.93680 0.96863 0.96831 0.92955 1.5293 1.5293 0.97986 0.97545 0.93995 1.5285 0.97378 0.99886 0.89456 0.89572 0.89579 0.89505 0.97668 0.93985 0.99792 0.98399 0.98399 0.98700 0.98700 0.98399 0.78101 0.78118 0.88500 0.88617 0.88767 0.89462 0.94871 0.99368 0.99368 0.99368 0.99368 0.98161 0.95045 0.99368 0.99089 0.99368 0.97258 1.0082 1.0082 1.0082 1.0082 1.0082 1.0064 0.94491
1.1096 1.0881 1.0881 0.75563 1.0614 0.98202 0.98202 0.98202 0.73507 0.99787 1.0184 0.99911 0.91189 0.91591 0.99297 0.90841 0.99260 0.90857 0.95156 0.93803 0.93643 0.93612 0.93551 0.96789 0.96108 1.5293 0.78686 0.97545 0.97545 0.93996 1.5285 0.93984 0.94328 0.89736 0.98759 0.98747 0.89747 0.97753 1.0024 1.0024 0.98399 0.98700 0.98700 0.98700 0.98700 0.98700 0.98700 0.78109 0.96601 0.70499 0.89209 0.92812 0.99368 0.99089 0.95045 0.95045 0.99368 0.99368 0.99368 0.99368 0.99368 1.0064 0.97258 1.0082 1.0082 1.0082 1.0064 0.97258 0.78989
1.0824 1.0841 1.0614 1.0614 1.0614 0.98202 0.98202 1.0585 0.73368 0.80025 0.97857 0.79874 0.91919 0.91447 0.91064 0.98846 0.91028 0.90780 0.95052 0.78947 0.93564 0.93543 0.93499 0.96754 0.88218 0.78686 1.5293 1.5293 0.93841 0.93996 0.93996 1.5285 0.79118 0.79146 0.79162 0.79160 0.98970 0.99792 0.95592 0.95592 0.98700 0.98700 0.98700 0.98700 0.98700 0.98400 0.98700 0.94701 0.98400 0.94536 0.93622 0.87443 0.98467 0.89254 0.98161 0.99368 0.99368 0.99368 0.99368 0.99368 0.99368 1.0082 1.0082 0.97258 1.0082 1.0082 0.97085 0.72402 0.79026
0.95520 0.75563 0.75563 0.98202 1.0614 0.98202 0.98174 1.0515 0.92994 0.79959 0.79890 0.79847 0.91646 0.91250 0.90972 0.90789 0.99026 0.90701 0.79789 0.78944 0.93490 0.78938 0.93453 0.78938 0.88171 0.88109 0.96262 1.5293 1.5293 0.93996 0.93996 1.5285 0.95185 0.95127 1.0016 0.79196 0.79176 0.94565 0.99792 0.95592 0.98700 0.98400 0.98400 0.98700 0.94701 0.98700 0.94701 0.98700 0.98400 0.98400 0.97221 0.96924 0.95820 0.92387 0.93281 0.99089 0.99368 0.99368 0.99368 0.99368 0.99368 1.0082 1.0082 1.0082 0.97259 1.0082 1.0052 0.79063 0.79049
1.1096 0.75563 0.75563 0.75563 0.98202 1.0590 1.0524 1.0786 1.0256 0.89384 0.90329 0.91658 0.91273 0.91018 0.98898 0.90744 0.90857 0.98566 0.78947 0.78940 0.93421 0.78936 0.78936 0.93467 0.96303 0.88095 0.88100 1.5293 1.5293 1.5285 0.93996 0.96156 1.5285 0.99749 0.96373 0.96006 0.90799 0.79120 0.79080 0.97390 0.98400 0.98400 0.98400 0.98400 0.98700 0.98700 0.98400 0.98400 0.98700 0.98700 0.97221 0.97221 0.95804 0.76860 0.96521 0.88174 0.99089 0.99368 0.99368 0.99368 0.99368 1.0082 1.0082 1.0082 1.0082 1.0064 0.99046 0.79062 0.79059
1.0624 0.96224 0.95419 0.95419 0.74089 0.93477 0.93476 0.92577 0.89238 0.89238 0.89238 0.91138 0.92143 0.91823 0.91411 0.98457 0.90769 0.90538 0.78944 0.93451 0.78934 0.78935 0.78935 0.78938 0.88114 0.88097 0.78781 0.78807 1.5293 1.5285 1.5285 1.5285 1.5285 1.5285 1.5285 0.71504 0.96157 0.95077 0.78723 0.92259 0.96483 0.70499 0.98400 0.98400 0.98701 0.94701 0.98400 0.98701 0.98701 0.98701 0.93623 0.97221 0.97221 0.95771 0.87598 0.87784 0.96939 0.96732 0.96838 0.96879 0.99046 0.97085 0.72402 0.72402 0.72402 0.72402 0.97259 0.79063 0.79062
1.0162 1.0394 1.0394 0.95419 1.0429 1.0107 0.97085 0.98981 0.98587 0.89238 0.89238 0.90609 0.92120 0.91663 0.91246 0.90897 0.90613 0.80106 0.79014 0.78936 0.78903 0.93042 0.93092 0.78940 0.93656 0.78952 0.94033 0.78968 0.88463 1.5285 1.5285 1.5285 1.5285 0.79337 1.5285 0.72369 0.72369 0.99188 0.97662 0.93033 0.94726 0.92597 0.92679 0.89849 0.94701 0.94701 0.94701 0.98701 0.98400 0.98701 0.93623 0.97221 0.96924 0.96924 0.87078 0.87596 0.87706 0.76888 0.76900 0.76910 0.79063 0.72402 0.72402 0.72402 0.72402 0.79063 0.97259 0.97259 0.79063
0.80941 1.0394 0.96224 0.96224 1.0384 0.99016 0.96296 0.98072 0.97710 0.89239 0.90277 0.92094 0.91613 0.91180 0.98374 0.90538 0.90316 0.80108 0.78905 0.78892 0.78922 0.78961 0.79036 0.79071 0.79088 0.93831 0.94000 0.96557 0.97019 0.86095 1.5278 1.5278 1.5278 1.5278 0.70226 0.72369 0.72369 1.1945 0.93996 0.96008 0.93033 0.93033 0.77810 0.95886 0.94701 0.98400 0.98701 0.98701 0.98400 0.94701 0.96924 0.96924 0.96924 0.93623 0.87078 0.87478 0.76859 0.76873 0.76880 0.76887 0.79039 0.72402 0.72402 0.72402 0.79063 0.79063 0.79063 0.97259 0.97259
0.93538 0.74089 0.96224 1.0156 1.0007 0.97445 0.98024 0.90156 0.96445 0.89239 0.90108 0.92089 0.91580 0.91127 0.98281 0.90472 0.90246 0.80109 0.78883 0.78889 0.78941 0.78989 0.93336 0.79080 0.79099 0.79119 0.79129 0.88597 0.97406 0.86920 0.87570 1.5278 1.5278 1.5278 1.5278 0.70226 0.70226 1.5278 1.1253 0.91322 0.91322 0.86746 0.69626 0.96098 0.94879 0.95052 0.97950 0.98400 0.98400 0.98400 0.96924 0.96924 0.93623 0.87078 0.87097 0.76811 0.76850 0.76864 0.76875 0.76882 0.79030 0.79039 0.79047 0.79063 0.90221 0.90221 0.90221 0.90221 0.79063
0.93538 0.74089 0.74089 0.74089 0.80628 0.73422 0.91782 0.90782 0.96590 0.89239 0.90190 0.92101 0.91563 0.91087 0.90703 0.90415 0.90183 0.80110 0.78870 0.78896 0.78968 0.79029 0.79072 0.79091 0.79113 0.79126 0.94281 0.88925 0.89366 0.87256 0.89613 0.69590 0.70121 0.70111 1.5278 1.5278 1.5278 1.5278 1.5278 0.77282 0.85970 0.87689 0.87689 0.85284 0.94151 0.88217 0.86757 0.86602 0.92901 0.92901 0.98426 0.94190 0.87933 0.87932 0.88154 0.78294 0.78310 0.78324 0.78337 0.76890 0.79030 0.79039 0.79047 0.79052 0.90221 0.90221 0.72402 0.72402 0.79052
1.0394 1.0394 0.74089 0.74089 0.73622 0.73523 0.73455 0.92485 0.91834 0.91079 0.90509 0.92127 0.91559 0.91058 0.90660 0.90363 0.80109 0.80110 0.78863 0.78909 0.79001 0.79056 0.79081 0.79103 0.79122 0.79134 0.79146 0.79156 0.92103 0.76921 0.76923 0.90223 0.92328 0.69937 0.69762 1.5278 1.5278 1.5278 1.5278 1.5280 1.5280 1.5280 0.85576 0.85904 0.77279 0.69952 0.85284 0.77346 0.86875 0.86850 0.78241 0.92951 0.88056 0.88062 0.88105 0.78284 0.78299 0.78313 0.78325 0.78341 0.80477 0.80487 0.80497 0.80505 0.80511 0.73339 0.73339 0.73339 0.80523
0.74089 0.74089 0.74058 0.74005 0.73683 0.73582 0.73498 0.92883 0.92364 0.91688 0.98617 0.96964 0.80105 0.80102 0.80104 0.80107 0.80109 0.80115 0.95224 0.79185 0.79172 0.79070 0.79091 0.93916 0.79129 0.79142 0.79154 0.79165 0.76923 0.76927 0.69478 0.69600 0.90295 0.69596 0.76932 0.88021 0.95705 1.5278 1.5278 1.5280 1.5280 1.5280 1.5280 1.5280 1.5280 1.5280 0.77438 0.87114 0.86832 0.88235 0.78260 0.93040 0.88083 0.88060 0.88076 0.88299 0.88360 0.78301 0.78312 0.78321 0.80457 0.80459 0.80460 0.73318 0.73324 0.73328 0.73339 0.80523 0.80520
0.95393 0.74058 0.73930 0.73858 0.73771 0.73679 0.73576 0.93159 0.92819 0.92284 0.80105 0.80119 0.80105 0.80102 0.80104 0.80107 0.80109 0.80115 0.79200 0.79185 0.79171 0.79160 0.79151 0.79143 0.79136 0.71304 0.71323 0.71339 0.69480 0.69486 0.69486 0.90137 0.89352 0.89820 0.76835 0.76204 0.76886 0.76863 0.76073 0.76087 0.75821 0.88117 0.75821 0.75821 1.5280 1.5280 1.5280 0.96412 0.86859 0.88299 0.78277 0.88258 0.88172 0.88073 0.88062 0.88258 0.88315 0.78289 0.78299 0.78306 0.80450 0.80451 0.73282 0.73308 0.73315 0.73320 0.73322 0.80496 0.80481
0.74021 0.74059 0.74048 0.73854 0.73797 0.73732 0.73661 0.72881 0.72753 0.80201 0.80150 0.80120 0.80106 0.80102 0.80104 0.80107 0.80109 0.80115 0.79199 0.79184 0.79171 0.79160 0.79150 0.94373 0.79136 0.71313 0.71332 0.71348 0.69488 0.69493 0.69491 0.89961 0.69539 0.69499 0.91368 0.91475 0.76864 0.76779 0.75631 0.75896 0.75835 0.75854 0.89502 0.83801 0.92308 0.93064 1.5280 1.5280 0.87689 0.88928 0.88362 0.88310 0.88212 0.88096 0.88059 0.88218 0.88271 0.88315 0.88352 0.88379 0.90940 0.90945 0.90940 0.91785 0.73303 0.73308 0.73309 0.80478 0.80462
0.74188 0.74230 0.74254 0.73869 0.73813 0.73746 0.73674 0.72900 0.72768 0.80207 0.80154 0.80121 0.80106 0.80102 0.80104 0.80107 0.80109 0.80114 0.79199 0.79184 0.79170 0.79160 0.79150 0.79142 0.79136 0.71319 0.71338 0.71353 0.89327 0.69496 0.69492 0.69483 0.69468 0.76913 0.76902 0.76865 0.90381 0.76518 0.88066 0.75831 0.75823 0.75825 0.83820 0.83842 0.91426 0.91426 0.90633 1.5280 0.96412 0.88991 0.88360 0.87901 0.87971 0.88117 0.88060 0.88181 0.88228 0.88268 0.88299 0.88320 0.90884 0.90884 0.90875 0.91658 0.73290 0.73295 0.91120 0.80459 0.80442
0.75757 0.75874 0.96612 0.75176 0.75108 0.73753 0.73680 0.72910 0.72776 0.80211 0.80156 0.80122 0.80107 0.95431 0.94767 0.94316 0.80109 0.92049 0.90283 0.90090 0.89914 0.79159 0.79150 0.79142 0.71284 0.91428 0.71340 0.71354 0.69492 0.69495 0.88619 0.69480 0.69465 0.76911 0.76900 0.76835 0.89998 0.76328 0.76162 0.84785 0.84755 0.92801 0.84876 0.85015 0.83982 0.91426 0.94118 1.5280 1.5280 0.88826 0.88277 0.87884 0.87951 0.88036 0.88095 0.88032 0.88025 0.88035 0.88059 0.88094 0.90694 0.90765 0.90852 0.90786 0.90767 0.90757 0.90763 0.90928 0.90771
1.0853 1.1686 0.76387 0.75169 0.75103 0.75023 0.74932 0.74793 0.74701 0.82234 0.82225 0.98382 0.97669 0.96874 0.82308 0.95807 0.82315 0.90475 0.90270 0.90080 0.89905 0.89756 0.89617 0.89498 0.89397 0.71320 0.91593 0.71350 0.69487 0.69489 0.69485 0.69474 0.69459 0.76908 0.76898 0.76657 0.76442 0.89579 0.76249 0.85048 0.85095 0.93220 0.85148 0.85158 0.84173 0.89216 0.90311 1.5280 1.5280 0.88408 0.88097 0.87873 0.87935 0.88013 0.88067 0.88033 0.88014 0.88011 0.88020 0.88045 0.90632 0.90699 0.90787 0.90721 0.90701 0.90689 0.90694 0.90807 0.97605
1.0879 0.76464 0.76736 0.76904 0.76869 0.76551 0.75971 0.75267 0.74810 0.74574 0.74522 0.82283 0.81797 0.81573 0.81507 0.82322 0.82328 0.90512 0.90315 0.90126 0.89953 0.89806 0.89669 0.89551 0.89450 0.72059 0.91551 0.91669 0.71307 0.69480 0.69475 0.69466 0.69452 0.76905 0.76896 0.76509 0.76427 0.76420 0.76793 0.85505 0.85611 0.93828 0.85557 0.76812 0.76756 0.89917 0.90110 1.5280 0.77143 0.78135 0.87855 0.87868 0.87925 0.87992 0.88043 0.96512 0.96482 0.88006 0.96359 0.98446 0.98507 0.90684 0.98738 0.98585 0.98557 0.98541 0.97651 0.97760 0.97443
0.76230 0.76562 0.76862 0.77038 0.76985 0.76626 0.75992 0.75247 0.74777 0.74557 0.74541 0.74543 0.81025 0.81025 0.93905 0.95952 0.98705 0.99190 0.90298 0.90112 0.89941 0.89798 0.89662 0.89545 0.89446 0.72052 0.90618 0.72073 0.71287 0.71289 0.71283 0.71269 0.71249 0.78958 0.78936 0.78912 0.78890 0.78869 0.78022 0.96699 0.96882 0.92363 0.92169 0.76979 0.76839 0.89915 0.76762 1.5280 0.90392 0.77946 0.77554 0.78158 0.78187 0.87976 0.88022 0.88044 0.88095 0.87928 0.98426 0.90464 0.98529 0.90708 0.90812 0.90635 0.90616 0.90607 0.90617 0.97692 0.97321
0.76093 0.76406 0.76663 0.98008 0.97950 0.97738 0.75772 1.0648 0.74716 0.74545 0.74537 0.74543 0.89085 0.89086 0.96895 0.99019 0.98783 0.96802 0.88642 0.88715 0.88826 0.89788 0.89654 0.89539 0.89442 0.72043 0.91311 0.72061 0.89478 0.71266 0.71261 0.71250 0.90047 0.78949 0.78930 0.78910 0.78891 0.78874 0.93213 0.93058 0.93243 0.93225 0.92958 0.77752 0.77222 0.88402 0.89675 1.5238 1.5238 0.71916 0.87704 0.87704 0.79360 0.78206 0.78214 0.88038 0.88157 0.87928 0.98426 0.99571 0.98572 0.98693 0.90858 0.98995 0.90997 0.90976 0.90860 0.90630 0.97214
0.76720 0.78046 1.1088 0.78267 0.97623 0.97446 0.97265 1.0576 1.0401 0.74537 0.74531 0.89893 0.91681 0.92797 0.94482 0.99098 0.91720 0.88697 0.96865 0.88741 0.88832 0.88961 0.89099 0.89236 0.97737 0.97887 0.98012 0.98110 0.95762 0.88543 0.88523 0.88470 0.88392 0.94344 0.94197 0.94041 0.93888 0.93746 0.97568 0.93511 0.93687 0.93653 0.87395 0.77918 0.77458 0.70264 0.85750 1.5238 1.5238 1.5256 0.95172 0.95502 0.96689 0.79429 0.79371 0.79374 0.89306 0.89018 0.95003 0.99047 0.94616 0.97926 0.90679 1.0068 0.99004 0.91448 0.99740 0.91203 0.90239
1.0746 1.1142 1.1142 1.0746 0.82119 0.81691 0.94729 1.0476 1.0458 0.93165 1.5283 1.0966 1.0937 0.93974 0.94847 0.82111 0.95283 0.93160 0.79733 0.88766 0.88830 0.88871 0.89056 0.89166 0.89270 0.97737 0.89444 0.89508 0.88362 0.88382 0.96408 0.96365 0.88287 0.98423 0.98327 0.94027 0.93914 0.93807 0.96828 0.98067 0.98877 0.98827 0.96428 0.87739 0.70462 0.70337 0.70240 0.85750 1.5238 1.5256 1.5256 0.91840 0.96061 0.94706 0.93534 0.93583 0.95003 0.99020 0.99020 1.0016 0.91553 0.97717 1.0022 1.0071 1.0097 1.0097 1.0097 0.98643 0.89756
0.97912 1.0746 0.93987 0.93987 0.92930 1.0351 0.94438 0.98658 0.92799 0.92454 0.96770 1.5283 1.5283 0.95215 0.95200 0.95323 0.95514 0.79726 0.79812 0.88831 0.88870 0.88892 0.88896 0.79881 0.93591 0.93593 0.92764 0.96146 0.88207 0.88229 0.88231 0.88217 0.88188 0.98335 0.94084 0.94012 0.93938 0.93864 0.93466 0.98255 0.98874 0.94710 0.98884 0.70673 0.70551 0.70445 0.70341 0.70254 0.92874 1.5256 1.5256 1.5256 1.5256 1.5256 1.5256 1.0033 0.99602 0.99602 0.99021 1.0016 0.90093 0.98294 0.98339 0.98726 1.0097 1.0176 1.0176 0.80240 0.94053
0.97912 0.97912 0.93987 0.97912 1.0351 1.0351 1.0322 0.98658 0.98658 0.92799 0.82316 0.96053 0.95850 0.98281 0.95505 0.82317 0.95698 0.79806 0.79867 0.88914 0.88914 0.88905 0.88905 0.79881 0.93590 0.93590 0.93589 0.95977 0.96020 0.88093 0.96066 0.96067 0.96056 0.98254 0.98226 0.93994 0.93954 0.93911 0.93537 0.98350 0.98846 0.98884 0.99582 0.99582 0.94549 0.70554 0.70438 0.70342 0.87342 0.87768 0.90096 1.0184 1.5256 1.5256 1.5256 1.5256 1.5256 1.0123 0.99602 0.95979 0.90316 0.80261 0.80287 0.99344 1.0097 1.0176 1.0125 0.94935 0.94935
1.0351 1.0351 1.0351 1.0351 1.0351 1.0351 1.0249 0.98658 0.98658 0.99037 0.91858 1.0118 1.0118 0.96054 0.96054 0.95937 0.95990 0.79882 0.79882 0.79882 0.88914 0.88914 0.79882 0.79882 0.79882 0.93590 0.79882 0.97682 0.95879 1.0437 0.95932 0.95948 0.95958 0.93981 0.97342 0.93971 0.93958 0.93940 0.93588 0.98367 0.98781 0.98884 0.99583 0.99583 0.94711 0.98509 0.70524 0.77677 0.88206 0.88534 0.89002 1.0064 1.0184 0.95275 0.95022 1.5256 1.5256 1.5256 1.5256 0.73127 0.80247 0.80255 0.90562 0.90686 1.0097 1.0176 0.94935 0.94935 0.94935
1.0789 1.0789 1.0789 1.0789 1.0789 1.0789 1.0755 1.0692 1.0692 0.93224 0.91858 1.0118 0.97251 1.0118 1.0118 1.0118 0.97251 0.95078 0.99348 0.99348 1.0008 0.99348 0.79882 0.79882 0.79882 0.79882 0.88914 0.87848 0.87874 0.87897 0.87918 0.87938 0.87956 0.93913 0.93929 0.93942 0.93950 0.93954 0.93620 0.94103 0.94506 0.94711 0.98884 0.98884 0.94711 0.88381 0.78155 0.78133 0.79382 0.89112 0.89482 1.0033 1.0064 1.0184 0.95275 0.95275 0.93232 1.5256 0.79359 0.80360 0.97830 0.97672 0.99669 0.99396 0.95979 1.0176 1.0176 0.94935 0.94935
1.0880 1.0880 1.0880 1.0880 1.0880 1.0880 1.0793 1.0729 0.98861 0.75003 0.92885 0.99037 0.99037 0.97251 0.97251 0.97251 1.0014 0.98466 0.99348 0.99348 0.99348 0.99348 0.90410 0.88914 0.88914 0.88914 0.88914 0.87681 0.87681 0.87681 0.87681 0.87681 0.87681 0.87681 0.87681 0.87681 0.94715 0.87997 0.87719 0.87871 1.0518 0.94711 0.94711 0.98063 0.94711 0.94711 0.98305 0.93974 0.95672 0.95623 0.98070 1.0106 1.0064 1.0184 1.0123 1.0123 0.91628 0.71622 1.5256 1.5237 0.92695 0.95817 0.99669 1.0016 1.0016 0.95979 1.0176 1.0176 0.94935
1.0880 1.0880 1.0880 1.0880 1.0810 1.0810 1.0729 0.98861 0.98861 0.98861 0.97443 0.97443 0.97443 1.0131 1.0200 1.0131 1.0131 0.96089 1.0045 0.96089 1.0045 1.0045 1.0110 0.88914 0.96278 0.99348 0.90410 0.93363 0.93521 0.87681 0.89130 0.93363 0.98469 0.98469 0.97751 0.98469 0.98469 0.98469 0.78154 0.78182 0.88075 0.78265 0.94711 0.98884 0.94711 0.94711 0.94711 0.94533 0.96036 0.96015 0.96267 0.96320 0.96331 0.96355 0.96355 0.96355 0.96355 0.95275 1.5256 1.5237 1.5237 0.92695 0.94481 0.96938 0.95979 0.95979 0.95979 1.0176 1.0176
1.0880 1.0880 1.0880 1.0810 1.0880 1.0810 0.98861 1.0279 0.98861 0.98861 1.0131 1.0200 1.0200 1.0131 0.97443 0.97443 0.96089 0.96089 1.0045 1.0045 1.0045 1.0045 1.0045 0.96089 1.0045 0.96089 0.96089 0.97991 0.97099 0.93358 0.98601 0.98601 0.98601 0.93358 0.98601 0.98470 0.97751 0.93195 0.95611 0.87710 0.87957 0.70652 0.70674 0.94711 0.98884 0.98884 0.98884 0.98884 1.0064 1.0064 1.0064 1.0064 0.96352 1.0064 1.0123 1.0064 1.0123 1.0123 0.94623 1.5237 1.5237 1.5237 1.1222 0.97852 1.0016 1.0016 0.95979 1.0176 1.0176
