test/test_data/tcaap/monthly_mean_over_all_Feb__actual_et__2015-01-01_to_2019-12-31__180_by_260__inches.asc
NCOLS        180
NROWS        260
XLLCORNER     476375.000
YLLCORNER    4970875.000
CELLSIZE        100.000
NODATA_VALUE -9999.
[rows 203 to 231 of 260, columns 0 to 66 of 180]
0.51231 0.51269 0.51269 0.51269 0.51191 0.51191 0.51191 0.50716 0.50716 0.50674 0.50716 0.51191 0.50994 0.50994 0.51316 0.51278 0.51278 0.50840 0.50799 0.50625 0.50739 0.50840 0.50840 0.50840 0.50840 0.50850 0.50850 0.50850 0.50850 0.50634 0.50634 0.52840 0.58060 0.58060 0.58060 0.50652 0.50697 0.50697 0.50697 0.50586 0.50697 0.50697 0.50697 0.50697 0.50697 0.50697 0.50863 0.50863 0.50863 0.50863 0.53432 0.51244 0.51244 0.51244 0.53344 0.53432 0.53432 0.53318 0.53318 0.53318 0.53318 0.53318 0.53318 0.52902 0.52902 0.52902 0.51230
0.51270 0.51232 0.51270 0.51232 0.50995 0.50947 0.51054 0.51192 0.51192 0.51192 0.51154 0.51154 0.51192 0.51192 0.51318 0.51318 0.51318 0.50842 0.50842 0.50626 0.50842 0.50800 0.50626 0.50842 0.50842 0.50851 0.50636 0.50851 0.50851 0.50636 0.50851 0.50809 0.58062 0.58062 0.58062 0.50587 0.50653 0.50698 0.50698 0.50698 0.50698 0.50698 0.50698 0.50698 0.50698 0.50698 0.50865 0.50865 0.50865 0.50865 0.50564 0.53433 0.51245 0.51245 0.53433 0.53433 0.53319 0.53319 0.53319 0.53319 0.53319 0.53319 0.53319 0.53033 0.52904 0.51232 0.51232
0.50793 0.50751 0.51271 0.51233 0.50935 0.50938 0.51194 0.51155 0.51155 0.51194 0.51194 0.51194 0.51194 0.51194 0.51319 0.51319 0.51319 0.51319 0.50843 0.50627 0.50843 0.50801 0.50627 0.50843 0.50843 0.50811 0.50852 0.50852 0.50852 0.50852 0.50852 0.50852 0.50852 0.52843 0.50864 0.50711 0.50655 0.50699 0.50699 0.50699 0.50699 0.50699 0.50699 0.50699 0.50699 0.50699 0.50866 0.50866 0.50866 0.50866 0.50667 0.53435 0.51246 0.51246 0.51246 0.53435 0.53233 0.53321 0.53321 0.53321 0.53321 0.53321 0.53321 0.52802 0.51051 0.51233 0.51233
0.50752 0.51273 0.51273 0.51234 0.51057 0.51195 0.51195 0.51195 0.51195 0.51195 0.51195 0.51157 0.51195 0.51157 0.51320 0.51320 0.51320 0.51320 0.50844 0.50629 0.50844 0.50844 0.50844 0.50844 0.50844 0.50853 0.50812 0.50853 0.50853 0.50638 0.50853 0.50853 0.50853 0.50853 0.50853 0.50700 0.50700 0.50700 0.50700 0.50656 0.50700 0.50700 0.50700 0.50700 0.50700 0.50423 0.50867 0.50867 0.50867 0.50867 0.50867 0.53436 0.53436 0.51247 0.51247 0.53436 0.53322 0.53322 0.53322 0.53322 0.53322 0.53322 0.53322 0.53322 0.51234 0.51234 0.51234
0.51236 0.51274 0.51274 0.51236 0.51196 0.51196 0.51158 0.51196 0.50999 0.51196 0.51158 0.51158 0.51196 0.51196 0.51321 0.51321 0.51124 0.51321 0.50845 0.50630 0.50804 0.50845 0.50845 0.50845 0.50804 0.50855 0.50855 0.50855 0.50855 0.50855 0.50855 0.50855 0.50813 0.50855 0.50855 0.50702 0.50702 0.50702 0.50702 0.50702 0.50702 0.50702 0.50702 0.50702 0.50701 0.50701 0.50868 0.50868 0.50868 0.50868 0.50669 0.53437 0.53437 0.51249 0.51249 0.53437 0.53324 0.53324 0.53324 0.53324 0.53324 0.53324 0.53324 0.53324 0.50962 0.51236 0.51236
0.51127 0.51127 0.51127 0.50986 0.51000 0.51159 0.51197 0.51197 0.51000 0.51197 0.51197 0.51197 0.51197 0.51197 0.51323 0.51323 0.51323 0.51323 0.50847 0.50631 0.50847 0.50847 0.50847 0.50847 0.50805 0.50856 0.50856 0.50856 0.50856 0.50856 0.50856 0.50856 0.50856 0.50856 0.50814 0.50703 0.50703 0.50703 0.50703 0.50703 0.50703 0.50703 0.50703 0.50703 0.50425 0.50703 0.50870 0.50870 0.50870 0.50870 0.53439 0.53439 0.53439 0.53439 0.51250 0.51250 0.53325 0.53325 0.53325 0.53325 0.53325 0.53325 0.53325 0.53325 0.50963 0.51237 0.51237
0.51129 0.50989 0.50440 0.49344 0.50494 0.50708 0.51183 0.51145 0.51183 0.51183 0.51183 0.51145 0.51183 0.51183 0.51191 0.51191 0.51286 0.50848 0.50806 0.50632 0.50848 0.50848 0.50848 0.50806 0.50857 0.50857 0.50857 0.50815 0.50815 0.50857 0.50815 0.50857 0.50642 0.50857 0.50277 0.50109 0.50704 0.50704 0.50704 0.50704 0.50704 0.50704 0.50704 0.50704 0.50426 0.50871 0.50871 0.50871 0.50871 0.53543 0.53440 0.53440 0.53440 0.53440 0.51251 0.51251 0.53327 0.53238 0.53327 0.53327 0.53327 0.53327 0.53327 0.53327 0.51238 0.51238 0.51238
0.50229 0.51640 0.52203 0.49345 0.50496 0.50710 0.51146 0.51146 0.51146 0.51184 0.51146 0.51184 0.51184 0.51184 0.51193 0.51193 0.51155 0.50704 0.50704 0.50504 0.50704 0.50504 0.50504 0.50704 0.50829 0.50829 0.50785 0.50719 0.50753 0.50041 0.50278 0.50278 0.50278 0.50278 0.50278 0.50110 0.50110 0.50705 0.50705 0.50705 0.50705 0.50705 0.50705 0.50705 0.50110 0.50288 0.50288 0.49966 0.50288 0.53442 0.53442 0.53442 0.53442 0.53442 0.53354 0.51252 0.51113 0.53239 0.53239 0.53328 0.53328 0.53328 0.53328 0.53328 0.53395 0.51239 0.51441
0.50223 0.50223 0.52204 0.52054 0.50497 0.50711 0.51185 0.50989 0.51185 0.51185 0.51185 0.51185 0.51147 0.50989 0.51194 0.51194 0.51011 0.50705 0.50705 0.50505 0.50705 0.50505 0.50505 0.50705 0.50830 0.50830 0.50830 0.50830 0.50786 0.49929 0.50250 0.50250 0.50250 0.50250 0.50250 0.50096 0.50096 0.50096 0.50693 0.50693 0.50706 0.50706 0.50706 0.50111 0.50111 0.50289 0.50289 0.49967 0.50289 0.53443 0.53443 0.53443 0.53443 0.53443 0.53443 0.51253 0.51114 0.53329 0.53240 0.53240 0.53329 0.53329 0.53329 0.53329 0.53329 0.53396 0.51443
0.51901 0.49200 0.49434 0.52055 0.52055 0.50498 0.51149 0.51186 0.51186 0.51186 0.51186 0.50991 0.50991 0.50991 0.51195 0.51195 0.50506 0.50506 0.50706 0.50506 0.50706 0.50506 0.50706 0.50506 0.50831 0.50541 0.50831 0.50831 0.50831 0.50831 0.50831 0.50831 0.50831 0.50831 0.49930 0.50097 0.50097 0.50048 0.50097 0.50097 0.50097 0.49790 0.50097 0.50048 0.50097 0.49991 0.49991 0.49991 0.49991 0.51045 0.51045 0.53208 0.51254 0.53356 0.53445 0.53445 0.53178 0.51115 0.51115 0.53242 0.53331 0.53331 0.53331 0.53331 0.53331 0.53331 0.51444
0.51903 0.52207 0.52207 0.52056 0.52056 0.50499 0.51150 0.51188 0.51188 0.51188 0.51188 0.51150 0.51188 0.51188 0.51196 0.51196 0.50666 0.50707 0.50707 0.50507 0.50707 0.50707 0.50707 0.50707 0.50788 0.50833 0.50833 0.50833 0.50833 0.50833 0.50833 0.50833 0.50833 0.50833 0.50542 0.50695 0.50695 0.50695 0.50695 0.50695 0.50695 0.50695 0.50695 0.49515 0.50098 0.49993 0.49993 0.49993 0.53307 0.53209 0.53209 0.53209 0.53209 0.53209 0.53209 0.53209 0.50656 0.50656 0.52982 0.53170 0.53170 0.53170 0.53170 0.53170 0.53332 0.53332 0.53658
0.52208 0.52208 0.52208 0.52058 0.52058 0.48957 0.50577 0.51151 0.51189 0.51189 0.51189 0.51189 0.51189 0.51189 0.51198 0.51198 0.51015 0.50649 0.50154 0.50508 0.50708 0.50708 0.50566 0.50708 0.50834 0.50834 0.50834 0.50652 0.50581 0.50543 0.50834 0.50834 0.50834 0.50834 0.50834 0.50696 0.50696 0.50696 0.50696 0.50696 0.50696 0.50696 0.50652 0.50393 0.50505 0.50588 0.50588 0.50588 0.50588 0.53273 0.53211 0.53211 0.53211 0.53211 0.53211 0.53211 0.53171 0.53012 0.50658 0.53171 0.53012 0.53171 0.50658 0.53171 0.53171 0.53171 0.53355
0.52209 0.52209 0.52209 0.52059 0.52059 0.50716 0.52696 0.51190 0.51190 0.51190 0.51190 0.51190 0.51190 0.51199 0.51199 0.51199 0.51199 0.50935 0.50650 0.50155 0.50710 0.50710 0.50155 0.50567 0.50835 0.50835 0.50835 0.50791 0.50811 0.50791 0.50791 0.50835 0.50835 0.50835 0.50698 0.50698 0.50698 0.50698 0.50698 0.50698 0.50698 0.50698 0.50653 0.50492 0.50698 0.50589 0.50545 0.50589 0.50589 0.50589 0.50306 0.50306 0.53212 0.53212 0.53212 0.53172 0.53172 0.50659 0.50659 0.53172 0.53172 0.53172 0.53172 0.53172 0.53172 0.53172 0.53356
0.52211 0.52211 0.52211 0.52060 0.52060 0.52216 0.51192 0.51192 0.50996 0.51192 0.51192 0.51192 0.51192 0.51200 0.51200 0.51200 0.51200 0.51017 0.50830 0.50511 0.50711 0.50711 0.50580 0.49092 0.50638 0.50836 0.50836 0.50836 0.50836 0.50836 0.50836 0.50836 0.50836 0.50836 0.50699 0.50654 0.47504 0.49786 0.50413 0.50699 0.50699 0.50699 0.50699 0.50630 0.50699 0.50590 0.50590 0.50590 0.50590 0.50590 0.50590 0.50590 0.51050 0.51050 0.51050 0.53174 0.53174 0.50660 0.50660 0.50660 0.53174 0.50660 0.53174 0.53174 0.53174 0.53174 0.53357
0.55512 0.52377 0.52377 0.52226 0.52217 0.51193 0.51193 0.51193 0.51193 0.51193 0.51193 0.51193 0.51193 0.51202 0.51202 0.51202 0.51202 0.51018 0.50444 0.50512 0.50712 0.50712 0.50712 0.50570 0.50639 0.50639 0.50838 0.50838 0.50838 0.50838 0.50838 0.50838 0.50838 0.50838 0.50700 0.50655 0.48185 0.50156 0.50320 0.50700 0.50700 0.50700 0.50700 0.50632 0.50414 0.50592 0.50592 0.50592 0.50592 0.50592 0.50592 0.53215 0.53215 0.51051 0.51051 0.53175 0.53175 0.53175 0.50661 0.50661 0.53175 0.53175 0.53175 0.53175 0.53175 0.53175 0.53359
0.55437 0.54423 0.52326 0.52219 0.52219 0.50720 0.51194 0.51194 0.50998 0.51194 0.51194 0.51194 0.51194 0.51203 0.51203 0.51203 0.51203 0.51101 0.50998 0.50513 0.50713 0.50713 0.50713 0.48263 0.50770 0.50770 0.50640 0.50839 0.50839 0.50839 0.50839 0.50839 0.50839 0.50839 0.50104 0.50198 0.50013 0.47852 0.47951 0.50701 0.50701 0.50657 0.50701 0.50415 0.50415 0.50593 0.50593 0.50593 0.50593 0.50593 0.50593 0.53279 0.53216 0.51052 0.51052 0.53177 0.53177 0.53177 0.50662 0.50662 0.53177 0.53177 0.53177 0.50662 0.53177 0.53177 0.53360
0.55201 0.54456 0.53857 0.52083 0.51045 0.51034 0.50997 0.51034 0.51034 0.51034 0.51195 0.51195 0.51195 0.51204 0.51204 0.51204 0.51204 0.51215 0.50576 0.50515 0.50715 0.50515 0.50515 0.50673 0.50772 0.50772 0.50772 0.50840 0.50840 0.50840 0.50840 0.50840 0.50840 0.50840 0.50105 0.50136 0.50109 0.47746 0.49713 0.50702 0.50702 0.50424 0.50702 0.50416 0.50702 0.50594 0.50594 0.50594 0.50594 0.50594 0.50594 0.53218 0.52554 0.53218 0.53218 0.53178 0.53178 0.53178 0.52990 0.50663 0.50663 0.53178 0.53018 0.53018 0.53178 0.53178 0.53362
0.58187 0.52905 0.52563 0.51036 0.51036 0.51036 0.51036 0.51036 0.51036 0.51036 0.51036 0.51036 0.51036 0.50090 0.51171 0.51170 0.51170 0.49717 0.50529 0.48133 0.50540 0.48946 0.50516 0.50716 0.50841 0.50773 0.50643 0.50841 0.50841 0.50841 0.50841 0.50841 0.50841 0.50841 0.50106 0.50031 0.50031 0.49557 0.50635 0.50635 0.50704 0.50426 0.50704 0.50704 0.50704 0.50595 0.50595 0.50595 0.50595 0.50595 0.50595 0.50595 0.52169 0.51055 0.51055 0.50665 0.53180 0.53180 0.53180 0.50665 0.50665 0.53180 0.53180 0.53019 0.53180 0.53180 0.53363
0.58189 0.58189 0.50351 0.51037 0.51037 0.51037 0.50855 0.51037 0.51037 0.51037 0.51037 0.51037 0.51037 0.50091 0.51172 0.51172 0.49870 0.50091 0.50356 0.48802 0.50541 0.48929 0.50483 0.50487 0.50583 0.50338 0.50422 0.50338 0.50583 0.50583 0.50583 0.50583 0.50583 0.50583 0.50108 0.50108 0.50032 0.50364 0.50479 0.50705 0.50705 0.50705 0.50705 0.50705 0.50597 0.50002 0.50597 0.50597 0.50597 0.50597 0.50597 0.50407 0.53221 0.53221 0.53221 0.53181 0.53181 0.53181 0.53181 0.53181 0.50666 0.50666 0.53181 0.53181 0.53181 0.53181 0.53365
0.58191 0.58191 0.50557 0.51038 0.51038 0.51038 0.50856 0.51038 0.51038 0.51038 0.51038 0.51038 0.51038 0.50092 0.49865 0.49865 0.49871 0.50092 0.50092 0.48640 0.50371 0.50416 0.50625 0.50347 0.50585 0.50585 0.50530 0.50223 0.50584 0.50584 0.50584 0.50584 0.50584 0.50584 0.50600 0.50600 0.50600 0.50267 0.50329 0.50568 0.50600 0.50600 0.50600 0.50017 0.50097 0.50097 0.50413 0.50413 0.50413 0.50413 0.50487 0.51390 0.52223 0.53285 0.53222 0.53182 0.53182 0.50667 0.50667 0.53182 0.50667 0.50667 0.53022 0.53182 0.53182 0.53366 0.53366
0.58192 0.58192 0.50499 0.51040 0.51040 0.51040 0.51040 0.51040 0.51040 0.51039 0.51039 0.51039 0.51039 0.51174 0.50986 0.50701 0.50028 0.50094 0.50094 0.47571 0.50181 0.50331 0.50562 0.50532 0.50586 0.50532 0.50371 0.50516 0.50532 0.50348 0.50586 0.50586 0.50586 0.50586 0.50602 0.50602 0.50602 0.50602 0.50282 0.50284 0.50241 0.49974 0.49691 0.49979 0.50058 0.50262 0.50267 0.50399 0.50518 0.50674 0.50935 0.51321 0.51934 0.52477 0.53333 0.53219 0.53219 0.50691 0.50668 0.53184 0.53184 0.50668 0.53023 0.53184 0.53184 0.53289 0.53367
0.58194 0.58194 0.50559 0.51041 0.51041 0.51041 0.51041 0.51041 0.51041 0.51041 0.51041 0.51041 0.51041 0.51176 0.51176 0.50987 0.50358 0.50029 0.50095 0.49874 0.50112 0.50331 0.50443 0.50419 0.50342 0.50533 0.49853 0.50448 0.50533 0.50349 0.50349 0.50349 0.50349 0.50349 0.50326 0.50603 0.50603 0.50603 0.50318 0.50280 0.50205 0.50089 0.49883 0.49980 0.50142 0.50156 0.50465 0.50613 0.58118 0.58118 0.58118 0.58118 0.50339 0.50399 0.52295 0.53221 0.53221 0.53221 0.53221 0.53221 0.53221 0.50692 0.50692 0.53221 0.53221 0.50736 0.53267
0.58196 0.58196 0.51042 0.51042 0.51042 0.51042 0.51042 0.51042 0.51042 0.51042 0.51042 0.51042 0.51042 0.51177 0.51177 0.51177 0.49939 0.49939 0.49939 0.49875 0.50030 0.50174 0.50235 0.50125 0.50339 0.50323 0.50380 0.50289 0.50161 0.48930 0.48930 0.48930 0.48930 0.48930 0.48927 0.49268 0.50604 0.50604 0.50319 0.50286 0.50319 0.49693 0.50021 0.50021 0.50080 0.50097 0.50425 0.50553 0.58119 0.58119 0.58119 0.58119 0.58119 0.50400 0.50400 0.53222 0.50395 0.50395 0.50585 0.50585 0.50585 0.50395 0.48738 0.50303 0.53222 0.53268 0.53268
0.58197 0.58197 0.51043 0.51043 0.51043 0.51043 0.51043 0.51043 0.50861 0.51043 0.51043 0.51043 0.51178 0.51178 0.51178 0.51178 0.50051 0.50097 0.49940 0.48342 0.49955 0.48370 0.50171 0.50054 0.50121 0.50092 0.50045 0.49982 0.49802 0.48931 0.48931 0.48931 0.48931 0.48931 0.48928 0.49269 0.50605 0.50329 0.50537 0.50605 0.50605 0.50605 0.50022 0.50022 0.50101 0.50140 0.50457 0.50567 0.58121 0.58121 0.58121 0.58121 0.58121 0.50688 0.50688 0.50586 0.50586 0.50586 0.50586 0.50586 0.50311 0.50586 0.50311 0.50311 0.53321 0.53270 0.53270
0.58199 0.51290 0.51045 0.51045 0.51045 0.51045 0.51007 0.51045 0.50862 0.51045 0.51045 0.51045 0.51179 0.51179 0.51179 0.51179 0.51141 0.50098 0.50098 0.48318 0.50123 0.50112 0.48507 0.50000 0.50048 0.50021 0.49976 0.49918 0.49628 0.47333 0.48933 0.48933 0.48933 0.48929 0.48929 0.49270 0.50607 0.50607 0.50607 0.50607 0.50607 0.50607 0.50618 0.49285 0.50103 0.50062 0.50572 0.50667 0.58123 0.58123 0.58123 0.58123 0.50645 0.50690 0.50587 0.50587 0.50587 0.50587 0.50587 0.50587 0.50587 0.50587 0.50312 0.50312 0.50587 0.50620 0.50337
0.58201 0.50799 0.51046 0.51046 0.51046 0.51046 0.51008 0.51046 0.51046 0.51046 0.51046 0.51046 0.51181 0.51181 0.51181 0.51181 0.50997 0.50100 0.50100 0.48319 0.50115 0.49942 0.50034 0.49497 0.49997 0.49977 0.49853 0.49805 0.47930 0.49245 0.49235 0.48934 0.48934 0.48930 0.49271 0.50608 0.50608 0.50608 0.50331 0.50608 0.50608 0.50608 0.50620 0.49043 0.49966 0.50239 0.50724 0.50802 0.58125 0.58125 0.58125 0.58125 0.50504 0.50691 0.50588 0.50588 0.50588 0.50588 0.50544 0.50588 0.50588 0.50588 0.50588 0.50313 0.50313 0.50346 0.50346
0.50686 0.50686 0.50957 0.50957 0.51047 0.51047 0.51047 0.51047 0.51047 0.51047 0.51047 0.51047 0.50993 0.50993 0.51127 0.51182 0.49880 0.50101 0.50101 0.49519 0.50035 0.50101 0.50101 0.49336 0.49806 0.49806 0.49806 0.49984 0.49924 0.47883 0.49290 0.47335 0.47754 0.48626 0.49272 0.50609 0.50609 0.50609 0.50332 0.50609 0.50609 0.50609 0.50621 0.49135 0.50013 0.50410 0.50701 0.50761 0.50764 0.58126 0.58126 0.58126 0.50579 0.50623 0.50522 0.50400 0.52513 0.52513 0.50590 0.50590 0.50546 0.50546 0.50590 0.50546 0.50314 0.50348 0.50348
0.50687 0.50687 0.50959 0.50959 0.50959 0.50959 0.50959 0.50959 0.50959 0.50959 0.50959 0.50959 0.50516 0.50328 0.50695 0.50596 0.49487 0.50102 0.50102 0.49487 0.50102 0.50102 0.50102 0.49932 0.49926 0.49925 0.49925 0.49985 0.47144 0.49807 0.49729 0.49712 0.50433 0.50610 0.50610 0.50610 0.50610 0.50610 0.50610 0.50610 0.50610 0.49862 0.50330 0.49890 0.50169 0.50723 0.51464 0.51860 0.52839 0.49118 0.49363 0.49363 0.49348 0.50693 0.50523 0.50401 0.50591 0.49169 0.52565 0.50603 0.50603 0.52515 0.52455 0.52636 0.52636 0.50349 0.53223
0.50688 0.50688 0.50960 0.50960 0.50960 0.50960 0.50492 0.50960 0.50492 0.50492 0.50492 0.50492 0.50517 0.50517 0.50517 0.50338 0.50284 0.49873 0.49947 0.49645 0.49947 0.49947 0.49636 0.49768 0.49852 0.49833 0.49833 0.49892 0.48147 0.49995 0.50023 0.50434 0.50596 0.50612 0.50612 0.50612 0.50612 0.50612 0.50612 0.50612 0.50335 0.49303 0.49810 0.49810 0.49888 0.51036 0.51328 0.51355 0.49119 0.49364 0.49349 0.49349 0.49349 0.50694 0.50592 0.50592 0.50592 0.50592 0.50402 0.50481 0.50568 0.52457 0.50825 0.51084 0.51022 0.50330 0.50744
