test/test_data/tcaap/monthly_variance_over_all_Nov__actual_et__2015-01-01_to_2019-12-31__180_by_260__inches.asc
NCOLS        180
NROWS        260
XLLCORNER     476375.000
YLLCORNER    4970875.000
CELLSIZE        100.000
NODATA_VALUE -9999.
[rows 203 to 231 of 260, columns 67 to 133 of 180]
0.18352 0.18352 0.18352 0.18346 0.18346 0.18346 0.18346 0.18346 0.18346 0.19265 0.20727 0.20684 0.20684 0.17641 0.17638 0.17641 0.19002 0.18990 0.18990 0.18990 0.18990 0.18877 0.18910 0.18910 0.18910 0.18910 0.18910 0.18910 0.18910 0.18910 0.18910 0.18909 0.17435 0.17438 0.17438 0.17438 0.18840 0.18840 0.17438 0.17438 0.17438 0.17438 0.17424 0.17424 0.17424 0.17424 0.17424 0.17424 0.17421 0.17424 0.17424 0.17424 0.18826 0.18759 0.18759 0.18759 0.18794 0.18794 0.18794 0.18794 0.18759 0.18759 0.18794 0.18805 0.18783 0.18805 0.18805
0.18353 0.18353 0.18353 0.18353 0.18353 0.18353 0.18353 0.18353 0.18353 0.19142 0.20699 0.20699 0.20699 0.18352 0.17532 0.17639 0.18991 0.19003 0.19003 0.18991 0.18991 0.18911 0.18911 0.18911 0.18911 0.18911 0.18911 0.18911 0.18911 0.18911 0.18911 0.17439 0.17439 0.17436 0.17436 0.17436 0.17619 0.18798 0.18798 0.18798 0.18843 0.18843 0.17421 0.17424 0.17424 0.17422 0.17422 0.17422 0.17183 0.17421 0.17424 0.18827 0.18827 0.18795 0.18795 0.18795 0.18759 0.18795 0.18795 0.18795 0.18759 0.18795 0.18795 0.18805 0.18805 0.18784 0.18805
0.18354 0.18354 0.18354 0.18354 0.18354 0.18354 0.18354 0.18354 0.18354 0.19143 0.20700 0.20700 0.20700 0.18353 0.17532 0.17704 0.17716 0.19046 0.19046 0.19035 0.19035 0.18885 0.18898 0.18898 0.18897 0.18898 0.17542 0.17550 0.17550 0.17547 0.17550 0.17437 0.17437 0.17437 0.17439 0.17437 0.17619 0.18798 0.18798 0.18843 0.18843 0.18843 0.17733 0.17425 0.17425 0.17422 0.17425 0.17425 0.18776 0.18776 0.18827 0.18776 0.18760 0.18795 0.18760 0.18760 0.18795 0.18760 0.18760 0.18760 0.18237 0.18237 0.18795 0.18806 0.18205 0.18803 0.18806
0.18352 0.18354 0.18354 0.18354 0.18354 0.18354 0.18354 0.18354 0.19403 0.18973 0.20701 0.20701 0.20701 0.18790 0.17705 0.17705 0.17717 0.19046 0.19047 0.19047 0.19047 0.18898 0.18898 0.18898 0.18898 0.18898 0.17543 0.17543 0.17543 0.17543 0.17543 0.17525 0.17525 0.17525 0.17525 0.17523 0.18858 0.18858 0.18894 0.18844 0.18844 0.18844 0.17745 0.17425 0.17425 0.17748 0.17425 0.17425 0.18828 0.18777 0.18828 0.18828 0.18796 0.18796 0.18796 0.18796 0.18796 0.18796 0.18796 0.18796 0.18796 0.18796 0.18796 0.18807 0.18206 0.18785 0.18807
0.18353 0.18355 0.18355 0.18355 0.18355 0.18355 0.18355 0.18355 0.19403 0.18974 0.20702 0.20702 0.20702 0.18791 0.19216 0.17533 0.17717 0.19048 0.19048 0.19048 0.19048 0.18899 0.18899 0.18899 0.18899 0.18899 0.17540 0.17543 0.17543 0.17543 0.17543 0.17526 0.17526 0.17526 0.17523 0.17523 0.18859 0.18859 0.18892 0.18892 0.18894 0.18894 0.17840 0.17843 0.17843 0.18884 0.17533 0.18884 0.18985 0.18419 0.18934 0.18934 0.18904 0.18797 0.18797 0.18797 0.18797 0.18797 0.18797 0.18797 0.18797 0.18797 0.18797 0.18807 0.18807 0.18807 0.18807
0.18356 0.18356 0.18356 0.18356 0.18356 0.18356 0.18337 0.18356 0.19404 0.20030 0.20703 0.20703 0.20703 0.18805 0.19049 0.18014 0.17708 0.19049 0.19049 0.19049 0.19049 0.18900 0.18900 0.18900 0.18900 0.18900 0.18900 0.18900 0.17544 0.17541 0.17541 0.19168 0.19168 0.19168 0.17524 0.17524 0.17524 0.17524 0.17526 0.17526 0.17526 0.18895 0.18885 0.18883 0.18883 0.18885 0.18885 0.18986 0.18986 0.18986 0.18986 0.18419 0.18838 0.18878 0.18878 0.18878 0.18878 0.18878 0.18878 0.18878 0.18878 0.18878 0.18798 0.18808 0.18808 0.18808 0.18808
0.18356 0.18356 0.18356 0.18356 0.18356 0.18356 0.18356 0.18356 0.19405 0.19933 0.20703 0.20703 0.20703 0.19049 0.19049 0.17709 0.17709 0.19048 0.19049 0.19049 0.19049 0.18900 0.18900 0.18900 0.18900 0.18900 0.18900 0.18900 0.19092 0.19092 0.19092 0.19169 0.19169 0.19169 0.19089 0.17524 0.17524 0.17527 0.17527 0.17527 0.17527 0.18896 0.18885 0.18885 0.18885 0.18885 0.18885 0.18987 0.18987 0.18987 0.18987 0.18987 0.18878 0.18878 0.18878 0.18878 0.18878 0.18878 0.18878 0.18878 0.18878 0.18878 0.18878 0.18958 0.18958 0.18958 0.18958
0.18357 0.18357 0.18355 0.18357 0.18357 0.18357 0.18357 0.18357 0.18357 0.20740 0.20704 0.20704 0.19050 0.19050 0.19050 0.19050 0.19050 0.19048 0.19050 0.19050 0.18901 0.18901 0.18901 0.18901 0.18901 0.18901 0.18901 0.19092 0.19092 0.19092 0.19171 0.19170 0.19170 0.19170 0.19090 0.17525 0.17525 0.17528 0.17528 0.17528 0.17528 0.18896 0.18886 0.18886 0.18886 0.18886 0.18886 0.18987 0.18987 0.18987 0.18421 0.18886 0.18879 0.18879 0.18879 0.18879 0.18840 0.18879 0.18879 0.18879 0.18879 0.18879 0.18879 0.18958 0.18958 0.18958 0.18958
0.18357 0.18357 0.18356 0.18357 0.18357 0.18357 0.18357 0.18357 0.18357 0.20741 0.20705 0.20705 0.19051 0.19051 0.19051 0.19051 0.18019 0.19049 0.19051 0.19051 0.18902 0.18890 0.18890 0.18902 0.18902 0.18902 0.19093 0.19093 0.19093 0.19093 0.19091 0.19171 0.19171 0.19171 0.19091 0.19010 0.17526 0.17528 0.17528 0.17528 0.18897 0.18887 0.18887 0.18887 0.18887 0.18887 0.18887 0.18887 0.18988 0.18988 0.18421 0.18887 0.18880 0.18880 0.18880 0.18880 0.18880 0.18880 0.18880 0.18880 0.18880 0.18880 0.18959 0.18959 0.18959 0.18959 0.18959
0.18358 0.18356 0.18358 0.18358 0.18358 0.18358 0.18358 0.18358 0.18358 0.19789 0.20706 0.20706 0.20706 0.19052 0.19052 0.19052 0.18017 0.17711 0.19052 0.19052 0.18902 0.18890 0.18890 0.18902 0.19094 0.19033 0.19094 0.19094 0.19094 0.19033 0.19094 0.19091 0.19171 0.19173 0.19091 0.19091 0.17529 0.17526 0.17526 0.18897 0.18898 0.18887 0.18887 0.18887 0.18887 0.18867 0.18887 0.18887 0.18985 0.18989 0.18985 0.18867 0.18881 0.18881 0.18881 0.18881 0.18881 0.18881 0.18881 0.18881 0.18880 0.18880 0.18960 0.18960 0.18960 0.18707 0.18707
0.18359 0.18359 0.18359 0.18359 0.18359 0.18357 0.17752 0.18357 0.18357 0.19790 0.20707 0.20707 0.20707 0.19052 0.19052 0.19052 0.18018 0.17711 0.19052 0.19052 0.18903 0.18903 0.19095 0.19095 0.19094 0.19094 0.19094 0.19094 0.19094 0.19094 0.19094 0.19092 0.19092 0.19092 0.19092 0.19092 0.19092 0.17509 0.18898 0.18898 0.18898 0.18888 0.18888 0.18888 0.18888 0.18888 0.18888 0.18888 0.18989 0.18989 0.18986 0.18888 0.18881 0.18881 0.18881 0.18881 0.18879 0.17819 0.17819 0.17819 0.17819 0.17818 0.18960 0.19837 0.18708 0.18695 0.19244
0.18441 0.18441 0.18441 0.18441 0.18441 0.18439 0.18425 0.18439 0.18439 0.20743 0.20708 0.20708 0.18809 0.18809 0.19053 0.19053 0.18018 0.19053 0.19053 0.19053 0.18904 0.18904 0.19095 0.19095 0.19095 0.19035 0.19035 0.19035 0.19095 0.19095 0.19095 0.19093 0.19093 0.19093 0.19093 0.19093 0.19093 0.18899 0.18899 0.19173 0.19173 0.18889 0.18889 0.18889 0.18889 0.18889 0.18889 0.18889 0.18889 0.18889 0.18889 0.18889 0.17806 0.17524 0.18856 0.18856 0.17816 0.17819 0.17819 0.17819 0.17524 0.17524 0.17094 0.17094 0.17094 0.17094 0.17094
0.19442 0.18442 0.18442 0.18442 0.18442 0.18442 0.18442 0.18441 0.18442 0.20732 0.20744 0.20744 0.20744 0.19097 0.19098 0.19098 0.18070 0.19096 0.19098 0.19098 0.18950 0.18905 0.18905 0.18905 0.18905 0.18905 0.18892 0.18905 0.19096 0.19096 0.19096 0.19094 0.19094 0.19094 0.19094 0.19094 0.19093 0.19093 0.18900 0.19173 0.19175 0.18890 0.18890 0.18890 0.18890 0.18869 0.18869 0.18869 0.18890 0.18890 0.18889 0.18889 0.18882 0.17820 0.17525 0.17525 0.17525 0.17525 0.17525 0.17525 0.17671 0.17834 0.17094 0.17094 0.19313 0.19313 0.19313
0.19443 0.18440 0.18442 0.18442 0.18442 0.18442 0.18442 0.18442 0.18442 0.18530 0.20745 0.20745 0.20745 0.19098 0.19098 0.19098 0.18070 0.19096 0.19098 0.19098 0.18951 0.18951 0.18951 0.18951 0.18951 0.18951 0.18951 0.18951 0.18951 0.19137 0.19096 0.18906 0.18900 0.18900 0.19094 0.19094 0.19094 0.19175 0.19174 0.19174 0.19176 0.18890 0.18890 0.18890 0.18890 0.18890 0.18890 0.18890 0.18890 0.18890 0.18890 0.18890 0.18883 0.18883 0.18883 0.17525 0.17525 0.17525 0.17818 0.17818 0.17945 0.18246 0.17095 0.19313 0.19246 0.19246 0.19313
0.19443 0.19443 0.18443 0.18443 0.18443 0.18443 0.18443 0.18441 0.18443 0.18531 0.20746 0.20746 0.20746 0.19099 0.19099 0.19099 0.19097 0.19097 0.19099 0.19099 0.18952 0.18952 0.18952 0.18952 0.18952 0.18952 0.18952 0.18952 0.18952 0.18952 0.18906 0.18906 0.18906 0.18906 0.18906 0.19097 0.19177 0.19136 0.19176 0.19176 0.18906 0.18891 0.18891 0.18891 0.18891 0.18891 0.18891 0.18891 0.18891 0.18891 0.18891 0.18884 0.18884 0.18884 0.18884 0.17526 0.17526 0.17818 0.17818 0.17818 0.17892 0.18206 0.19314 0.19314 0.19247 0.19247 0.19314
0.19444 0.19444 0.19444 0.18444 0.18444 0.18444 0.18444 0.18444 0.18444 0.18532 0.20746 0.20746 0.20746 0.20746 0.19100 0.19100 0.19098 0.19100 0.19100 0.19100 0.18952 0.18952 0.18952 0.18952 0.18952 0.18952 0.18952 0.18952 0.18952 0.18952 0.18907 0.18907 0.18907 0.18907 0.18907 0.18907 0.18907 0.19176 0.19176 0.18907 0.18907 0.18892 0.18892 0.18892 0.18892 0.18892 0.18892 0.18892 0.18892 0.18892 0.18892 0.19003 0.19003 0.19003 0.19003 0.17609 0.17526 0.17819 0.17819 0.17832 0.17874 0.17819 0.17879 0.19316 0.19315 0.19315 0.19315
0.19445 0.19445 0.19445 0.18444 0.18444 0.18442 0.18444 0.18444 0.18444 0.18533 0.20747 0.20747 0.20747 0.20747 0.18858 0.19100 0.19100 0.19100 0.19100 0.19100 0.18953 0.18953 0.18953 0.18953 0.18953 0.18953 0.18953 0.18953 0.18953 0.18953 0.18908 0.18908 0.18908 0.18908 0.18908 0.18908 0.18908 0.18344 0.18908 0.18908 0.18908 0.18893 0.18893 0.18893 0.18893 0.18893 0.18893 0.18893 0.18893 0.18893 0.18893 0.19004 0.19004 0.19004 0.18952 0.17610 0.17938 0.18025 0.18009 0.18026 0.18036 0.17938 0.17790 0.19316 0.19316 0.19316 0.19316
0.19446 0.18304 0.19443 0.18443 0.18445 0.18443 0.18443 0.18443 0.18443 0.18533 0.20748 0.20748 0.20748 0.20748 0.18858 0.19101 0.19099 0.19101 0.19101 0.19101 0.18954 0.18929 0.18929 0.18929 0.18929 0.18929 0.18929 0.18929 0.18929 0.18929 0.18881 0.18881 0.18881 0.18908 0.18908 0.18881 0.18881 0.18908 0.18881 0.18881 0.18908 0.18893 0.18893 0.18861 0.18861 0.18893 0.18861 0.18894 0.18894 0.18861 0.18861 0.19005 0.19005 0.19005 0.18952 0.17870 0.17938 0.18055 0.18158 0.17676 0.18187 0.17928 0.17791 0.17791 0.18125 0.16762 0.19316
0.19446 0.18304 0.19446 0.19446 0.19447 0.18444 0.18444 0.18444 0.18443 0.20749 0.20749 0.20749 0.20749 0.19955 0.19102 0.19102 0.19100 0.19102 0.19102 0.19102 0.18955 0.18930 0.18930 0.18930 0.18930 0.18930 0.18930 0.17294 0.17294 0.19217 0.19085 0.19024 0.18881 0.18909 0.18909 0.18909 0.18909 0.17666 0.17872 0.18909 0.18881 0.18861 0.18861 0.18861 0.18861 0.18894 0.18894 0.18894 0.18894 0.18894 0.18894 0.18988 0.18899 0.18757 0.18261 0.18109 0.18177 0.18257 0.18595 0.18666 0.18530 0.18497 0.18530 0.18792 0.19318 0.19317 0.19195
0.19447 0.19447 0.19447 0.19447 0.18446 0.18446 0.18446 0.18446 0.18446 0.20750 0.20750 0.20750 0.20750 0.19103 0.19103 0.19103 0.19101 0.19103 0.19103 0.18955 0.18955 0.18931 0.18336 0.18931 0.18931 0.18931 0.18931 0.17294 0.17294 0.19217 0.17242 0.19025 0.19025 0.18910 0.18910 0.18910 0.18910 0.17667 0.17873 0.17873 0.18862 0.18862 0.18862 0.18862 0.18862 0.18895 0.18895 0.18895 0.18895 0.18895 0.18895 0.19006 0.19006 0.17625 0.17575 0.18192 0.18301 0.18555 0.18754 0.18821 0.18963 0.18941 0.18911 0.19021 0.19317 0.16763 0.19318
0.19448 0.19448 0.19448 0.19448 0.18447 0.18447 0.18447 0.18447 0.19823 0.20751 0.20751 0.20751 0.20751 0.19103 0.19103 0.19103 0.19103 0.19103 0.19103 0.18956 0.18956 0.18931 0.18931 0.18931 0.18931 0.18931 0.18931 0.17295 0.17295 0.19218 0.17242 0.19086 0.18882 0.18911 0.18911 0.18911 0.18911 0.18911 0.17873 0.17873 0.18896 0.18896 0.18863 0.18863 0.18863 0.18896 0.18896 0.18896 0.18996 0.18996 0.18896 0.19007 0.19007 0.17625 0.17623 0.18078 0.17572 0.18308 0.19084 0.19208 0.19244 0.19195 0.19319 0.19319 0.19212 0.16763 0.19319
0.19430 0.19430 0.19430 0.19449 0.18445 0.18448 0.18448 0.18448 0.19824 0.20751 0.20751 0.20751 0.20751 0.19041 0.19041 0.19102 0.19104 0.19104 0.19104 0.18957 0.18957 0.18932 0.18342 0.19139 0.18932 0.19065 0.17295 0.17295 0.17295 0.19219 0.19181 0.19102 0.18911 0.18911 0.18911 0.18911 0.18911 0.18910 0.17874 0.17874 0.18896 0.18896 0.18896 0.18896 0.18896 0.18896 0.18896 0.18997 0.18997 0.18896 0.18896 0.19008 0.17626 0.17626 0.17626 0.18486 0.18923 0.18992 0.19359 0.19359 0.19359 0.19319 0.19319 0.19197 0.19319 0.19319 0.19197
0.19431 0.19431 0.19431 0.19431 0.18417 0.18417 0.18417 0.18417 0.19811 0.20749 0.20749 0.20749 0.20749 0.19076 0.19042 0.19103 0.19105 0.19105 0.19105 0.18957 0.18957 0.18957 0.19220 0.19220 0.19143 0.19143 0.19221 0.19220 0.19220 0.19220 0.19103 0.19103 0.18912 0.18912 0.18912 0.18912 0.18912 0.18903 0.17875 0.17875 0.18897 0.18897 0.18897 0.18897 0.18897 0.18897 0.18997 0.18997 0.18997 0.18897 0.18897 0.19008 0.17624 0.17627 0.19360 0.19360 0.19360 0.19360 0.19358 0.19358 0.19358 0.19320 0.19198 0.19198 0.19320 0.19320 0.19320
0.19432 0.19432 0.19432 0.19432 0.18418 0.18418 0.18418 0.18418 0.20740 0.20750 0.20750 0.20750 0.20750 0.19076 0.19076 0.19075 0.19076 0.19076 0.19076 0.19042 0.19042 0.18842 0.17014 0.17014 0.19227 0.19227 0.19144 0.19144 0.19144 0.19144 0.19103 0.19103 0.19103 0.18913 0.18913 0.18913 0.18913 0.18912 0.17875 0.17875 0.17865 0.18898 0.18898 0.18898 0.18898 0.18998 0.18998 0.18998 0.18898 0.18898 0.18898 0.19009 0.17624 0.17627 0.19359 0.19360 0.19359 0.19359 0.19359 0.19359 0.19359 0.19321 0.19321 0.19321 0.19321 0.19321 0.19321
0.19433 0.19433 0.19433 0.19433 0.18419 0.18419 0.18419 0.18419 0.20740 0.20751 0.20751 0.20751 0.19077 0.19077 0.19077 0.19075 0.19077 0.19077 0.19077 0.19042 0.19042 0.18843 0.19306 0.19228 0.19228 0.19228 0.19228 0.19228 0.19228 0.19228 0.19100 0.19100 0.19100 0.19100 0.18917 0.18917 0.18917 0.18861 0.18885 0.17876 0.18898 0.18898 0.18898 0.18898 0.18898 0.18999 0.18898 0.18898 0.18898 0.18898 0.18898 0.19010 0.17625 0.17628 0.19360 0.19360 0.19360 0.19360 0.19360 0.19360 0.16930 0.19321 0.19321 0.19321 0.19321 0.19321 0.19321
0.19434 0.19433 0.19433 0.19433 0.18419 0.18419 0.18419 0.18419 0.18500 0.20752 0.20752 0.20752 0.19078 0.18779 0.18673 0.17719 0.19076 0.19078 0.19078 0.19043 0.19043 0.18933 0.19307 0.19229 0.19229 0.19229 0.19229 0.19229 0.19229 0.19101 0.19101 0.19101 0.19101 0.19101 0.18918 0.18918 0.18918 0.18862 0.18862 0.18918 0.18901 0.18901 0.18901 0.18901 0.18901 0.18901 0.18901 0.18901 0.18901 0.18901 0.18899 0.19010 0.17628 0.19360 0.19360 0.19360 0.19360 0.19360 0.19360 0.16931 0.16931 0.19215 0.19200 0.19200 0.19200 0.16765 0.18129
0.19434 0.19434 0.19434 0.19434 0.19434 0.18420 0.18420 0.18420 0.18501 0.20752 0.20752 0.20752 0.18827 0.18633 0.18449 0.18446 0.17720 0.17722 0.19078 0.19044 0.18212 0.18934 0.19307 0.19229 0.19229 0.19229 0.19229 0.19044 0.19044 0.18918 0.19102 0.19102 0.19102 0.19102 0.19102 0.18918 0.18918 0.18862 0.18154 0.19368 0.19367 0.19367 0.19803 0.19367 0.19367 0.19118 0.18888 0.18901 0.18901 0.18901 0.19014 0.17589 0.19378 0.19378 0.19378 0.19378 0.19378 0.19378 0.19378 0.19373 0.19360 0.19253 0.19263 0.19257 0.19306 0.18130 0.20804
0.19435 0.19435 0.19435 0.19435 0.18421 0.18421 0.18420 0.18420 0.18019 0.20753 0.20753 0.20753 0.18810 0.18658 0.18545 0.18555 0.18685 0.18839 0.18157 0.18199 0.18213 0.18214 0.18213 0.18216 0.18216 0.19230 0.19044 0.19044 0.19044 0.18919 0.19102 0.18932 0.19102 0.19102 0.18919 0.18919 0.18919 0.18863 0.18255 0.19368 0.19368 0.19421 0.19804 0.19804 0.19368 0.18902 0.18902 0.18902 0.18902 0.18902 0.19015 0.17589 0.19378 0.19378 0.19378 0.19378 0.19378 0.16760 0.18138 0.18174 0.18204 0.18158 0.19120 0.18149 0.18051 0.20908 0.20908
0.19355 0.19355 0.18421 0.18421 0.19816 0.19119 0.18421 0.18421 0.18486 0.20754 0.20754 0.20754 0.18811 0.18868 0.18905 0.18939 0.18974 0.19062 0.18831 0.18197 0.19041 0.18209 0.18209 0.18197 0.19045 0.19045 0.19045 0.19045 0.19045 0.18920 0.18920 0.19103 0.19103 0.19103 0.18920 0.18920 0.18920 0.18864 0.18255 0.18920 0.19369 0.19422 0.19422 0.19422 0.19805 0.18903 0.18903 0.18903 0.18903 0.18903 0.19016 0.17590 0.19379 0.19379 0.19379 0.16761 0.19379 0.19224 0.19350 0.19278 0.18207 0.19007 0.18973 0.19071 0.19183 0.20909 0.20909
