test/test_data/tcaap/monthly_mean_over_all_Nov__actual_et__2015-01-01_to_2019-12-31__180_by_260__inches.asc
NCOLS        180
NROWS        260
XLLCORNER     476375.000
YLLCORNER    4970875.000
CELLSIZE        100.000
NODATA_VALUE -9999.
[rows 116 to 144 of 260, columns 0 to 66 of 180]
0.76112 0.76595 0.76595 0.75310 0.76595 0.76595 0.76595 0.76595 0.76595 0.76595 0.76595 0.77017 0.76956 0.75669 0.75669 0.73733 0.73321 0.83261 0.83261 0.71999 0.71598 0.71639 0.71146 0.72248 0.72238 0.71135 0.71134 0.71134 0.71134 0.71134 0.71134 0.71134 0.69361 0.67654 0.69361 0.70079 0.73524 0.68647 0.68458 0.71411 0.71412 0.71946 0.71920 0.72389 0.72704 0.72915 0.72824 0.72770 0.72768 0.72796 0.72891 0.74483 0.74542 0.74611 0.74670 0.74730 0.74789 0.74848 0.74906 0.74314 0.74440 0.74573 0.74717 0.74874 0.74758 0.74933 0.75105
0.76384 0.76598 0.76598 0.76598 0.76598 0.76598 0.76598 0.76598 0.76598 0.76598 0.76598 0.76731 0.75838 0.75671 0.72375 0.73863 0.73400 0.83265 0.83264 0.72129 0.71802 0.72310 0.72251 0.72251 0.71137 0.71137 0.71137 0.71137 0.71137 0.71137 0.71137 0.71137 0.69384 0.69412 0.69502 0.71930 0.73126 0.73464 0.73663 0.71073 0.69930 0.72093 0.72101 0.72205 0.72521 0.72869 0.72779 0.72720 0.72661 0.72688 0.72749 0.74351 0.74412 0.74484 0.74546 0.74609 0.74672 0.74735 0.74799 0.74029 0.74159 0.74302 0.74460 0.74637 0.74543 0.74744 0.74942
0.76387 0.76527 0.76601 0.75315 0.76601 0.76601 0.76601 0.76601 0.76601 0.76601 0.76601 0.77036 0.75840 0.75674 0.72378 0.68372 0.73376 0.83268 0.83268 0.83268 0.71980 0.72385 0.72253 0.72253 0.71076 0.71139 0.71139 0.71139 0.71139 0.71139 0.71139 0.69675 0.69554 0.69660 0.71822 0.72216 0.72263 0.72691 0.72046 0.72095 0.72095 0.72095 0.72104 0.72175 0.72357 0.72797 0.72707 0.72644 0.72620 0.72634 0.72661 0.74265 0.74328 0.74287 0.74351 0.74417 0.74484 0.74551 0.69089 0.73687 0.73891 0.74042 0.74213 0.74406 0.74333 0.74558 0.74285
0.76604 0.76529 0.72885 0.76508 0.76604 0.76604 0.76604 0.76604 0.76604 0.76604 0.76604 0.75843 0.75843 0.75676 0.75843 0.72315 0.71125 0.83271 0.83271 0.83271 0.83271 0.72388 0.72256 0.72256 0.72181 0.71142 0.71142 0.71142 0.71142 0.71142 0.71142 0.71142 0.69367 0.70992 0.71656 0.71894 0.71871 0.72048 0.72098 0.72098 0.72098 0.72098 0.72106 0.72177 0.72254 0.72723 0.72639 0.72577 0.72549 0.72553 0.72583 0.74135 0.74200 0.74160 0.74228 0.74297 0.74367 0.74439 0.74356 0.73445 0.73580 0.73654 0.73917 0.74123 0.74238 0.74481 0.74352
0.72981 0.72981 0.76511 0.76607 0.76607 0.76607 0.76607 0.76607 0.76607 0.76607 0.76511 0.68116 0.75679 0.75679 0.72383 0.72383 0.71115 0.71087 0.83275 0.83275 0.72371 0.72236 0.72258 0.72258 0.72258 0.71144 0.71144 0.71144 0.71144 0.71144 0.71144 0.71081 0.71003 0.71003 0.72109 0.71740 0.71921 0.72109 0.72109 0.72109 0.72109 0.72100 0.72180 0.72180 0.72201 0.72651 0.72574 0.72518 0.72490 0.72473 0.72509 0.74009 0.74076 0.74038 0.74108 0.74180 0.74254 0.74329 0.74405 0.73243 0.73378 0.73537 0.73711 0.73795 0.73988 0.74126 0.74270
0.75885 0.75629 0.76610 0.76610 0.76610 0.76561 0.76610 0.76610 0.76582 0.76378 0.75849 0.72385 0.75682 0.72385 0.72385 0.72385 0.70747 0.70833 0.83278 0.83278 0.83278 0.70267 0.72261 0.72261 0.72261 0.71147 0.71147 0.71158 0.71158 0.71147 0.71147 0.71147 0.70997 0.72111 0.72111 0.72111 0.72110 0.72111 0.72111 0.72111 0.72111 0.72103 0.72182 0.72182 0.72181 0.72181 0.72182 0.72182 0.72183 0.72438 0.72454 0.73883 0.73951 0.73915 0.73988 0.74062 0.74139 0.74218 0.74298 0.73083 0.73217 0.73377 0.73553 0.73656 0.73877 0.74052 0.74449
0.76101 0.75912 0.76044 0.76136 0.76226 0.76575 0.76613 0.76613 0.76584 0.76613 0.75833 0.72395 0.72388 0.72388 0.72396 0.72388 0.68379 0.70771 0.83281 0.83281 0.83281 0.70269 0.72262 0.72263 0.72253 0.71149 0.71149 0.71160 0.72263 0.72263 0.71160 0.71149 0.70999 0.72114 0.72114 0.72114 0.72114 0.72114 0.72114 0.72041 0.72114 0.72105 0.72185 0.72185 0.72185 0.72185 0.72185 0.72185 0.72184 0.72399 0.72414 0.73760 0.73829 0.73795 0.73870 0.73947 0.74027 0.74110 0.74194 0.72964 0.73095 0.72996 0.72973 0.73020 0.73182 0.73429 0.73791
0.76494 0.76466 0.76451 0.76268 0.76512 0.76615 0.76615 0.76615 0.76615 0.76615 0.76615 0.72398 0.72398 0.72390 0.72390 0.72390 0.72390 0.72135 0.70861 0.83285 0.83285 0.70271 0.72255 0.72266 0.72266 0.71151 0.71151 0.71163 0.72266 0.72266 0.72266 0.72255 0.71002 0.71011 0.72116 0.72116 0.72116 0.72116 0.72116 0.72116 0.72116 0.72108 0.72187 0.72187 0.72187 0.72187 0.72187 0.72187 0.72187 0.72370 0.72386 0.73642 0.73712 0.73680 0.73756 0.73836 0.73919 0.74005 0.74070 0.72881 0.73009 0.72984 0.73018 0.72937 0.73030 0.73205 0.73501
0.76666 0.76666 0.71426 0.76386 0.76666 0.76666 0.76544 0.76544 0.76544 0.76544 0.76544 0.76979 0.72401 0.72393 0.72393 0.72393 0.72393 0.70755 0.70852 0.83288 0.83288 0.72141 0.72258 0.72268 0.72268 0.71154 0.71154 0.71154 0.71154 0.72268 0.72268 0.72268 0.72119 0.71004 0.72119 0.72119 0.72119 0.72110 0.72110 0.72119 0.72110 0.72110 0.72190 0.72190 0.72190 0.72190 0.72174 0.72190 0.72191 0.72349 0.76091 0.72417 0.72456 0.72400 0.72453 0.72511 0.72573 0.72639 0.72725 0.72828 0.72953 0.72980 0.72984 0.72849 0.72849 0.73054 0.73300
0.76669 0.76669 0.76669 0.76669 0.76594 0.76669 0.76594 0.76594 0.76669 0.75350 0.76972 0.76972 0.72349 0.72341 0.72341 0.72341 0.68838 0.71066 0.70855 0.83292 0.83292 0.83116 0.72271 0.72271 0.72260 0.71156 0.71167 0.71167 0.71156 0.71167 0.71167 0.71167 0.71015 0.71015 0.71006 0.72121 0.72121 0.72121 0.72121 0.72121 0.72121 0.72121 0.72189 0.72192 0.72192 0.72192 0.72192 0.72192 0.72189 0.72197 0.75990 0.70729 0.72439 0.72381 0.72433 0.72488 0.72549 0.72617 0.72698 0.72798 0.72919 0.72987 0.72901 0.70901 0.72851 0.72851 0.73171
0.75353 0.75353 0.76672 0.75353 0.75353 0.76672 0.76672 0.76672 0.76672 0.76672 0.76974 0.76974 0.76974 0.72344 0.72344 0.68840 0.68840 0.71077 0.71178 0.83180 0.83180 0.72288 0.72289 0.72289 0.73747 0.71170 0.71179 0.71179 0.71170 0.71179 0.71170 0.71018 0.71018 0.71018 0.71009 0.72124 0.72124 0.72124 0.72124 0.72115 0.72115 0.72115 0.72195 0.72195 0.72195 0.72195 0.72195 0.72192 0.72192 0.72192 0.72216 0.68896 0.72215 0.72372 0.72423 0.72479 0.72538 0.72730 0.72829 0.72906 0.72954 0.72988 0.71197 0.72854 0.72854 0.72854 0.71032
0.75355 0.75355 0.76675 0.75355 0.76600 0.76600 0.76675 0.76675 0.76675 0.76675 0.76977 0.76977 0.75620 0.72346 0.72346 0.68842 0.68850 0.71201 0.71120 0.83184 0.83184 0.72290 0.72292 0.72292 0.71172 0.71172 0.71181 0.71181 0.71181 0.71181 0.71181 0.71359 0.71350 0.71350 0.71359 0.72432 0.72432 0.72432 0.72423 0.72432 0.72432 0.72432 0.72197 0.72197 0.72197 0.72197 0.72197 0.72197 0.72194 0.72194 0.72214 0.68893 0.70776 0.72369 0.72419 0.72475 0.72534 0.72710 0.72817 0.72901 0.72953 0.71199 0.72977 0.72857 0.72857 0.72857 0.71011
0.76987 0.76677 0.76677 0.76677 0.76677 0.76677 0.76677 0.76677 0.76677 0.76677 0.76855 0.76066 0.75795 0.75638 0.72349 0.68844 0.71115 0.71223 0.71133 0.83187 0.83187 0.83144 0.72294 0.72294 0.71111 0.71184 0.71184 0.72294 0.72286 0.71184 0.71184 0.71362 0.71362 0.71362 0.72003 0.72148 0.72376 0.72426 0.72426 0.72434 0.72358 0.72434 0.71818 0.71818 0.71818 0.71818 0.71818 0.71818 0.71809 0.68006 0.71809 0.71901 0.72061 0.72114 0.72470 0.72529 0.72529 0.72683 0.72801 0.72993 0.72993 0.71201 0.72980 0.72859 0.72859 0.72859 0.70908
0.76990 0.76680 0.76680 0.76606 0.76680 0.76680 0.76680 0.76680 0.76680 0.76680 0.76840 0.75798 0.75798 0.72351 0.72351 0.72351 0.71123 0.71237 0.71142 0.83190 0.83190 0.83148 0.72239 0.72288 0.71113 0.71186 0.71186 0.72297 0.72288 0.72297 0.72297 0.72437 0.72437 0.72437 0.72175 0.72231 0.72330 0.72361 0.72437 0.72437 0.72437 0.72428 0.71821 0.74217 0.71821 0.71821 0.71821 0.71821 0.71821 0.71811 0.71811 0.71887 0.72056 0.72109 0.72166 0.72228 0.72360 0.72495 0.72716 0.72716 0.70907 0.72660 0.72660 0.72824 0.72824 0.72862 0.70910
0.76856 0.76683 0.76683 0.76683 0.76683 0.76683 0.76609 0.75363 0.75363 0.76683 0.75801 0.75801 0.75801 0.72354 0.72354 0.72354 0.71108 0.71236 0.71143 0.83194 0.83194 0.72221 0.72241 0.72241 0.71179 0.71188 0.71188 0.72299 0.72299 0.72299 0.72299 0.72439 0.72439 0.72439 0.72438 0.70612 0.70636 0.72439 0.72439 0.72439 0.72363 0.72431 0.71823 0.71823 0.71823 0.71823 0.71823 0.71823 0.71823 0.71815 0.71823 0.71822 0.71870 0.71919 0.72038 0.72176 0.72330 0.72476 0.70909 0.70909 0.72662 0.72662 0.72662 0.72826 0.72826 0.72826 0.72826
0.76859 0.76686 0.76686 0.76686 0.76686 0.76686 0.76686 0.75365 0.75365 0.76686 0.78441 0.75804 0.75804 0.72356 0.72356 0.72356 0.71075 0.71225 0.71138 0.83197 0.83155 0.72270 0.72244 0.72293 0.71182 0.71182 0.71191 0.72302 0.72302 0.72293 0.72302 0.72442 0.72442 0.72442 0.72331 0.70634 0.70639 0.70639 0.72442 0.72442 0.72442 0.72442 0.71826 0.71826 0.71826 0.71826 0.71826 0.71826 0.71826 0.71826 0.71826 0.71807 0.71773 0.71902 0.72001 0.72143 0.72306 0.72462 0.72627 0.72665 0.72665 0.72665 0.72665 0.72829 0.72829 0.72829 0.72829
0.76862 0.76862 0.76862 0.76862 0.67035 0.76689 0.75368 0.76689 0.75368 0.76689 0.75806 0.75806 0.75806 0.72359 0.72359 0.72359 0.72359 0.71206 0.71129 0.71074 0.83158 0.70246 0.72295 0.72304 0.71121 0.71184 0.72304 0.72304 0.72304 0.71193 0.71193 0.71371 0.72022 0.72443 0.72368 0.70572 0.72426 0.70641 0.70641 0.68861 0.72436 0.71820 0.71828 0.71828 0.71828 0.71828 0.71828 0.71828 0.71828 0.71820 0.71820 0.71770 0.70438 0.70485 0.70536 0.70611 0.70699 0.70778 0.70913 0.70913 0.70913 0.72667 0.72831 0.72831 0.72831 0.72831 0.72831
0.76865 0.67037 0.67037 0.76865 0.76865 0.76865 0.76692 0.76617 0.76692 0.76617 0.75809 0.75733 0.72369 0.72361 0.72361 0.72361 0.72361 0.71183 0.71120 0.83204 0.83161 0.72305 0.72298 0.71196 0.71196 0.71196 0.72298 0.72307 0.72307 0.71187 0.71187 0.71365 0.71374 0.72447 0.72447 0.72447 0.72445 0.72353 0.72388 0.70644 0.70644 0.68015 0.71831 0.71829 0.71829 0.70070 0.70070 0.71831 0.71831 0.71756 0.71772 0.71772 0.71735 0.70482 0.70532 0.70607 0.70696 0.70776 0.70915 0.70915 0.70915 0.72670 0.72834 0.72834 0.72834 0.72834 0.72834
0.75373 0.75373 0.71447 0.76867 0.76867 0.76867 0.76867 0.75373 0.76695 0.75455 0.75812 0.75812 0.72372 0.72364 0.72364 0.72364 0.71081 0.71161 0.72417 0.83207 0.83165 0.70250 0.72300 0.72309 0.72309 0.71198 0.72309 0.72309 0.72309 0.71198 0.71198 0.71367 0.71376 0.72449 0.72449 0.72449 0.72449 0.72372 0.72391 0.70646 0.70646 0.71775 0.70073 0.70073 0.70073 0.71815 0.71815 0.71832 0.71833 0.71758 0.71825 0.71775 0.70442 0.70485 0.70533 0.70607 0.70694 0.70774 0.70840 0.70918 0.70918 0.72672 0.72837 0.72837 0.72837 0.72836 0.72836
0.76847 0.75542 0.75542 0.76846 0.71608 0.75687 0.77047 0.76846 0.76846 0.75611 0.75956 0.72579 0.72374 0.72366 0.72366 0.72366 0.71084 0.71141 0.72401 0.83211 0.83168 0.72254 0.72304 0.72312 0.72239 0.71201 0.72312 0.72303 0.72312 0.71200 0.71200 0.71370 0.71379 0.72452 0.72452 0.72452 0.72452 0.72452 0.70648 0.70648 0.72393 0.71760 0.71777 0.70075 0.70075 0.71817 0.71836 0.71836 0.71835 0.71827 0.71827 0.71773 0.71742 0.70491 0.70539 0.70610 0.70693 0.70771 0.70834 0.70876 0.70920 0.72675 0.72839 0.72839 0.72839 0.72839 0.72839
0.76849 0.75544 0.76849 0.76849 0.75690 0.75690 0.75690 0.77050 0.75690 0.75614 0.75959 0.72581 0.72581 0.72573 0.72573 0.72573 0.70897 0.70938 0.72550 0.83189 0.83162 0.72519 0.72485 0.72560 0.72314 0.71203 0.71203 0.72314 0.72314 0.71203 0.71203 0.71381 0.71381 0.72454 0.72454 0.72454 0.72454 0.72454 0.72396 0.72387 0.72394 0.71780 0.71780 0.71780 0.71838 0.71837 0.71837 0.71838 0.71838 0.71780 0.71780 0.71803 0.70474 0.70502 0.70547 0.70614 0.70691 0.70763 0.70824 0.70866 0.72628 0.72678 0.72842 0.72776 0.72776 0.72842 0.72845
0.76852 0.76776 0.75547 0.75617 0.75617 0.75693 0.75299 0.72332 0.75693 0.75962 0.72507 0.72584 0.72575 0.72575 0.72575 0.72575 0.72523 0.72574 0.72541 0.83193 0.83165 0.72486 0.72502 0.72488 0.72562 0.72554 0.72554 0.72554 0.72562 0.72554 0.71477 0.71242 0.72323 0.72323 0.72323 0.72323 0.72448 0.72457 0.72399 0.70649 0.70651 0.70079 0.70079 0.70079 0.71782 0.71839 0.71831 0.71841 0.71840 0.68023 0.71782 0.71835 0.70486 0.70515 0.70559 0.70620 0.70690 0.70756 0.70812 0.72540 0.72613 0.72690 0.72952 0.73086 0.73254 0.73447 0.73660
0.76855 0.76779 0.67606 0.75696 0.71772 0.75583 0.72335 0.72336 0.72336 0.72586 0.72586 0.72586 0.72578 0.72578 0.72578 0.72578 0.72526 0.72556 0.72535 0.83196 0.83169 0.72500 0.72498 0.72556 0.72565 0.72565 0.72565 0.72565 0.72565 0.72556 0.71245 0.72325 0.72325 0.72325 0.72325 0.72325 0.72325 0.72325 0.70653 0.70650 0.70652 0.70478 0.70478 0.70478 0.70478 0.71787 0.71848 0.71843 0.71843 0.71835 0.71785 0.71818 0.70596 0.70621 0.70647 0.70675 0.70706 0.70740 0.72388 0.72486 0.72603 0.72740 0.73056 0.73231 0.73421 0.73622 0.71776
0.76147 0.67608 0.67608 0.67608 0.67608 0.67608 0.67608 0.72338 0.72263 0.72580 0.72580 0.72589 0.72580 0.72580 0.72580 0.72580 0.72580 0.72545 0.83199 0.83199 0.72553 0.72506 0.72506 0.72559 0.72559 0.72567 0.72567 0.72567 0.72559 0.72559 0.72328 0.72328 0.72328 0.72328 0.72328 0.72328 0.72328 0.72328 0.72267 0.72319 0.70655 0.70480 0.70480 0.70480 0.71842 0.71850 0.71773 0.71842 0.71850 0.71842 0.71790 0.71769 0.71934 0.70817 0.70842 0.70867 0.70895 0.72241 0.72321 0.72487 0.72602 0.72739 0.73056 0.73233 0.73427 0.73632 0.71784
0.76013 0.77061 0.67609 0.67609 0.67609 0.77061 0.76786 0.72340 0.72340 0.72583 0.72583 0.72515 0.72583 0.72583 0.72591 0.72583 0.72583 0.72531 0.83203 0.83203 0.72501 0.72496 0.72487 0.72509 0.72561 0.72570 0.72570 0.72495 0.72561 0.72570 0.72330 0.72330 0.72330 0.72330 0.72322 0.72322 0.72330 0.72258 0.72258 0.72258 0.72258 0.71853 0.71853 0.71853 0.71853 0.71853 0.71853 0.71776 0.71844 0.68573 0.71792 0.71801 0.71992 0.72038 0.72086 0.72113 0.72243 0.72251 0.72326 0.72419 0.72532 0.72667 0.72902 0.73083 0.73283 0.73494 0.71835
0.76864 0.76864 0.67611 0.76152 0.75690 0.75557 0.75557 0.75557 0.72343 0.72594 0.72594 0.72594 0.72585 0.72585 0.72585 0.72585 0.72585 0.68710 0.72549 0.83206 0.70594 0.70592 0.70590 0.70598 0.70598 0.72572 0.72572 0.72564 0.72572 0.72572 0.72333 0.72333 0.72333 0.72333 0.72333 0.72333 0.72333 0.72333 0.72333 0.72333 0.72333 0.71778 0.71855 0.71855 0.75787 0.71855 0.71855 0.71855 0.71847 0.70484 0.70485 0.71845 0.72014 0.72061 0.72107 0.72209 0.72259 0.72262 0.72334 0.72422 0.72532 0.72665 0.72897 0.73078 0.73278 0.73491 0.71836
0.76867 0.76867 0.75559 0.76867 0.76867 0.76867 0.75559 0.75559 0.72346 0.72596 0.72596 0.72596 0.72588 0.72588 0.72588 0.72588 0.72588 0.68712 0.72578 0.83210 0.83182 0.70592 0.70600 0.70600 0.70600 0.72575 0.72575 0.72575 0.72575 0.72575 0.72335 0.72335 0.72335 0.72335 0.72335 0.72335 0.72335 0.72335 0.72335 0.72335 0.72335 0.71849 0.71763 0.71858 0.71858 0.71858 0.71858 0.71858 0.71849 0.71849 0.70494 0.71906 0.72038 0.72085 0.72130 0.72175 0.72222 0.72277 0.72344 0.72428 0.72533 0.72661 0.72889 0.73066 0.73264 0.73475 0.71838
0.76869 0.76869 0.76869 0.76869 0.76869 0.76869 0.76869 0.75562 0.76869 0.72599 0.72599 0.72599 0.72590 0.72590 0.72590 0.72590 0.72590 0.70911 0.72569 0.83186 0.83186 0.70589 0.72455 0.70602 0.70602 0.70602 0.72577 0.72569 0.72577 0.72577 0.72329 0.72338 0.72338 0.72338 0.72338 0.72338 0.72338 0.72338 0.72338 0.72338 0.72338 0.71852 0.71800 0.71859 0.71860 0.71860 0.71860 0.71860 0.71852 0.71800 0.71851 0.71986 0.72065 0.72112 0.72156 0.72199 0.72244 0.72294 0.72356 0.72435 0.72533 0.72655 0.72876 0.73047 0.73238 0.73444 0.71840
0.76872 0.76872 0.76872 0.76872 0.76872 0.76872 0.76872 0.75564 0.72350 0.72601 0.72601 0.72601 0.72593 0.72593 0.72593 0.72593 0.72593 0.70912 0.72566 0.83189 0.83189 0.72443 0.72438 0.70580 0.70583 0.72520 0.72580 0.72580 0.72580 0.72571 0.72340 0.72340 0.72340 0.72332 0.72332 0.72332 0.72340 0.72332 0.72340 0.72340 0.71854 0.71802 0.71802 0.71785 0.71861 0.71863 0.71863 0.71786 0.71802 0.71802 0.71943 0.72078 0.72093 0.72140 0.72184 0.72225 0.72267 0.72313 0.72371 0.72443 0.72533 0.72723 0.72858 0.73017 0.73198 0.73394 0.71841
