test/test_data/tcaap/monthly_mean_over_all_May__actual_et__2015-01-01_to_2019-12-31__180_by_260__inches.asc
NCOLS        180
NROWS        260
XLLCORNER     476375.000
YLLCORNER    4970875.000
CELLSIZE        100.000
NODATA_VALUE -9999.
[rows 128 to 159 of 260, columns 0 to 70 of 180]
3.6744 3.6372 3.6372 3.6372 3.6372 3.6372 3.6372 3.6372 3.6372 3.6372 3.5877 3.4991 3.4848 3.4313 3.1494 2.7036 2.8810 2.8900 2.8825 5.0145 5.0145 5.0130 3.1446 3.1446 3.0268 3.0976 3.0976 3.1446 3.1066 3.0685 3.0685 3.0832 3.0832 3.0832 3.0705 3.0208 3.0354 3.1151 3.1151 3.1580 3.1102 3.1542 3.1805 3.1805 3.1805 3.1805 3.1805 3.1805 3.1303 2.6604 3.1303 3.1366 3.1927 3.1964 3.2091 3.2134 3.2134 3.2245 3.2333 3.2478 3.2478 2.8905 3.1388 3.1545 3.1545 3.1545 2.8831 2.9019 3.3702 3.4041 3.4405
3.6744 3.6372 3.6372 3.5537 3.6372 3.6372 3.6372 3.6372 3.6372 3.6372 3.6191 3.4806 3.4848 3.1494 3.1494 3.1494 2.8815 2.8910 2.8830 5.0145 5.0145 5.0130 3.0321 3.1066 3.0268 3.0685 3.0669 3.1446 3.1066 3.1446 3.1446 3.1580 3.1580 3.1580 3.1138 3.0259 3.0322 3.1102 3.1580 3.1580 3.1580 3.1151 3.1805 3.4891 3.1805 3.1805 3.1805 3.1805 3.1805 3.1303 3.1303 3.1557 3.1922 3.1958 3.1999 3.2043 3.2139 3.2238 3.2404 3.2404 2.8997 3.1271 3.1271 3.1527 3.1527 3.1545 2.8831 2.8831 3.3414 3.4246 3.4570
3.6281 3.6372 3.6372 3.6372 3.6372 3.6372 3.5537 3.4715 3.4715 3.6372 3.5191 3.5191 3.4848 3.1494 3.1494 3.1494 2.8801 2.8907 2.8829 5.0145 5.0145 3.0308 3.0321 3.0321 3.0323 3.0685 3.0669 3.1417 3.1417 3.1446 3.1446 3.1580 3.1580 3.1580 3.1324 2.8319 2.8337 3.1580 3.1580 3.1580 3.1102 3.1151 3.1805 3.1763 3.1805 3.1805 3.1805 3.1805 3.1805 3.1322 3.1730 3.1511 3.1791 3.1471 3.1907 3.2005 3.2115 3.2222 2.8997 2.8997 3.1271 3.1271 3.1271 3.1527 3.1527 3.1527 3.1527 3.1527 3.3098 3.4093 3.4393
3.6281 3.6118 3.6372 3.6372 3.6372 3.6372 3.6372 3.4715 3.4715 3.6372 3.8713 3.5191 3.4848 3.1494 3.1494 3.1494 2.8774 2.8895 2.8824 5.0145 5.0131 3.1232 3.0321 3.1066 3.0323 3.0323 3.0669 3.1446 3.1417 3.1066 3.1446 3.1580 3.1580 3.1512 3.0320 2.8333 2.8337 2.8338 3.1580 3.1580 3.1580 3.1542 3.1763 3.1805 3.1805 3.1805 3.1805 3.1805 3.1805 3.1805 3.1763 3.1158 3.1368 3.1811 3.1879 3.1979 3.2096 3.2210 3.1459 3.1271 3.1271 3.1271 3.1271 3.1527 3.1527 3.1527 3.1527 3.1527 3.3098 3.3958 3.4239
3.6281 3.6281 3.6281 3.6281 3.0657 3.6372 3.4715 3.6372 3.4715 3.6372 3.4848 3.4848 3.4848 3.1494 3.1494 3.1494 3.1494 2.8877 2.8815 2.8771 5.0131 2.8377 3.1050 3.1446 3.0268 3.0323 3.1446 3.1446 3.1446 3.0669 3.0686 3.0832 3.1282 3.1357 3.1303 2.8286 3.0999 2.8338 2.8338 2.6512 3.1151 3.1322 3.1805 3.1805 3.1805 3.1805 3.1805 3.1805 3.1805 3.1322 3.1322 3.0493 2.8632 2.8663 2.8698 2.8752 2.8817 2.8882 2.8997 2.8997 2.8997 3.1271 3.1527 3.1527 3.1527 3.1527 3.1527 3.1527 3.3207 3.3819 3.4090
3.6281 3.0657 3.0657 3.6281 3.6281 3.6281 3.6372 3.5537 3.6372 3.5537 3.4848 3.4320 3.1872 3.1494 3.1494 3.1494 3.1494 2.8856 2.8805 5.0145 5.0131 3.1224 3.1050 3.0686 3.0686 3.0686 3.1066 3.1446 3.1446 3.0323 3.0323 3.0419 3.0832 3.1580 3.1580 3.1580 3.1324 3.0556 3.0354 2.8337 2.8337 2.6603 3.1805 3.1511 3.1511 2.8453 2.8453 3.1730 3.1805 3.1331 3.0493 3.0493 3.0662 2.8659 2.8694 2.8748 2.8813 2.8879 2.8997 2.8997 2.8997 3.1271 3.1527 3.1527 3.1527 3.1527 3.1527 3.1527 3.1527 2.9054 2.9266
3.4715 3.4715 3.2196 3.6281 3.6281 3.6281 3.6281 3.4715 3.6372 3.4531 3.4848 3.4848 3.1843 3.1494 3.1494 3.1494 2.8773 2.8837 3.1399 5.0146 5.0131 2.8377 3.1050 3.1446 3.1446 3.0686 3.1446 3.1446 3.1417 3.0686 3.0686 3.0420 3.0832 3.1580 3.1580 3.1580 3.1580 3.0915 3.0354 2.8337 2.8337 3.0493 2.8452 2.8452 2.8452 3.1158 3.1158 3.1548 3.1763 3.1331 3.1322 3.0493 2.8631 2.8659 2.8693 2.8746 2.8810 2.8875 2.8930 2.8997 2.8997 3.1271 3.1527 3.1527 3.1527 3.1527 3.1527 3.1527 2.8966 2.8966 2.9166
3.6145 3.4414 3.4414 3.5879 3.1958 3.4593 3.6042 3.6145 3.6145 3.4264 3.4992 3.2041 3.1872 3.1494 3.1494 3.1494 2.8773 2.8819 3.1387 5.0146 5.0131 3.0321 3.1066 3.1446 3.1011 3.0686 3.1446 3.1066 3.1446 3.0686 3.0686 3.0420 3.0832 3.1580 3.1580 3.1580 3.1542 3.1580 2.8337 2.8337 3.0354 3.1114 3.0493 2.8452 2.8452 3.1158 3.2073 3.2073 3.1730 3.1322 3.1322 3.1123 3.0820 2.8662 2.8696 2.8747 2.8808 2.8870 2.8923 2.8959 2.8997 3.1271 3.1527 3.1527 3.1527 3.1527 3.1527 2.8966 2.8966 2.8992 2.9170
3.6145 3.4414 3.6145 3.6145 3.4912 3.4912 3.4843 3.6042 3.4912 3.4264 3.4992 3.2041 3.2041 3.1668 3.1668 3.1668 2.8966 2.8996 3.0951 5.0112 5.0085 3.1604 3.1376 3.1831 3.1446 3.0686 3.0686 3.1446 3.1446 3.0686 3.0686 3.0832 3.0832 3.1580 3.1580 3.1580 3.1542 3.1580 3.0354 3.0348 3.0352 3.0493 3.0493 3.0493 3.2073 3.1810 3.1810 3.2073 3.2073 3.0493 3.0493 3.0507 2.8649 2.8668 2.8700 2.8748 2.8805 2.8862 2.8913 2.8949 3.1237 3.1271 3.1527 3.2121 3.2121 3.1527 3.1529 2.8972 2.8980 2.9020 2.9238
3.6145 3.5303 3.4414 3.4264 3.4264 3.4912 3.2973 3.1563 3.4912 3.4992 3.1542 3.2041 3.1668 3.1668 3.1668 3.1668 3.0932 3.0965 3.0943 5.0112 5.0085 3.0676 3.0687 3.1376 3.1831 3.1436 3.1436 3.1436 3.1831 3.1436 3.1069 3.0909 3.1669 3.1669 3.1669 3.1669 3.1151 3.1580 3.0354 2.8335 2.8336 2.8452 2.8452 2.8452 3.0493 3.1810 3.1303 3.1805 3.1805 2.6603 3.0493 3.0525 2.8656 2.8676 2.8707 2.8751 2.8802 2.8855 2.8901 3.1175 3.1225 3.1278 3.1605 3.1704 3.1830 3.1967 3.2115 2.9517 2.9666 2.9835 3.0023
3.6145 3.5303 3.0347 3.4912 3.0808 3.3572 3.1563 3.1955 3.1955 3.2041 3.2041 3.2041 3.1668 3.1668 3.1668 3.1668 3.0932 3.0951 3.0938 5.0113 5.0085 3.0684 3.0683 3.1436 3.1804 3.1831 3.1804 3.1831 3.1831 3.1436 3.0909 3.1669 3.1669 3.1669 3.1669 3.1649 3.1649 3.1669 2.8306 2.8304 2.8305 2.8444 2.8444 2.8444 2.8444 3.0641 3.1831 3.1805 3.1805 3.1322 3.0493 3.0706 2.8732 2.8749 2.8768 2.8789 2.8812 2.8839 3.1071 3.1137 3.1216 3.1312 3.1679 3.1811 3.1948 3.2087 2.9480 2.9606 3.2989 3.3232 3.3466
3.5178 3.0347 3.0347 3.0347 3.0347 3.0347 3.0347 3.1579 3.1346 3.1668 3.1668 3.2014 3.1668 3.1668 3.1668 3.1668 3.1668 3.0943 5.0113 5.0113 3.1623 3.0686 3.0686 3.1436 3.1436 3.1831 3.1804 3.1804 3.1436 3.1436 3.1669 3.1669 3.1669 3.1669 3.1669 3.1964 3.1964 3.1669 3.0453 3.1241 2.8306 2.8444 2.8444 2.8444 3.1430 3.1864 3.1303 3.1430 3.1887 3.1430 3.0641 3.0680 3.0980 2.8700 2.8719 2.8738 2.8760 3.0981 3.1034 3.1136 3.1214 3.1309 3.1678 3.1811 3.1950 3.2092 2.9487 2.9615 3.0081 3.0290 3.3724
3.4828 3.6042 3.0347 3.0347 3.0347 3.6042 3.5651 3.1579 3.1579 3.1668 3.1668 3.1542 3.1668 3.1668 3.2014 3.1668 3.1668 3.0932 5.0113 5.0113 3.0682 3.0678 3.0673 3.0686 3.1436 3.1831 3.1831 3.1376 3.1436 3.1831 3.1669 3.1649 3.1669 3.1649 3.1241 3.1241 3.1669 3.1208 3.1208 3.1208 3.1208 3.1887 3.1864 3.1864 3.1887 3.1887 3.1864 3.1303 3.1430 2.6620 3.0641 3.0698 3.0817 3.0847 3.0878 3.1507 3.2076 3.0986 3.1036 3.1099 3.1176 3.1269 3.1566 3.1700 3.1853 3.2019 2.9578 2.9711 3.0286 3.0494 3.0659
3.6145 3.5879 3.0347 3.5178 3.4775 3.4414 3.4414 3.4414 3.1579 3.2014 3.2014 3.2041 3.1668 3.1668 3.1668 3.1668 3.1668 2.7216 3.1144 5.0113 2.8554 2.8553 2.8551 2.8557 2.8557 3.1804 3.1831 3.1436 3.1831 3.1831 3.1669 3.1669 3.1669 3.1669 3.1649 3.1669 3.1669 3.1669 3.1669 3.1669 3.1669 3.1303 3.1887 3.1864 3.5696 3.1887 3.1887 3.1887 3.1430 2.8444 2.8445 3.0724 3.0830 3.0860 3.0890 3.2050 3.2085 3.0992 3.1039 3.1099 3.1174 3.1266 3.1561 3.1694 3.1847 3.2013 2.9575 2.9709 3.0295 3.0510 3.0678
3.6145 3.6145 3.4414 3.6145 3.6145 3.6145 3.4414 3.4414 3.1955 3.2041 3.2041 3.2041 3.1668 3.1668 3.1668 3.1668 3.1668 2.7216 3.1529 5.0113 5.0085 2.8551 2.8557 2.8557 2.8557 3.1831 3.1831 3.1804 3.1831 3.1831 3.1669 3.1669 3.1669 3.1669 3.1669 3.1669 3.1669 3.1669 3.1669 3.1669 3.1669 3.1430 3.0701 3.1887 3.1887 3.1887 3.1887 3.1887 3.1430 3.1430 2.8449 3.0760 3.0844 3.0874 3.0904 3.0933 3.0964 3.1000 3.1045 3.1101 3.1173 3.1262 3.1553 3.1684 3.1835 3.1999 2.9564 2.9697 3.0208 3.0437 3.0608
3.6145 3.6145 3.6145 3.6145 3.6145 3.6145 3.6145 3.4414 3.6242 3.2041 3.2041 3.2041 3.1668 3.1668 3.1668 3.1668 3.1668 2.8965 3.1521 5.0086 5.0086 2.8547 3.0838 2.8557 2.8557 2.8557 3.1831 3.1436 3.1804 3.1831 3.1241 3.1669 3.1669 3.1669 3.1669 3.1669 3.1669 3.1669 3.1669 3.1669 3.1669 3.1430 3.0641 3.1651 3.1887 3.1887 3.1887 3.1887 3.1430 3.0641 3.0672 3.0809 3.0860 3.0890 3.0919 3.0947 3.0976 3.1010 3.1051 3.1104 3.1171 3.1256 3.1542 3.1668 3.1813 3.1973 2.9542 2.9672 3.0015 3.0252 3.0443
3.6145 3.6145 3.6145 3.6145 3.6145 3.6145 3.6145 3.4414 3.1563 3.2355 3.2355 3.2041 3.1668 3.1668 3.1668 3.1668 3.1668 2.8964 3.1517 5.0086 5.0086 3.0828 3.0824 2.8539 2.8541 3.0687 3.1804 3.1831 3.1804 3.1436 3.1669 3.1669 3.1649 3.1241 3.1241 3.1241 3.1669 3.1241 3.1669 3.1649 3.1430 3.0641 3.0641 3.1088 3.1615 3.1887 3.1887 3.1304 3.0641 3.0641 3.0728 3.0867 3.0876 3.0907 3.0935 3.0962 3.0990 3.1021 3.1059 3.1108 3.1169 3.1429 3.1526 3.1644 3.1780 3.1932 2.9507 2.9632 2.9725 2.9933 3.0146
3.6358 3.6358 3.6358 3.6358 3.6358 3.6358 3.4414 3.4414 3.1563 3.2041 3.2041 3.2041 3.1668 3.1668 3.1668 3.1668 3.1668 2.8963 2.8956 5.0086 5.0086 3.0860 3.0825 3.0799 3.1719 3.1770 3.1771 3.1831 3.1831 3.1436 3.1669 3.1241 3.1241 3.1241 3.1241 3.1649 3.1669 3.1649 3.1669 3.1649 2.6619 2.6619 3.0641 3.0641 3.1412 3.1412 3.1412 3.0311 2.6619 3.0732 3.0827 3.0925 3.0892 3.0923 3.0952 3.0978 3.1005 3.1033 3.1068 3.1112 3.1167 3.1420 3.1507 3.1614 3.1738 3.1879 2.9461 2.9578 2.9389 2.9556 2.9765
3.6358 3.6358 3.6358 3.6358 3.6358 3.6358 3.4542 3.4542 3.6442 3.1901 3.1901 3.1518 3.1518 3.1518 3.1518 3.1518 3.1518 2.8792 2.8953 3.1245 5.0086 5.0086 5.0086 3.7112 3.1674 3.1724 3.1735 3.1753 3.1777 3.1831 3.1649 3.1669 3.1669 3.1669 3.1241 3.1649 3.1669 3.1649 3.1621 3.1014 2.6619 2.6619 2.6619 2.6619 3.0311 3.1413 3.1422 3.0344 3.0402 3.2073 3.0931 3.1055 3.2323 3.2585 3.1107 2.8887 2.8905 2.8917 2.8922 2.8920 3.1192 3.1356 3.1334 3.1310 3.1291 3.1285 3.1301 3.1349 2.9068 2.9191 2.9388
3.6126 3.4541 3.4541 3.4541 3.5499 3.4541 3.4541 3.4541 3.6358 3.1901 3.1901 3.1518 3.1518 3.1518 3.1518 3.1518 3.1518 2.8790 2.8779 3.1191 5.0002 5.0002 5.0002 2.8580 3.1000 3.1002 3.1466 3.2010 3.1564 3.1831 3.1669 3.1669 3.1669 3.1669 3.1669 3.1669 3.1422 3.1082 3.0453 3.0453 3.0641 2.6619 2.6619 2.6619 2.6619 3.1415 2.6634 3.1506 3.0822 3.0897 3.0973 3.1147 3.2585 3.2585 3.2585 2.8940 2.8940 2.8927 2.8930 2.8929 3.1207 3.1365 3.1327 3.1271 3.1205 3.1138 3.1078 3.0453 3.0329 2.8903 2.9082
3.6126 3.4541 3.4541 3.4541 3.4541 3.4541 3.4541 3.4541 3.4541 3.4642 3.5702 3.1518 3.1518 3.1518 3.0796 3.0796 3.0796 2.8789 3.0762 3.1528 3.1547 5.0002 5.0002 5.0002 3.0441 3.0901 3.1808 3.1872 3.1949 3.1682 3.2108 3.2108 3.2087 3.2108 3.2108 3.1517 2.8568 2.8572 2.8570 3.0907 3.0843 3.1430 3.1430 3.0641 3.0641 2.8459 2.8481 3.0767 3.0842 3.1048 3.2404 3.2318 3.2585 3.2673 3.2156 3.2136 2.8939 2.8939 2.8939 2.8939 3.1235 3.2769 3.2769 3.1417 3.1417 3.1417 3.1533 3.1197 3.0389 2.8736 2.8893
3.6358 3.4541 3.6126 3.6126 3.6126 3.6126 3.2362 3.4541 3.4641 3.4641 3.5702 3.1518 3.1518 3.0796 3.0796 3.0942 3.0834 3.0784 3.0756 3.1514 3.1960 3.1931 5.0002 5.0002 5.0002 5.0002 5.0002 3.1329 5.0002 3.1513 3.1494 3.2108 3.2064 3.2075 3.1360 2.8576 2.8573 2.8585 3.0981 3.2064 3.0843 3.2047 3.2070 3.1636 3.0843 3.0873 3.0913 3.0976 3.1054 3.1282 3.2715 3.3022 3.3022 3.2673 3.2673 3.2673 3.2673 3.2585 2.8939 2.8939 2.6939 3.2862 3.2862 3.2862 3.2862 3.2862 3.1435 3.0389 3.0389 2.6240 2.8183
3.6126 3.5499 3.6126 3.6126 3.5499 3.4690 3.5323 3.0455 3.4641 2.9910 3.1518 3.0796 3.1229 3.0853 3.1711 3.1875 3.0835 3.1694 3.1657 3.1500 3.1490 3.1465 3.1429 3.1409 5.0002 5.0002 3.0837 3.0647 3.1035 5.0007 3.1185 3.1702 3.2069 3.1406 3.1461 3.1027 3.2007 2.8589 2.8574 3.2108 3.2047 3.2070 3.2070 3.2070 2.8521 2.8537 2.8559 3.0972 3.1048 3.1232 3.2940 3.3022 3.3022 3.3022 3.3022 3.3022 3.3022 3.2520 3.3022 3.3022 3.2520 3.3194 3.3194 3.3194 3.3194 3.2862 3.2862 3.1672 3.0757 2.8183 2.6240
3.6358 3.4541 3.4541 3.6358 3.6230 3.5323 3.4690 3.5323 2.9910 2.7016 3.0796 3.1813 3.1148 3.2429 3.2090 3.1872 3.0834 3.1691 3.1650 3.1133 3.1136 3.1116 3.1403 3.1388 3.0785 5.0003 5.0003 3.1035 3.1017 3.0946 5.0007 3.1721 3.2188 3.1082 3.1149 3.1153 3.1110 3.1983 3.1517 3.2087 3.2047 3.2047 3.2070 3.2070 3.2047 2.8521 2.8554 3.0956 3.1024 3.1110 3.1661 3.2500 3.3022 3.3022 3.3022 3.3022 3.2363 3.2520 3.3022 3.2976 3.3022 3.2492 3.3194 3.3194 3.3194 3.3194 3.3194 3.3086 3.1657 2.8459 2.8331
3.6358 3.6126 3.6126 3.0455 3.6230 3.5323 3.5323 3.5323 2.9630 3.3793 3.3168 3.2227 3.1149 3.1398 3.2060 3.0934 3.2043 3.0944 3.1404 3.1174 3.1100 3.1085 3.1057 3.1369 3.1063 5.0003 2.8246 3.1017 3.1017 3.0946 5.0007 3.1517 3.1723 3.1243 3.2355 3.2349 3.1249 3.1892 3.2108 3.2108 3.2047 3.2070 3.2070 3.2070 3.2070 3.2070 3.2070 2.8536 3.1897 2.6681 3.1507 3.2074 3.3022 3.2976 3.2520 3.2520 3.3022 3.3022 3.3022 3.3022 3.3022 3.3086 3.2492 3.3194 3.3194 3.3194 3.3086 3.2492 2.8747 2.8598 2.8434
3.5499 3.6082 3.6230 3.6230 3.6230 3.5323 3.5323 3.5801 2.9415 3.0273 3.2639 2.9563 3.1630 3.1308 3.1072 3.1847 3.1049 3.0898 3.1357 2.8569 3.1063 3.1054 3.1033 3.1354 3.0175 2.8246 5.0003 5.0003 3.0664 3.0947 3.0947 5.0008 2.8758 2.8878 2.8946 2.8938 3.2460 3.2087 3.1676 3.1676 3.2070 3.2070 3.2070 3.2070 3.2070 3.2047 3.2070 3.1636 3.2047 3.1618 3.1847 3.1242 3.2797 3.1278 3.2363 3.3022 3.3022 3.3022 3.3022 3.3022 3.3022 3.3194 3.3194 3.2492 3.3194 3.3194 3.2469 2.7002 2.8861 2.8782 2.8830
3.4541 3.0455 3.0455 3.5323 3.6230 3.5323 3.4987 3.5142 3.3134 3.0006 2.9659 2.9382 3.1432 3.1187 3.1014 3.0903 3.1932 3.0850 2.8760 2.8547 3.1029 2.8515 3.1012 2.8514 3.0152 3.0121 3.1001 5.0003 5.0003 3.0947 3.0947 5.0008 3.4315 3.2203 3.3218 2.9087 2.9004 3.1865 3.2087 3.1676 3.2070 3.2047 3.2047 3.2070 3.1636 3.2070 3.1636 3.2070 3.2047 3.2047 3.2332 3.2304 3.1827 3.1557 3.2352 3.2976 3.3022 3.3022 3.3022 3.3022 3.3022 3.3194 3.3194 3.3194 3.2492 3.3194 3.3030 2.8964 2.8926 2.8850 2.8881
3.6358 3.0455 3.0455 3.0455 3.5323 3.5850 3.5222 3.4542 3.2924 3.0118 3.0627 3.1439 3.1201 3.1043 3.1871 3.0876 3.0944 3.1715 2.8570 2.8527 3.0997 2.8502 2.8501 3.1018 3.1019 3.0114 3.0116 5.0003 5.0003 5.0008 3.0947 3.1166 5.0008 3.4810 3.2911 3.2709 3.1865 2.8769 2.8595 3.1857 3.2047 3.2047 3.2047 3.2047 3.2070 3.2070 3.2047 3.2047 3.2070 3.2070 3.2332 3.2332 3.2221 2.8884 3.2543 3.1658 3.2976 3.3022 3.3022 3.3022 3.3022 3.3194 3.3194 3.3194 3.3194 3.3086 3.2724 2.8962 2.8953 2.8905 2.8921
3.5908 3.5315 3.4674 3.4674 3.0130 3.3992 3.2972 3.1799 3.0232 3.0232 3.0232 3.1117 3.1831 3.1544 3.1286 3.1531 3.0891 3.0752 2.8546 3.1011 2.8489 2.8493 2.8497 2.8514 3.0123 3.0115 2.8333 2.8352 5.0003 5.0008 5.0008 5.0008 5.0008 5.0008 5.0008 2.7136 3.1166 3.2173 2.8224 3.0838 3.1727 2.6681 3.2047 3.2047 3.2070 3.1636 3.2047 3.2070 3.2070 3.2070 3.1847 3.2332 3.2332 3.2084 3.1333 3.1438 3.2604 3.2638 3.2688 3.2708 3.2724 3.2469 2.7001 2.7001 2.7001 2.7001 3.2492 2.8964 2.8962 2.8938 2.8943
3.5460 3.6014 3.6014 3.4674 3.4525 3.2872 3.0972 3.1139 3.1222 3.0232 3.0232 3.0961 3.1916 3.1620 3.1358 3.1139 3.0964 2.8946 2.9198 2.9167 2.9155 3.1604 3.1626 2.8522 3.1106 2.8598 3.1280 2.8694 3.0298 5.0008 5.0008 5.0008 5.0008 2.9619 5.0008 2.8842 2.8842 3.2569 3.1334 3.0906 3.1121 3.1172 3.1211 3.1076 3.1637 3.1637 3.1637 3.2070 3.2047 3.2070 3.1847 3.2332 3.2304 3.2304 3.1027 3.1332 3.1394 2.8945 2.8977 2.9004 2.8964 2.7001 2.7001 2.7001 2.7001 2.8964 3.2492 3.2492 2.8964 2.8952 2.8948
3.1848 3.6014 3.5315 3.5315 3.4209 3.1692 3.0388 3.0556 3.0752 3.0232 3.0760 3.1898 3.1589 3.1316 3.2010 3.0917 3.0781 2.8875 2.9155 2.9150 2.9162 2.9177 2.9208 2.9248 2.9296 3.1973 3.2073 3.1971 3.2194 3.0970 4.9982 4.9982 4.9982 4.9982 2.9120 2.8842 2.8842 4.2618 3.0947 3.1296 3.0906 3.0906 2.8179 3.1574 3.1637 3.2047 3.2070 3.2070 3.2047 3.1637 3.2304 3.2304 3.2304 3.1847 3.1027 3.1263 2.8883 2.8904 2.8925 2.8943 2.8898 2.7001 2.7001 2.7001 2.8964 2.8964 2.8964 3.2492 3.2492 2.8953 2.8940
3.4548 3.0129 3.5315 3.5219 3.3845 3.2133 3.1418 3.0085 3.1080 3.0232 3.0671 3.1895 3.1568 3.1283 3.1966 3.0874 3.0743 2.8860 2.9147 2.9149 2.9169 2.9188 3.1737 2.9275 2.9329 2.9386 2.9443 3.1112 3.2376 3.1460 3.1850 4.9982 4.9982 4.9982 4.9982 2.9120 2.9120 4.9982 4.0522 3.1009 3.1009 3.0493 2.6376 3.1408 3.1909 3.1993 3.2204 3.2047 3.2047 3.2047 3.2304 3.2304 3.1847 3.1027 3.1038 2.8801 2.8867 2.8889 2.8910 2.8929 2.8872 2.8899 2.8921 2.8963 3.1516 3.1516 3.1516 3.1516 2.8963 2.8946 3.1450
