test/test_data/tcaap/monthly_variance_over_all_Jun__actual_et__2015-01-01_to_2019-12-31__180_by_260__inches.asc
NCOLS        180
NROWS        260
XLLCORNER     476375.000
YLLCORNER    4970875.000
CELLSIZE        100.000
NODATA_VALUE -9999.
[rows 210 to 239 of 260, columns 0 to 66 of 180]
0.81705 0.90433 0.95581 0.78423 0.92301 0.94675 0.95867 0.95867 0.95867 0.96049 0.95867 0.96049 0.96049 0.96049 0.95507 0.95507 0.95315 0.94060 0.94060 0.91727 0.94060 0.91727 0.91727 0.94060 0.94654 0.94654 0.94487 0.93052 0.92964 0.90866 0.92793 0.92793 0.92793 0.92793 0.92793 0.92962 0.92962 0.94680 0.94680 0.94680 0.94680 0.94680 0.94680 0.94680 0.92962 0.92765 0.92765 0.90813 0.92765 1.0491 1.0491 1.0491 1.0491 1.0491 1.0256 0.89273 0.89394 1.0275 1.0275 1.0500 1.0500 1.0500 1.0500 1.0500 1.0591 0.96149 0.96507
0.81687 0.81687 0.95581 0.97332 0.92301 0.94675 0.96049 0.93623 0.96049 0.96049 0.96049 0.96049 0.95867 0.93624 0.95507 0.95507 0.93134 0.94060 0.94060 0.91727 0.94060 0.91727 0.91727 0.94060 0.94654 0.94654 0.94654 0.94654 0.94487 0.91081 0.92940 0.92940 0.92940 0.92940 0.92940 0.92750 0.92750 0.92750 0.94353 0.94353 0.94680 0.94680 0.94680 0.92962 0.92962 0.92765 0.92765 0.90813 0.92765 1.0491 1.0491 1.0491 1.0491 1.0491 1.0491 0.89273 0.89394 1.0500 1.0275 1.0275 1.0500 1.0500 1.0500 1.0500 1.0500 1.0591 0.96507
0.94629 0.76169 0.76794 0.97332 0.97332 0.92301 0.95867 0.96049 0.96049 0.96049 0.96049 0.93623 0.93623 0.93623 0.95507 0.95507 0.91727 0.91727 0.94060 0.91727 0.94060 0.91727 0.94060 0.91727 0.94654 0.92480 0.94654 0.94654 0.94654 0.94654 0.94654 0.94654 0.94654 0.94654 0.91081 0.92750 0.92750 0.92568 0.92750 0.92750 0.92750 0.90679 0.92750 0.92568 0.92750 0.92680 0.92680 0.92680 0.92680 0.89748 0.89748 1.0472 0.89273 1.0256 1.0491 1.0491 1.0168 0.89394 0.89394 1.0275 1.0500 1.0500 1.0500 1.0500 1.0500 1.0500 0.96507
0.94629 0.95581 0.95581 0.97332 0.97332 0.92301 0.95867 0.96049 0.96049 0.96049 0.96049 0.95867 0.96049 0.96049 0.95507 0.95507 0.93878 0.94060 0.94060 0.91727 0.94060 0.94060 0.94060 0.94060 0.94487 0.94654 0.94654 0.94654 0.94654 0.94654 0.94654 0.94654 0.94654 0.94654 0.92480 0.94353 0.94353 0.94353 0.94353 0.94353 0.94353 0.94353 0.94353 0.87298 0.92750 0.92680 0.92680 0.92680 1.0583 1.0472 1.0472 1.0472 1.0472 1.0472 1.0472 1.0472 0.90083 0.90083 1.0103 1.0530 1.0530 1.0530 1.0530 1.0530 1.0500 1.0500 1.0680
0.95581 0.95581 0.95581 0.97332 0.97332 0.81625 0.93487 0.95867 0.96049 0.96049 0.96049 0.96049 0.96049 0.96049 0.95507 0.95507 0.93134 0.93733 0.88393 0.91727 0.94060 0.94060 0.92693 0.94060 0.94654 0.94654 0.94654 0.93575 0.92215 0.92480 0.94654 0.94654 0.94654 0.94654 0.94654 0.94353 0.94353 0.94353 0.94353 0.94353 0.94353 0.94353 0.94176 0.93861 0.93027 0.94296 0.94296 0.94296 0.94296 1.0558 1.0472 1.0472 1.0472 1.0472 1.0472 1.0472 1.0530 1.0297 0.90082 1.0530 1.0297 1.0530 0.90082 1.0530 1.0530 1.0530 1.0452
0.95581 0.95581 0.95581 0.97332 0.97332 0.94675 1.0271 0.96049 0.96049 0.96049 0.96049 0.96049 0.96049 0.95507 0.95507 0.95507 0.95507 0.94554 0.93733 0.88393 0.94060 0.94060 0.88393 0.92693 0.94654 0.94654 0.94654 0.94487 0.95261 0.94487 0.94487 0.94654 0.94654 0.94654 0.94353 0.94353 0.94353 0.94353 0.94353 0.94353 0.94353 0.94353 0.94176 0.94097 0.94353 0.94296 0.94111 0.94296 0.94296 0.94296 0.91864 0.91864 1.0472 1.0472 1.0472 1.0530 1.0530 0.90082 0.90082 1.0530 1.0530 1.0530 1.0530 1.0530 1.0530 1.0530 1.0452
0.95581 0.95581 0.95581 0.97332 0.97332 0.99618 0.96049 0.96049 0.93623 0.96049 0.96049 0.96049 0.96049 0.95507 0.95507 0.95507 0.95507 0.93134 0.93531 0.91727 0.94060 0.94060 0.92880 0.81553 0.93407 0.94654 0.94654 0.94654 0.94654 0.94654 0.94654 0.94654 0.94654 0.94654 0.94353 0.94176 0.77112 0.90583 0.92018 0.94353 0.94353 0.94353 0.94353 0.94044 0.94353 0.94296 0.94296 0.94296 0.94296 0.94296 0.94296 0.94296 0.89747 0.89747 0.89747 1.0530 1.0530 0.90082 0.90082 0.90082 1.0530 0.90082 1.0530 1.0530 1.0530 1.0530 1.0452
1.2533 0.99201 0.99201 1.0046 0.99618 0.96049 0.96049 0.96049 0.96049 0.96049 0.96049 0.96049 0.96049 0.95507 0.95507 0.95507 0.95507 0.93134 0.89252 0.91727 0.94060 0.94060 0.94060 0.92693 0.93407 0.93407 0.94654 0.94654 0.94654 0.94654 0.94654 0.94654 0.94654 0.94654 0.94353 0.94176 0.82119 0.90824 0.91787 0.94353 0.94353 0.94353 0.94353 0.94044 0.92018 0.94296 0.94296 0.94296 0.94296 0.94296 0.94296 1.0472 1.0472 0.89747 0.89747 1.0530 1.0530 1.0530 0.90082 0.90082 1.0530 1.0530 1.0530 1.0530 1.0530 1.0530 1.0452
1.2370 1.1058 0.97982 0.99618 0.99618 0.94675 0.96049 0.96049 0.93623 0.96049 0.96049 0.96049 0.96049 0.95507 0.95507 0.95507 0.95507 0.94290 0.95542 0.91727 0.94060 0.94060 0.94060 0.75740 0.94365 0.94365 0.93407 0.94654 0.94654 0.94654 0.94654 0.94654 0.94654 0.94654 0.92750 0.92289 0.90488 0.77417 0.77522 0.94353 0.94353 0.94176 0.94353 0.92018 0.92018 0.94296 0.94296 0.94296 0.94296 0.94296 0.94296 1.0558 1.0472 0.89747 0.89747 1.0530 1.0530 1.0530 0.90082 0.90082 1.0530 1.0530 1.0530 0.90082 1.0530 1.0530 1.0452
1.1939 1.1126 1.0678 1.0003 0.96320 0.95561 0.95365 0.95561 0.95561 0.95561 0.96049 0.96049 0.96049 0.95507 0.95507 0.95507 0.95507 0.96149 0.93423 0.91727 0.94060 0.91727 0.91727 0.93878 0.94365 0.94365 0.94365 0.94654 0.94654 0.94654 0.94654 0.94654 0.94654 0.94654 0.92750 0.92146 0.92203 0.77309 0.88148 0.94353 0.94353 0.92110 0.94353 0.92018 0.94353 0.94296 0.94296 0.94296 0.94296 0.94296 0.94296 1.0472 1.0076 1.0472 1.0472 1.0530 1.0530 1.0530 1.0103 0.90082 0.90082 1.0530 1.0297 1.0297 1.0530 1.0530 1.0452
1.4550 0.98384 1.0225 0.95561 0.95561 0.95561 0.95561 0.95561 0.95561 0.95561 0.95561 0.95561 0.95561 0.92512 0.95599 0.95599 0.95599 0.87924 0.92810 0.76810 0.92839 0.82542 0.91727 0.94060 0.94654 0.94365 0.93407 0.94654 0.94654 0.94654 0.94654 0.94654 0.94654 0.94654 0.92750 0.92440 0.92440 0.87722 0.94044 0.94044 0.94353 0.92110 0.94353 0.94353 0.94353 0.94296 0.94296 0.94296 0.94296 0.94296 0.94296 0.94296 0.98857 0.89746 0.89746 0.90081 1.0530 1.0530 1.0530 0.90081 0.90081 1.0530 1.0530 1.0297 1.0530 1.0530 1.0452
1.4550 1.4550 0.91706 0.95561 0.95561 0.95561 0.93168 0.95561 0.95561 0.95561 0.95561 0.95561 0.95561 0.92512 0.95599 0.95599 0.90465 0.92512 0.92386 0.82386 0.92839 0.82525 0.91901 0.93199 0.94198 0.91855 0.92875 0.91855 0.94198 0.94198 0.94198 0.94198 0.94198 0.94198 0.92750 0.92750 0.92440 0.93327 0.93622 0.94353 0.94353 0.94353 0.94353 0.94353 0.94296 0.92680 0.94296 0.94296 0.94296 0.94296 0.94296 0.92914 1.0472 1.0472 1.0472 1.0530 1.0530 1.0530 1.0530 1.0530 0.90081 0.90081 1.0530 1.0530 1.0530 1.0530 1.0452
1.4550 1.4550 0.94143 0.95561 0.95561 0.95561 0.93168 0.95561 0.95561 0.95561 0.95561 0.95561 0.95561 0.92512 0.90366 0.90366 0.90465 0.92512 0.92512 0.82116 0.92419 0.91647 0.93874 0.91948 0.94198 0.94198 0.93908 0.90380 0.94198 0.94198 0.94198 0.94198 0.94198 0.94198 0.94296 0.94296 0.94296 0.92544 0.92692 0.94205 0.94296 0.94296 0.94296 0.93387 0.93408 0.93408 0.93590 0.93590 0.93590 0.93590 0.94287 0.95766 0.99096 1.0558 1.0472 1.0530 1.0530 0.90081 0.90081 1.0530 0.90081 0.90081 1.0297 1.0530 1.0530 1.0452 1.0452
1.4550 1.4550 0.93819 0.95561 0.95561 0.95561 0.95561 0.95561 0.95561 0.95561 0.95561 0.95561 0.95561 0.95599 0.93218 0.94082 0.92214 0.92512 0.92512 0.76216 0.91072 0.91433 0.93697 0.93910 0.94198 0.93910 0.92312 0.93867 0.93910 0.91948 0.94198 0.94198 0.94198 0.94198 0.94296 0.94296 0.94296 0.94296 0.91769 0.91773 0.91667 0.89115 0.90424 0.93315 0.93340 0.93841 0.93584 0.93916 0.94212 0.94607 0.95316 0.95321 0.97536 0.99954 1.0455 1.0466 1.0466 0.89492 0.90081 1.0530 1.0530 0.90081 1.0297 1.0530 1.0530 1.0224 1.0452
1.4550 1.4550 0.94143 0.95561 0.95561 0.95561 0.95561 0.95561 0.95561 0.95561 0.95561 0.95561 0.95561 0.95599 0.95599 0.93218 0.91679 0.92214 0.92512 0.90465 0.91796 0.93067 0.93379 0.93612 0.91855 0.93910 0.88539 0.93685 0.93910 0.91948 0.91948 0.91948 0.91948 0.91948 0.91949 0.94296 0.94296 0.94296 0.91855 0.91760 0.91576 0.91301 0.92787 0.93315 0.93541 0.93576 0.94363 0.94765 1.4533 1.4533 1.4533 1.4533 0.91251 0.91959 0.99081 1.0466 1.0466 1.0466 1.0466 1.0466 1.0466 0.89492 0.89492 1.0466 1.0466 0.89435 1.0497
1.4550 1.4550 0.95561 0.95561 0.95561 0.95561 0.95561 0.95561 0.95561 0.95561 0.95561 0.95561 0.95561 0.95599 0.95599 0.95599 0.91374 0.91374 0.91374 0.90465 0.92214 0.92612 0.92086 0.92178 0.92666 0.92628 0.93508 0.93281 0.92966 0.88894 0.88894 0.88894 0.88894 0.88894 0.88878 0.90812 0.94296 0.94296 0.91855 0.91771 0.91855 0.90424 0.93387 0.93387 0.93388 0.93430 0.94254 0.94596 1.4533 1.4533 1.4533 1.4533 1.4533 0.91959 0.91959 1.0466 0.93284 0.93284 0.94625 0.94625 0.94625 0.93284 0.82916 0.86941 1.0466 1.0497 1.0497
1.4550 1.4550 0.95561 0.95561 0.95561 0.95561 0.95561 0.95561 0.93168 0.95561 0.95561 0.95561 0.95599 0.95599 0.95599 0.95599 0.92343 0.92512 0.91374 0.81598 0.91411 0.81645 0.91935 0.92018 0.92166 0.92103 0.91998 0.91863 0.91569 0.88894 0.88894 0.88894 0.88894 0.88894 0.88878 0.90812 0.94296 0.91949 0.94002 0.94296 0.94296 0.94296 0.93387 0.93387 0.93408 0.93501 0.94336 0.94632 1.4533 1.4533 1.4533 1.4533 1.4533 0.94332 0.94332 0.94625 0.94625 0.94625 0.94625 0.94625 0.92312 0.94625 0.92312 0.92312 1.0609 1.0497 1.0497
1.4550 0.95044 0.95561 0.95561 0.95561 0.95561 0.95365 0.95561 0.93168 0.95561 0.95561 0.95561 0.95599 0.95599 0.95599 0.95599 0.95420 0.92512 0.92512 0.81556 0.91816 0.91789 0.81881 0.91900 0.92004 0.91945 0.91848 0.91711 0.91037 0.80550 0.88894 0.88894 0.88894 0.88878 0.88878 0.90812 0.94296 0.94296 0.94296 0.94296 0.94296 0.94296 0.94930 0.91498 0.93408 0.93340 0.94643 0.94906 1.4533 1.4533 1.4533 1.4533 0.94177 0.94332 0.94625 0.94625 0.94625 0.94625 0.94625 0.94625 0.94625 0.94625 0.92312 0.92312 0.94625 0.95023 0.92725
1.4550 0.93581 0.95561 0.95561 0.95561 0.95561 0.95365 0.95561 0.95561 0.95561 0.95561 0.95561 0.95599 0.95599 0.95599 0.95599 0.93308 0.92512 0.92512 0.81556 0.91794 0.91374 0.92214 0.87553 0.91891 0.91846 0.91559 0.91450 0.81619 0.88898 0.91486 0.88894 0.88894 0.88878 0.90812 0.94296 0.94296 0.94296 0.91949 0.94296 0.94296 0.94296 0.94930 0.90398 0.92824 0.93498 0.95064 0.95274 1.4533 1.4533 1.4533 1.4533 0.93677 0.94332 0.94625 0.94625 0.94625 0.94625 0.94447 0.94625 0.94625 0.94625 0.94625 0.92312 0.92312 0.92826 0.92826
0.93758 0.93758 0.95766 0.95766 0.95561 0.95561 0.95561 0.95561 0.95561 0.95561 0.95561 0.95561 0.93218 0.93218 0.95266 0.95599 0.90465 0.92512 0.92512 0.87195 0.92213 0.92512 0.92512 0.87139 0.91450 0.91450 0.91450 0.92601 0.92316 0.81528 0.88980 0.80550 0.81285 0.85567 0.90812 0.94296 0.94296 0.94296 0.91949 0.94296 0.94296 0.94296 0.94930 0.90931 0.92932 0.93440 0.94191 0.94353 0.94361 1.4533 1.4533 1.4533 0.94346 0.94051 0.94305 0.93284 1.0079 1.0079 0.94625 0.94625 0.94447 0.94447 0.94625 0.94447 0.92312 0.92826 0.92826
0.93758 0.93758 0.95766 0.95766 0.95766 0.95766 0.95766 0.95766 0.95766 0.95766 0.95766 0.95766 0.93977 0.92900 0.94517 0.94181 0.87106 0.92512 0.92512 0.87106 0.92512 0.92512 0.92512 0.92333 0.92316 0.92316 0.92316 0.92601 0.76894 0.91450 0.91276 0.91239 0.92875 0.94296 0.94296 0.94296 0.94296 0.94296 0.94296 0.94296 0.94296 0.88740 0.94168 0.92787 0.92863 0.94245 0.96522 0.97997 1.0264 0.90431 0.91509 0.91509 0.90823 0.94332 0.94305 0.93284 0.94625 0.90751 1.0222 0.95311 0.95311 1.0079 0.99857 1.0197 1.0197 0.92826 1.0362
0.93758 0.93758 0.95766 0.95766 0.95766 0.95766 0.94358 0.95766 0.94358 0.94358 0.94358 0.94358 0.93977 0.93977 0.93977 0.92925 0.93177 0.91987 0.92279 0.90442 0.92279 0.92279 0.90364 0.91770 0.92654 0.92610 0.92610 0.92900 0.82041 0.91879 0.91939 0.92875 0.94198 0.94296 0.94296 0.94296 0.94296 0.94296 0.94296 0.94296 0.91949 0.87176 0.92189 0.92189 0.92234 0.95137 0.96059 0.96149 0.90431 0.91509 0.90823 0.90823 0.90823 0.94332 0.94625 0.94625 0.94625 0.94625 0.93284 0.94691 0.95232 0.99857 0.93583 0.96051 0.95699 0.86791 0.89434
1.0096 0.94358 0.94358 0.95766 0.95766 0.94358 0.94358 0.94358 0.94358 0.94358 0.94358 0.94358 0.93977 0.93977 0.93977 0.93977 0.91144 0.91216 0.90364 0.76723 0.92279 0.90364 0.91157 0.92139 0.92959 0.93178 0.92610 0.92610 0.82989 0.92519 0.92645 0.92744 0.94116 0.94588 0.94588 0.94588 0.94588 0.94436 0.94588 0.93933 1.0259 0.76827 1.0653 0.92189 0.92234 1.0264 0.93241 0.91905 0.88883 0.90823 0.90823 0.90823 0.90823 0.94177 0.94625 0.94625 0.94625 0.94625 0.94625 0.94625 0.94625 0.96051 0.96051 0.96051 0.96051 0.99548 0.89434
1.0130 1.0268 0.94358 0.95766 0.95766 0.94358 0.94358 0.94358 0.94358 0.94358 0.94358 0.94358 0.93977 0.93977 0.93977 0.93977 0.91973 0.91877 0.91877 0.77261 0.91031 0.91157 0.92578 0.93341 0.93819 0.94399 0.94554 0.93370 0.91384 0.93073 0.93005 0.94145 0.92171 0.92216 0.94588 0.94588 0.94588 0.93234 1.0274 1.0274 1.0274 1.0274 1.1103 0.94878 1.0770 1.4523 1.4523 1.4523 1.4523 0.90209 0.89010 0.91694 0.90823 0.94332 0.94625 0.94625 0.94625 0.94625 0.94625 0.94625 0.94625 0.96051 0.96051 0.96051 0.96606 0.94109 1.0376
1.0025 1.0240 0.94358 0.95766 0.95766 0.94358 0.94358 0.94358 0.94358 0.94358 0.94358 0.94358 0.91973 0.91973 0.91973 0.91973 0.91973 0.93977 0.91877 0.77261 0.91877 0.92875 0.94096 0.95561 0.93160 0.94338 0.93538 0.93603 0.92078 0.94415 0.94415 0.94890 0.93104 0.93281 0.92216 0.94588 0.92216 1.0180 0.92216 0.94588 0.93234 0.96917 0.95128 0.94655 0.94279 1.4523 1.4523 1.4523 1.4523 1.4523 1.0619 1.0775 0.91013 0.94452 0.94938 0.94938 0.94938 0.94938 0.94938 0.94938 0.94938 0.94938 0.96347 0.96051 0.96606 0.96606 1.0016
1.0025 1.0253 0.95766 0.95766 0.95766 0.95766 0.94358 0.95766 0.95766 0.95766 0.94358 0.94358 0.91973 0.91973 0.91973 0.91973 0.91973 0.93977 0.93977 0.91973 0.93977 0.91877 0.94612 0.96504 0.93853 0.94101 0.94261 0.94312 0.94415 0.94415 0.94415 0.94116 1.0105 1.0010 1.0010 0.94664 0.93933 0.95222 0.94588 0.94588 0.94588 0.97239 0.95008 0.94501 0.94056 1.4523 1.4523 1.4523 1.4523 1.4523 1.4523 1.0775 0.91013 0.94452 0.94938 0.94938 0.94938 0.94938 0.94938 0.94938 0.92678 0.94938 0.94938 0.96347 0.96220 0.96220 0.96220
0.93449 1.0072 0.95766 0.95766 0.95766 0.95766 0.93391 0.95766 0.95766 0.95766 0.95766 0.94358 0.93977 0.93977 0.93977 0.93977 0.93977 0.93977 0.93977 0.91973 0.93977 0.93977 0.94116 1.0283 0.98034 1.0105 1.0105 0.93073 0.94262 0.94415 1.0295 1.0105 1.0283 1.0010 1.0010 0.94588 0.94588 0.94588 0.94588 0.94588 0.94588 0.95222 0.95396 0.94916 0.92009 1.4523 1.4523 1.4523 1.4523 1.4523 1.4523 0.91013 0.94452 0.94452 0.94938 0.94938 0.94938 0.92678 0.94938 0.94938 0.92678 0.94783 0.94938 0.92678 0.96220 0.96220 0.96220
0.94615 1.0060 0.95766 0.95766 0.95766 0.95766 0.95766 0.95766 0.95766 0.95766 0.95766 0.94358 0.93977 0.93977 0.93977 0.93977 0.93977 0.93977 0.93977 0.91973 0.93977 0.93977 0.95008 0.95963 0.97981 0.98765 1.0105 1.0283 1.0105 1.0283 1.0283 1.0105 0.92900 0.92974 0.94588 0.94588 0.94588 0.94588 0.94588 0.94588 0.94588 0.95222 0.95074 0.93212 0.88281 1.4523 1.4523 1.4523 1.4523 1.4523 1.4523 0.91013 0.94452 0.94452 0.94938 0.94938 0.94938 0.94938 0.94938 0.94938 0.92678 0.94783 0.94938 0.93248 0.94664 0.94664 0.94664
0.96606 1.0060 0.95766 0.95766 0.95766 0.95766 0.95766 0.95766 0.95766 0.95766 0.95766 0.93977 0.93977 0.93977 0.93977 0.93977 0.93977 0.93977 0.93977 0.91973 1.0229 1.0057 1.0836 0.95458 0.96723 0.97419 0.97924 1.0105 1.0105 1.0105 0.94415 0.94415 0.94415 0.94588 0.94588 0.94588 0.94588 0.94588 0.94588 0.94588 0.94588 0.95222 0.94783 1.4523 1.4523 1.4523 1.4523 1.4523 1.4523 1.4523 0.92156 0.94452 0.94452 0.94452 0.94938 0.94938 0.94938 0.94938 0.94938 0.94938 0.92678 0.94938 0.94938 0.93248 0.92961 0.94664 0.94664
0.92806 1.1422 1.0254 0.95766 0.95766 0.95766 0.95766 0.95766 0.95766 0.95766 0.94358 0.93977 0.93977 0.93977 0.93977 0.93977 0.93977 0.93977 0.93977 0.81294 0.93226 0.93226 0.95769 0.95769 0.95769 0.97365 0.95625 0.90634 0.82415 0.92900 0.94415 0.94415 0.93234 0.93234 0.94588 0.94588 0.94588 0.94588 0.93234 0.94311 0.94588 0.94599 1.4497 1.4523 1.4523 1.4523 1.4523 1.4523 1.4523 1.4523 0.94452 0.94452 0.94452 0.94938 0.94938 0.94938 0.94938 0.94938 0.94938 0.94938 0.92678 0.94938 0.94938 0.93248 0.92961 0.92961 0.92787
