test/test_data/tcaap/monthly_variance_over_all_Mar__actual_et__2015-01-01_to_2019-12-31__180_by_260__inches.asc
NCOLS        180
NROWS        260
XLLCORNER     476375.000
YLLCORNER    4970875.000
CELLSIZE        100.000
NODATA_VALUE -9999.
[rows 145 to 173 of 260, columns 0 to 66 of 180]
0.36001 0.36001 0.36001 0.36001 0.36001 0.36001 0.35282 0.35282 0.33306 0.33747 0.33747 0.33747 0.33008 0.33008 0.33008 0.33008 0.33008 0.30964 0.30953 0.42222 0.42222 0.32813 0.32787 0.32768 0.33498 0.33534 0.33535 0.33774 0.33774 0.33017 0.33580 0.32808 0.32808 0.32808 0.32808 0.33403 0.33580 0.33403 0.33580 0.33403 0.29379 0.29379 0.31878 0.31878 0.32533 0.32533 0.32533 0.32054 0.29379 0.31955 0.32035 0.32170 0.32142 0.32168 0.32192 0.32213 0.32235 0.32259 0.32286 0.32322 0.32366 0.32492 0.32561 0.32644 0.32740 0.32842 0.31727
0.36001 0.36001 0.36001 0.36001 0.36001 0.36001 0.35099 0.35099 0.36162 0.33835 0.33835 0.33100 0.33100 0.33100 0.33100 0.33100 0.33100 0.31189 0.30948 0.32791 0.42222 0.42222 0.42222 0.36297 0.33465 0.33502 0.33510 0.33523 0.33540 0.33774 0.33403 0.33580 0.33580 0.33580 0.32808 0.33403 0.33580 0.33403 0.33332 0.33061 0.29380 0.29380 0.29380 0.29380 0.32055 0.32534 0.32541 0.32082 0.32131 0.33255 0.32121 0.32276 0.33378 0.33568 0.32318 0.30794 0.30822 0.30839 0.30847 0.30844 0.32386 0.32441 0.32423 0.32403 0.32388 0.32383 0.32396
0.35805 0.35099 0.35099 0.35099 0.35791 0.35099 0.35099 0.35099 0.36002 0.33836 0.33836 0.33101 0.33101 0.33101 0.33101 0.33101 0.33101 0.31187 0.31169 0.32803 0.42126 0.42126 0.42126 0.31251 0.33122 0.33123 0.33159 0.33586 0.33232 0.33775 0.33580 0.33580 0.33580 0.33580 0.33580 0.33580 0.33032 0.32622 0.32116 0.32116 0.31878 0.29380 0.29380 0.29380 0.29380 0.32537 0.29405 0.32609 0.32031 0.32094 0.32156 0.32351 0.33569 0.33569 0.33569 0.30873 0.30873 0.30855 0.30860 0.30858 0.32398 0.32449 0.32418 0.32372 0.32318 0.32263 0.32212
0.35806 0.35100 0.35100 0.35100 0.35100 0.35100 0.35100 0.35100 0.35100 0.35164 0.35670 0.33101 0.33101 0.33101 0.32556 0.32556 0.32556 0.31186 0.32528 0.33205 0.33204 0.42126 0.42126 0.42126 0.32241 0.33047 0.33450 0.33494 0.33546 0.33513 0.33567 0.33567 0.33400 0.33567 0.33567 0.32669 0.30763 0.30770 0.30767 0.32188 0.32064 0.32554 0.32554 0.31878 0.31878 0.30309 0.30346 0.31985 0.32048 0.32217 0.33496 0.33258 0.33569 0.33801 0.33073 0.33055 0.30873 0.30873 0.30873 0.30873 0.32420 0.33755 0.33755 0.32490 0.32490 0.32490 0.33173
0.36003 0.35100 0.35806 0.35806 0.35806 0.35806 0.34167 0.35100 0.35165 0.35165 0.35671 0.33101 0.33101 0.32556 0.32556 0.32676 0.32588 0.32547 0.32523 0.33195 0.33364 0.33343 0.42127 0.42127 0.42127 0.42127 0.42127 0.33110 0.42127 0.33556 0.32686 0.33568 0.33333 0.33341 0.33086 0.30776 0.30772 0.30790 0.32672 0.33333 0.32065 0.33256 0.33424 0.32681 0.32065 0.32089 0.32122 0.32174 0.32237 0.32419 0.33673 0.33816 0.33816 0.33801 0.33801 0.33801 0.33801 0.33569 0.30874 0.30874 0.29926 0.33961 0.33961 0.33961 0.33961 0.33961 0.32963
0.35807 0.35793 0.35807 0.35807 0.35793 0.35424 0.35438 0.33406 0.35165 0.33166 0.33102 0.32557 0.32894 0.32604 0.33354 0.33474 0.32589 0.33342 0.33315 0.33185 0.33162 0.33144 0.33117 0.33102 0.42128 0.42128 0.32655 0.32415 0.33218 0.42078 0.32407 0.32927 0.33337 0.33122 0.33163 0.32287 0.33170 0.30797 0.30774 0.33568 0.33256 0.33424 0.33424 0.33424 0.30545 0.30571 0.30608 0.32170 0.32232 0.32380 0.33597 0.33817 0.33817 0.33817 0.33817 0.33817 0.33817 0.33119 0.33817 0.33817 0.33119 0.33705 0.33705 0.33705 0.33705 0.33961 0.33961
0.36004 0.35101 0.35101 0.36004 0.35773 0.35438 0.35424 0.35438 0.33167 0.30328 0.32557 0.33314 0.32835 0.33858 0.33626 0.33472 0.32589 0.33340 0.33310 0.32760 0.32763 0.32747 0.33098 0.33087 0.32488 0.42128 0.42128 0.33218 0.33039 0.32243 0.42079 0.32954 0.33423 0.32331 0.32384 0.32387 0.32353 0.33139 0.32670 0.33401 0.33257 0.33257 0.33424 0.33424 0.33257 0.30545 0.30600 0.32158 0.32213 0.32283 0.32501 0.33102 0.33817 0.33817 0.33817 0.33817 0.33649 0.33119 0.33817 0.33660 0.33817 0.33089 0.33706 0.33706 0.33706 0.33706 0.33706
0.36004 0.35808 0.35808 0.33406 0.35773 0.35439 0.35439 0.35439 0.32985 0.34898 0.34609 0.34030 0.32835 0.33020 0.33606 0.32671 0.33593 0.32678 0.32967 0.32791 0.32735 0.32724 0.32702 0.33073 0.32837 0.42129 0.30750 0.33039 0.33039 0.32244 0.42080 0.32670 0.32828 0.32458 0.33424 0.33419 0.32463 0.33085 0.33569 0.33569 0.33257 0.33425 0.33425 0.33425 0.33425 0.33425 0.33425 0.30571 0.32957 0.29604 0.32380 0.32768 0.33818 0.33661 0.33120 0.33120 0.33818 0.33818 0.33818 0.33818 0.33818 0.33560 0.33090 0.33706 0.33706 0.33706 0.33560
0.35794 0.35771 0.35774 0.35774 0.35774 0.35439 0.35439 0.35572 0.32836 0.32938 0.34191 0.32214 0.33187 0.32954 0.32777 0.33454 0.32760 0.32642 0.32931 0.31236 0.32707 0.32700 0.32684 0.33061 0.32014 0.30750 0.42130 0.42130 0.32437 0.32244 0.32244 0.42080 0.31061 0.31234 0.31328 0.31317 0.33498 0.33402 0.32828 0.32828 0.33425 0.33425 0.33425 0.33425 0.33425 0.33257 0.33425 0.32683 0.33257 0.32663 0.32611 0.32173 0.33496 0.32677 0.33650 0.33818 0.33818 0.33818 0.33818 0.33818 0.33818 0.33706 0.33706 0.33090 0.33706 0.33706 0.33076
0.35102 0.33407 0.33407 0.35439 0.35774 0.35439 0.35250 0.35243 0.34224 0.32683 0.32322 0.32002 0.33045 0.32864 0.32733 0.32646 0.33516 0.32603 0.31141 0.31204 0.32681 0.31154 0.32668 0.31152 0.31994 0.31968 0.32804 0.42131 0.42131 0.32244 0.32244 0.42081 0.34565 0.33176 0.33983 0.31515 0.31406 0.32935 0.33402 0.32828 0.33425 0.33258 0.33258 0.33425 0.32683 0.33425 0.32683 0.33425 0.33258 0.33258 0.33348 0.33181 0.33123 0.32833 0.32976 0.33662 0.33818 0.33818 0.33818 0.33818 0.33818 0.33707 0.33707 0.33707 0.33091 0.33707 0.33502
0.36006 0.33407 0.33407 0.33407 0.35440 0.35596 0.35285 0.35114 0.34316 0.31961 0.32415 0.33051 0.32875 0.32756 0.33473 0.32624 0.32679 0.33359 0.31238 0.31173 0.32657 0.31134 0.31132 0.32673 0.32819 0.31962 0.31964 0.42131 0.42131 0.42082 0.32245 0.32512 0.42082 0.34839 0.33662 0.33523 0.32926 0.31077 0.30809 0.33047 0.33258 0.33258 0.33258 0.33258 0.33426 0.33426 0.33258 0.33258 0.33426 0.33426 0.33349 0.33349 0.32963 0.30749 0.33201 0.32497 0.33662 0.33819 0.33819 0.33819 0.33819 0.33707 0.33707 0.33707 0.33707 0.33562 0.33246
0.35758 0.35392 0.35378 0.35378 0.33193 0.34667 0.34024 0.33184 0.32025 0.32025 0.32025 0.32812 0.33328 0.33126 0.32939 0.33559 0.32637 0.32522 0.31202 0.32668 0.31114 0.31119 0.31126 0.31153 0.31970 0.31963 0.30865 0.30895 0.42132 0.42082 0.42082 0.42082 0.42082 0.42082 0.42082 0.30480 0.32512 0.33156 0.30143 0.32463 0.32837 0.29604 0.33259 0.33259 0.33426 0.32684 0.33259 0.33426 0.33426 0.33426 0.32612 0.33349 0.33349 0.32866 0.32244 0.32327 0.33259 0.33270 0.33306 0.33320 0.33247 0.33077 0.30092 0.30092 0.30092 0.30092 0.33091
0.35444 0.35739 0.35739 0.35378 0.35030 0.34033 0.32643 0.32996 0.33202 0.32026 0.32026 0.32656 0.33382 0.33177 0.32978 0.32806 0.32658 0.31193 0.31597 0.31549 0.31529 0.32965 0.32981 0.31165 0.32741 0.31281 0.32873 0.31422 0.32118 0.42083 0.42083 0.42083 0.42083 0.32133 0.42083 0.32327 0.32327 0.33576 0.32851 0.32087 0.32354 0.32285 0.32316 0.32249 0.32684 0.32684 0.32684 0.33427 0.33259 0.33427 0.32612 0.33349 0.33182 0.33182 0.32006 0.32243 0.32293 0.30842 0.30890 0.30930 0.31060 0.30092 0.30092 0.30092 0.30092 0.31060 0.33092
0.33769 0.35740 0.35393 0.35393 0.34847 0.33633 0.32631 0.32985 0.33191 0.32026 0.32488 0.33371 0.33154 0.32947 0.33549 0.32619 0.32506 0.31081 0.31531 0.31522 0.31541 0.31565 0.31612 0.31674 0.31745 0.33228 0.33297 0.33380 0.33530 0.32173 0.42129 0.42129 0.42129 0.42129 0.32227 0.32327 0.32327 0.37947 0.32246 0.32693 0.32087 0.32087 0.29916 0.32707 0.32684 0.33259 0.33427 0.33427 0.33259 0.32684 0.33183 0.33183 0.33183 0.32612 0.32006 0.32190 0.30748 0.30781 0.30812 0.30840 0.30970 0.30092 0.30092 0.30092 0.31061 0.31061 0.31061
0.35027 0.33194 0.35393 0.35324 0.34575 0.33406 0.33003 0.31782 0.32865 0.32026 0.32414 0.33369 0.33139 0.32921 0.33518 0.32584 0.32474 0.31056 0.31517 0.31521 0.31553 0.31582 0.33062 0.31714 0.31793 0.31875 0.31954 0.32666 0.33653 0.32566 0.32857 0.42130 0.42130 0.42130 0.42130 0.32228 0.32228 0.42130 0.37268 0.32001 0.32001 0.31584 0.28885 0.33004 0.32784 0.32851 0.33307 0.33260 0.33260 0.33260 0.33183 0.33183 0.32613 0.32006 0.32015 0.30619 0.30724 0.30758 0.30790 0.30818 0.30935 0.30973 0.31003 0.31061 0.32544 0.32544 0.32544
0.35027 0.33195 0.33195 0.33195 0.33140 0.31318 0.32644 0.32096 0.32920 0.32027 0.32450 0.33375 0.33131 0.32901 0.32707 0.32553 0.32447 0.31036 0.31509 0.31525 0.31570 0.31607 0.31678 0.31760 0.31847 0.31935 0.33410 0.32809 0.33010 0.32719 0.33135 0.30886 0.32072 0.32056 0.42131 0.42131 0.42131 0.42131 0.42131 0.30355 0.31759 0.32566 0.32566 0.31444 0.32764 0.32284 0.32137 0.32059 0.32624 0.32624 0.33330 0.32790 0.32243 0.32243 0.32350 0.30895 0.30928 0.30959 0.30985 0.30852 0.30936 0.30972 0.31001 0.31023 0.32545 0.32545 0.30093
0.35741 0.35741 0.33195 0.33195 0.32376 0.32054 0.31676 0.33626 0.33255 0.32898 0.32604 0.33387 0.33129 0.32887 0.32684 0.32528 0.31075 0.31022 0.31505 0.31534 0.31590 0.31636 0.31718 0.31809 0.31903 0.31995 0.32079 0.32152 0.33128 0.31299 0.31316 0.33394 0.34400 0.31742 0.31379 0.42131 0.42131 0.42131 0.42131 0.42201 0.42201 0.42201 0.31580 0.31730 0.30346 0.30088 0.31444 0.30613 0.32196 0.32183 0.30776 0.32742 0.32303 0.32306 0.32327 0.30873 0.30905 0.30934 0.30960 0.30995 0.30900 0.30937 0.30969 0.30995 0.31015 0.30076 0.30076
0.33195 0.33195 0.33161 0.33097 0.32530 0.32263 0.31939 0.33895 0.33542 0.33190 0.33630 0.33784 0.31808 0.31536 0.31318 0.31159 0.31059 0.32072 0.33775 0.32331 0.32251 0.31668 0.31760 0.33264 0.31958 0.32052 0.32138 0.32209 0.31318 0.31353 0.30445 0.30919 0.33424 0.30906 0.31395 0.31329 0.33444 0.42132 0.42132 0.42201 0.42201 0.42201 0.42201 0.42201 0.42201 0.42201 0.31021 0.32313 0.32174 0.32389 0.30820 0.32782 0.32316 0.32305 0.32313 0.32419 0.32447 0.30909 0.30933 0.30952 0.30832 0.30839 0.30842 0.29982 0.30010 0.30030 0.30077
0.35307 0.33161 0.32998 0.32887 0.32730 0.32518 0.32244 0.34198 0.33854 0.33486 0.31788 0.32134 0.31816 0.31533 0.31309 0.31148 0.31050 0.32068 0.32414 0.32329 0.32249 0.32178 0.32114 0.32058 0.32011 0.31289 0.31380 0.31455 0.30453 0.30481 0.30479 0.33358 0.33313 0.33224 0.30461 0.29966 0.30950 0.30664 0.29872 0.29269 0.29081 0.31121 0.29081 0.29081 0.42202 0.42202 0.42202 0.33352 0.32189 0.32419 0.30858 0.32399 0.32359 0.32312 0.32307 0.32399 0.32426 0.30884 0.30905 0.30921 0.30802 0.30807 0.29814 0.29937 0.29970 0.29992 0.30001
0.33117 0.33162 0.33150 0.32882 0.32782 0.32649 0.32473 0.32496 0.32251 0.32821 0.32492 0.32155 0.31828 0.31536 0.31306 0.31144 0.31048 0.32064 0.32411 0.32326 0.32247 0.32177 0.32113 0.33448 0.32010 0.31332 0.31422 0.31494 0.30488 0.30510 0.30501 0.33284 0.30700 0.30537 0.33090 0.32855 0.30678 0.30407 0.29551 0.29134 0.29090 0.29104 0.31263 0.30692 0.31782 0.32096 0.42203 0.42203 0.32567 0.32707 0.32449 0.32424 0.32378 0.32323 0.32305 0.32381 0.32406 0.32427 0.32444 0.32457 0.32235 0.32238 0.32235 0.32467 0.29914 0.29937 0.29943
0.33279 0.33312 0.33329 0.32907 0.32811 0.32680 0.32506 0.32528 0.32282 0.32851 0.32518 0.32175 0.31841 0.31545 0.31311 0.31149 0.31054 0.32059 0.32407 0.32323 0.32244 0.32175 0.32112 0.32057 0.32009 0.31362 0.31450 0.31518 0.33012 0.30524 0.30508 0.30465 0.30398 0.31224 0.31124 0.30695 0.32349 0.30189 0.31349 0.29087 0.29082 0.29084 0.30703 0.30714 0.31502 0.31502 0.32207 0.42203 0.33352 0.32735 0.32448 0.32229 0.32263 0.32334 0.32306 0.32364 0.32386 0.32405 0.32419 0.32429 0.32205 0.32205 0.32200 0.32408 0.29854 0.29875 0.32330
0.33517 0.33579 0.35912 0.33086 0.32998 0.32694 0.32522 0.32544 0.32299 0.32870 0.32536 0.32191 0.31855 0.33273 0.33052 0.32897 0.31067 0.33351 0.33405 0.33326 0.33251 0.32173 0.32110 0.32055 0.31187 0.33308 0.31458 0.31522 0.30507 0.30519 0.32995 0.30452 0.30382 0.31204 0.31101 0.30461 0.32164 0.30055 0.29937 0.31205 0.31190 0.31994 0.31251 0.31319 0.30789 0.31503 0.32499 0.42204 0.42204 0.32662 0.32409 0.32221 0.32254 0.32295 0.32323 0.32293 0.32290 0.32295 0.32306 0.32323 0.32117 0.32150 0.32189 0.32159 0.32150 0.32146 0.32149
0.36395 0.37995 0.33793 0.33077 0.32992 0.32873 0.32712 0.32567 0.32328 0.32951 0.32634 0.33999 0.33707 0.33442 0.31459 0.33083 0.31210 0.33481 0.33400 0.33322 0.33248 0.33184 0.33124 0.33072 0.33027 0.31367 0.33371 0.31504 0.30486 0.30495 0.30473 0.30426 0.30356 0.31179 0.31079 0.30286 0.30136 0.31972 0.29999 0.31335 0.31357 0.32159 0.31382 0.31387 0.30890 0.31592 0.32046 0.42205 0.42205 0.32471 0.32324 0.32216 0.32246 0.32284 0.32310 0.32293 0.32284 0.32283 0.32288 0.32299 0.32089 0.32120 0.32160 0.32130 0.32121 0.32115 0.32117
0.36492 0.33819 0.33903 0.33949 0.33939 0.33848 0.33627 0.33303 0.32605 0.31744 0.30920 0.31149 0.30772 0.30597 0.30546 0.31326 0.31235 0.33305 0.33222 0.33144 0.33072 0.33010 0.32950 0.32899 0.32854 0.30998 0.33199 0.33249 0.30845 0.30452 0.30432 0.30387 0.30322 0.31150 0.31057 0.30183 0.30125 0.30120 0.29855 0.31549 0.31598 0.32391 0.31573 0.29874 0.29820 0.31883 0.31960 0.42206 0.30180 0.30533 0.32208 0.32214 0.32242 0.32274 0.32299 0.33061 0.33051 0.32281 0.33009 0.32771 0.32791 0.32113 0.32864 0.32816 0.32806 0.32801 0.32792
0.33736 0.33851 0.33938 0.33983 0.33970 0.33871 0.33637 0.33282 0.32530 0.31599 0.29258 0.29179 0.30167 0.30167 0.32394 0.33134 0.33487 0.34078 0.33216 0.33139 0.33067 0.33006 0.32948 0.32897 0.32853 0.30963 0.33146 0.31067 0.30794 0.30800 0.30784 0.30747 0.30693 0.31544 0.31468 0.31389 0.31311 0.31239 0.30968 0.33198 0.33254 0.32422 0.32346 0.30030 0.29900 0.31882 0.29826 0.42206 0.32088 0.30380 0.30047 0.30581 0.30651 0.32267 0.32289 0.32299 0.32324 0.32244 0.33334 0.32013 0.32798 0.32124 0.32172 0.32091 0.32082 0.32078 0.32083
0.33682 0.33801 0.33882 0.36313 0.36280 0.36125 0.33527 0.35845 0.32371 0.31460 0.29471 0.29148 0.31629 0.31526 0.32905 0.33596 0.33515 0.33304 0.32485 0.32518 0.32571 0.33002 0.32944 0.32894 0.32851 0.30918 0.33106 0.31009 0.33013 0.30739 0.30725 0.30695 0.32946 0.31512 0.31448 0.31382 0.31316 0.31255 0.32857 0.32804 0.32867 0.32861 0.32770 0.30744 0.30272 0.31410 0.31574 0.41981 0.41981 0.30233 0.31634 0.31634 0.30653 0.30696 0.30716 0.32297 0.32354 0.32244 0.33334 0.33021 0.32812 0.32850 0.32193 0.32945 0.32266 0.32255 0.32194
0.33899 0.34187 0.37234 0.34223 0.36036 0.35858 0.35524 0.35607 0.34987 0.31341 0.29810 0.31961 0.31954 0.31967 0.32610 0.33624 0.32701 0.32510 0.33326 0.32531 0.32574 0.32634 0.32697 0.32759 0.33624 0.33673 0.33714 0.33745 0.33611 0.32827 0.32818 0.32796 0.32764 0.33276 0.33230 0.33182 0.33133 0.33088 0.33467 0.32958 0.33016 0.33005 0.32357 0.30883 0.30488 0.28996 0.31101 0.41982 0.41982 0.42099 0.32327 0.32433 0.32842 0.30950 0.30707 0.30721 0.32387 0.32246 0.32766 0.33189 0.32567 0.32959 0.32420 0.33527 0.33360 0.32527 0.33192
0.37313 0.37426 0.37426 0.37313 0.34257 0.31826 0.33277 0.35332 0.35027 0.33423 0.42018 0.36175 0.36075 0.32421 0.32745 0.31016 0.32902 0.32827 0.31371 0.32543 0.32573 0.32592 0.32678 0.32728 0.32775 0.33624 0.32853 0.32881 0.32752 0.32760 0.33564 0.33550 0.32720 0.33819 0.33788 0.33178 0.33142 0.33108 0.33483 0.33633 0.33894 0.33878 0.33515 0.32516 0.29767 0.29247 0.28912 0.31101 0.41983 0.42100 0.42100 0.31954 0.32699 0.33149 0.32627 0.32649 0.32767 0.33286 0.33286 0.33353 0.32305 0.32982 0.33384 0.33537 0.33617 0.33617 0.33617
0.32855 0.37313 0.31980 0.31980 0.33147 0.34402 0.33379 0.33795 0.33235 0.33067 0.33410 0.42019 0.42019 0.32878 0.32873 0.32916 0.32984 0.31367 0.31417 0.32574 0.32592 0.32602 0.32604 0.31487 0.33009 0.33010 0.32999 0.33481 0.32686 0.32696 0.32696 0.32690 0.32678 0.33791 0.33196 0.33173 0.33150 0.33127 0.32943 0.33695 0.33893 0.33343 0.33896 0.30502 0.30097 0.29697 0.29262 0.28960 0.32169 0.42101 0.42101 0.42101 0.42101 0.42101 0.42101 0.33703 0.33450 0.33450 0.33287 0.33353 0.32159 0.33004 0.33117 0.33260 0.33617 0.33822 0.33822
