test/test_data/tcaap/monthly_variance_over_all_Jan__actual_et__2015-01-01_to_2019-12-31__180_by_260__inches.asc
NCOLS        180
NROWS        260
XLLCORNER     476375.000
YLLCORNER    4970875.000
CELLSIZE        100.000
NODATA_VALUE -9999.
[rows 100 to 124 of 260, columns 0 to 56 of 180]
0.77260E-1 0.77484E-1 0.78144E-1 0.77420E-1 0.77290E-1 0.74923E-1 0.76896E-1 0.77239E-1 0.76277E-1 0.76203E-1 0.73673E-1 0.78251E-1 0.90133E-1 0.90314E-1 0.75558E-1 0.78603E-1 0.77806E-1 0.77806E-1 0.77128E-1 0.75558E-1 0.75558E-1 0.75558E-1 0.75558E-1 0.74803E-1 0.76615E-1 0.77668E-1 0.77843E-1 0.77783E-1 0.77985E-1 0.75294E-1 0.77778E-1 0.77986E-1 0.78791E-1 0.79501E-1 0.79677E-1 0.79739E-1 0.79928E-1 0.79825E-1 0.79863E-1 0.80044E-1 0.80089E-1 0.78008E-1 0.80191E-1 0.80247E-1 0.79139E-1 0.79067E-1 0.79118E-1 0.79161E-1 0.79194E-1 0.79218E-1 0.79259E-1 0.79259E-1 0.79254E-1 0.79254E-1 0.78721E-1 0.79407E-1 0.79396E-1
0.77487E-1 0.77487E-1 0.77423E-1 0.77423E-1 0.77423E-1 0.77423E-1 0.76839E-1 0.76839E-1 0.74979E-1 0.75619E-1 0.75065E-1 0.90137E-1 0.90137E-1 0.90318E-1 0.75561E-1 0.76778E-1 0.77727E-1 0.77604E-1 0.76363E-1 0.76454E-1 0.76482E-1 0.76556E-1 0.76610E-1 0.74669E-1 0.74551E-1 0.77512E-1 0.77665E-1 0.77589E-1 0.77776E-1 0.75125E-1 0.77552E-1 0.77762E-1 0.78583E-1 0.78777E-1 0.79057E-1 0.79367E-1 0.79521E-1 0.79660E-1 0.79782E-1 0.79887E-1 0.79976E-1 0.80049E-1 0.80109E-1 0.80158E-1 0.79034E-1 0.78937E-1 0.78968E-1 0.78994E-1 0.81047E-1 0.79035E-1 0.79239E-1 0.78720E-1 0.78726E-1 0.79257E-1 0.79254E-1 0.79407E-1 0.79392E-1
0.76727E-1 0.76727E-1 0.77426E-1 0.77426E-1 0.77426E-1 0.77426E-1 0.77426E-1 0.77426E-1 0.76941E-1 0.77562E-1 0.79846E-1 0.82704E-1 0.90322E-1 0.90322E-1 0.77811E-1 0.78867E-1 0.77731E-1 0.77543E-1 0.76261E-1 0.77354E-1 0.77559E-1 0.76460E-1 0.76462E-1 0.74462E-1 0.74452E-1 0.77361E-1 0.77491E-1 0.77397E-1 0.77570E-1 0.74951E-1 0.75112E-1 0.75273E-1 0.78372E-1 0.78681E-1 0.78874E-1 0.79195E-1 0.79362E-1 0.79512E-1 0.79643E-1 0.79756E-1 0.79914E-1 0.79925E-1 0.79988E-1 0.80040E-1 0.78917E-1 0.78818E-1 0.78851E-1 0.78880E-1 0.78908E-1 0.78933E-1 0.79053E-1 0.78520E-1 0.79069E-1 0.79069E-1 0.79232E-1 0.79221E-1 0.79203E-1
0.76596E-1 0.76596E-1 0.76797E-1 0.76372E-1 0.76797E-1 0.76797E-1 0.77429E-1 0.77429E-1 0.77001E-1 0.74412E-1 0.75405E-1 0.82707E-1 0.83118E-1 0.90326E-1 0.80066E-1 0.79199E-1 0.79209E-1 0.78108E-1 0.77325E-1 0.77137E-1 0.77504E-1 0.76371E-1 0.76364E-1 0.74352E-1 0.74342E-1 0.77221E-1 0.77329E-1 0.77216E-1 0.77377E-1 0.74783E-1 0.74943E-1 0.77956E-1 0.78169E-1 0.78491E-1 0.78693E-1 0.79024E-1 0.79277E-1 0.79433E-1 0.79569E-1 0.79683E-1 0.79777E-1 0.79786E-1 0.79848E-1 0.79898E-1 0.78778E-1 0.78672E-1 0.78706E-1 0.78738E-1 0.78771E-1 0.78803E-1 0.78959E-1 0.78977E-1 0.78991E-1 0.78999E-1 0.79173E-1 0.79169E-1 0.79157E-1
0.76599E-1 0.76599E-1 0.76800E-1 0.76800E-1 0.76800E-1 0.76375E-1 0.76800E-1 0.76800E-1 0.76800E-1 0.76375E-1 0.75045E-1 0.82100E-1 0.83180E-1 0.90359E-1 0.90359E-1 0.79060E-1 0.78714E-1 0.78340E-1 0.77305E-1 0.77140E-1 0.77177E-1 0.77193E-1 0.76263E-1 0.74239E-1 0.75535E-1 0.77095E-1 0.77034E-1 0.77044E-1 0.74315E-1 0.74541E-1 0.74783E-1 0.77760E-1 0.78108E-1 0.78446E-1 0.78739E-1 0.78937E-1 0.79119E-1 0.79281E-1 0.79421E-1 0.79536E-1 0.79628E-1 0.79383E-1 0.79690E-1 0.79736E-1 0.78467E-1 0.78068E-1 0.78534E-1 0.78568E-1 0.78605E-1 0.78645E-1 0.78837E-1 0.78864E-1 0.78888E-1 0.78906E-1 0.79093E-1 0.79097E-1 0.79094E-1
0.76602E-1 0.76602E-1 0.76803E-1 0.76803E-1 0.76378E-1 0.76803E-1 0.76803E-1 0.76803E-1 0.76803E-1 0.76378E-1 0.77684E-1 0.75586E-1 0.83034E-1 0.90364E-1 0.90364E-1 0.79577E-1 0.78744E-1 0.78361E-1 0.76302E-1 0.77296E-1 0.77296E-1 0.77296E-1 0.77296E-1 0.75739E-1 0.74443E-1 0.74631E-1 0.74647E-1 0.76450E-1 0.74800E-1 0.74936E-1 0.73945E-1 0.76915E-1 0.77052E-1 0.77338E-1 0.77481E-1 0.77638E-1 0.77811E-1 0.79128E-1 0.79269E-1 0.79384E-1 0.79471E-1 0.77685E-1 0.79516E-1 0.79412E-1 0.78277E-1 0.78306E-1 0.78336E-1 0.78370E-1 0.78412E-1 0.78459E-1 0.75196E-1 0.75202E-1 0.75206E-1 0.78790E-1 0.78992E-1 0.79007E-1 0.79014E-1
0.76180E-1 0.76605E-1 0.76806E-1 0.76806E-1 0.77564E-1 0.77564E-1 0.77564E-1 0.77564E-1 0.76806E-1 0.76720E-1 0.77222E-1 0.75134E-1 0.76897E-1 0.90368E-1 0.90368E-1 0.90368E-1 0.78666E-1 0.78973E-1 0.77846E-1 0.76129E-1 0.77964E-1 0.77964E-1 0.77299E-1 0.76500E-1 0.74445E-1 0.74445E-1 0.74557E-1 0.74583E-1 0.74635E-1 0.74445E-1 0.73554E-1 0.76626E-1 0.76731E-1 0.76889E-1 0.77555E-1 0.77698E-1 0.77876E-1 0.79538E-1 0.79682E-1 0.79795E-1 0.79877E-1 0.77876E-1 0.79186E-1 0.79214E-1 0.78068E-1 0.78089E-1 0.78114E-1 0.78148E-1 0.78193E-1 0.78248E-1 0.78512E-1 0.78131E-1 0.78181E-1 0.78652E-1 0.78872E-1 0.78899E-1 0.78918E-1
0.76183E-1 0.76809E-1 0.77567E-1 0.77567E-1 0.77567E-1 0.77567E-1 0.77567E-1 0.77330E-1 0.77567E-1 0.77567E-1 0.75430E-1 0.75959E-1 0.76300E-1 0.76309E-1 0.90372E-1 0.90372E-1 0.90372E-1 0.78847E-1 0.78290E-1 0.77967E-1 0.77967E-1 0.77967E-1 0.77967E-1 0.76502E-1 0.76502E-1 0.74448E-1 0.74448E-1 0.74515E-1 0.74535E-1 0.74448E-1 0.73557E-1 0.76629E-1 0.76735E-1 0.76883E-1 0.77262E-1 0.77405E-1 0.77601E-1 0.79286E-1 0.79422E-1 0.79527E-1 0.79598E-1 0.79462E-1 0.79490E-1 0.79505E-1 0.78445E-1 0.78456E-1 0.78474E-1 0.78505E-1 0.78554E-1 0.78617E-1 0.78459E-1 0.78979E-1 0.78591E-1 0.79100E-1 0.78733E-1 0.78774E-1 0.78805E-1
0.75202E-1 0.75878E-1 0.77570E-1 0.77570E-1 0.77570E-1 0.77570E-1 0.77570E-1 0.77333E-1 0.77570E-1 0.77570E-1 0.73850E-1 0.76657E-1 0.78647E-1 0.77615E-1 0.90376E-1 0.90376E-1 0.77251E-1 0.78021E-1 0.78098E-1 0.78406E-1 0.78272E-1 0.76134E-1 0.73559E-1 0.75747E-1 0.75747E-1 0.76505E-1 0.74450E-1 0.74450E-1 0.74488E-1 0.75747E-1 0.75747E-1 0.75747E-1 0.76738E-1 0.76880E-1 0.77151E-1 0.77325E-1 0.77571E-1 0.79143E-1 0.79273E-1 0.79368E-1 0.79428E-1 0.78727E-1 0.79284E-1 0.78217E-1 0.78212E-1 0.78209E-1 0.78218E-1 0.78245E-1 0.75113E-1 0.78366E-1 0.78693E-1 0.78705E-1 0.78730E-1 0.78753E-1 0.78667E-1 0.78686E-1 0.78704E-1
0.75205E-1 0.75881E-1 0.77573E-1 0.77573E-1 0.77573E-1 0.77573E-1 0.77573E-1 0.77573E-1 0.77573E-1 0.77573E-1 0.77192E-1 0.76437E-1 0.78582E-1 0.77538E-1 0.77456E-1 0.90380E-1 0.90380E-1 0.77909E-1 0.77453E-1 0.78138E-1 0.78275E-1 0.75066E-1 0.73562E-1 0.75750E-1 0.75757E-1 0.76508E-1 0.76508E-1 0.75751E-1 0.75772E-1 0.75750E-1 0.75750E-1 0.76870E-1 0.76868E-1 0.76889E-1 0.77206E-1 0.77450E-1 0.77686E-1 0.78068E-1 0.78442E-1 0.78776E-1 0.79041E-1 0.79086E-1 0.79081E-1 0.78001E-1 0.77979E-1 0.77963E-1 0.77960E-1 0.77982E-1 0.78033E-1 0.78109E-1 0.78453E-1 0.78624E-1 0.78651E-1 0.78677E-1 0.78596E-1 0.78618E-1 0.78639E-1
0.75208E-1 0.79908E-1 0.77576E-1 0.77576E-1 0.77576E-1 0.77576E-1 0.77576E-1 0.77576E-1 0.77576E-1 0.77576E-1 0.77576E-1 0.77195E-1 0.77660E-1 0.77580E-1 0.77467E-1 0.90384E-1 0.90384E-1 0.77874E-1 0.77503E-1 0.77351E-1 0.77870E-1 0.76140E-1 0.74456E-1 0.74514E-1 0.75810E-1 0.76511E-1 0.76511E-1 0.76511E-1 0.75753E-1 0.76511E-1 0.76511E-1 0.75753E-1 0.76873E-1 0.77037E-1 0.76888E-1 0.76860E-1 0.76731E-1 0.76888E-1 0.77372E-1 0.78193E-1 0.79462E-1 0.78349E-1 0.78326E-1 0.77295E-1 0.77760E-1 0.77729E-1 0.77715E-1 0.77729E-1 0.77777E-1 0.77856E-1 0.77956E-1 0.78541E-1 0.78570E-1 0.78598E-1 0.78524E-1 0.78548E-1 0.78572E-1
0.79380E-1 0.79911E-1 0.79832E-1 0.79698E-1 0.79595E-1 0.79911E-1 0.77579E-1 0.77579E-1 0.77579E-1 0.77579E-1 0.77579E-1 0.77198E-1 0.77421E-1 0.77267E-1 0.77107E-1 0.76962E-1 0.90388E-1 0.90388E-1 0.77713E-1 0.77376E-1 0.78122E-1 0.77313E-1 0.76514E-1 0.75907E-1 0.75929E-1 0.76514E-1 0.76514E-1 0.76514E-1 0.76514E-1 0.76514E-1 0.76514E-1 0.76514E-1 0.76842E-1 0.77113E-1 0.77088E-1 0.76790E-1 0.77578E-1 0.75837E-1 0.75837E-1 0.80002E-1 0.79908E-1 0.78757E-1 0.78721E-1 0.77619E-1 0.77567E-1 0.77522E-1 0.77496E-1 0.77501E-1 0.77545E-1 0.77623E-1 0.77725E-1 0.78455E-1 0.78487E-1 0.78517E-1 0.78448E-1 0.78476E-1 0.78502E-1
0.80502E-1 0.79914E-1 0.80569E-1 0.80645E-1 0.79584E-1 0.79914E-1 0.80710E-1 0.77582E-1 0.77345E-1 0.77582E-1 0.77582E-1 0.73860E-1 0.79124E-1 0.76941E-1 0.76941E-1 0.77129E-1 0.90392E-1 0.90392E-1 0.77787E-1 0.77564E-1 0.77338E-1 0.77316E-1 0.76927E-1 0.77577E-1 0.77577E-1 0.76517E-1 0.76517E-1 0.76517E-1 0.76517E-1 0.76517E-1 0.76517E-1 0.76517E-1 0.76517E-1 0.76653E-1 0.76876E-1 0.76876E-1 0.76876E-1 0.79253E-1 0.81763E-1 0.80594E-1 0.76719E-1 0.75770E-1 0.78576E-1 0.77466E-1 0.77541E-1 0.76830E-1 0.76793E-1 0.76788E-1 0.76826E-1 0.77415E-1 0.74512E-1 0.78367E-1 0.78401E-1 0.78435E-1 0.78371E-1 0.78402E-1 0.78431E-1
0.79716E-1 0.79918E-1 0.80648E-1 0.80648E-1 0.80648E-1 0.79842E-1 0.80412E-1 0.80412E-1 0.80412E-1 0.80412E-1 0.80412E-1 0.81477E-1 0.77164E-1 0.78688E-1 0.76944E-1 0.77391E-1 0.90396E-1 0.90396E-1 0.77894E-1 0.77623E-1 0.77362E-1 0.79882E-1 0.76520E-1 0.77307E-1 0.77685E-1 0.77317E-1 0.76520E-1 0.76520E-1 0.76520E-1 0.76520E-1 0.76520E-1 0.76520E-1 0.76520E-1 0.76656E-1 0.76656E-1 0.76656E-1 0.76331E-1 0.80323E-1 0.80856E-1 0.68519E-1 0.76748E-1 0.76710E-1 0.79575E-1 0.77956E-1 0.77453E-1 0.77200E-1 0.77153E-1 0.77140E-1 0.77168E-1 0.77233E-1 0.77326E-1 0.78279E-1 0.78315E-1 0.78350E-1 0.78293E-1 0.78326E-1 0.78358E-1
0.79073E-1 0.79230E-1 0.79730E-1 0.79209E-1 0.79730E-1 0.79962E-1 0.79962E-1 0.79962E-1 0.79962E-1 0.79962E-1 0.80950E-1 0.81430E-1 0.80773E-1 0.80773E-1 0.78691E-1 0.77642E-1 0.90400E-1 0.90400E-1 0.78021E-1 0.77708E-1 0.77410E-1 0.78194E-1 0.76933E-1 0.77472E-1 0.77688E-1 0.77320E-1 0.76523E-1 0.76523E-1 0.76523E-1 0.76523E-1 0.76523E-1 0.76523E-1 0.76659E-1 0.76659E-1 0.75944E-1 0.76075E-1 0.76511E-1 0.76163E-1 0.73694E-1 0.72546E-1 0.76754E-1 0.76697E-1 0.79625E-1 0.77887E-1 0.77199E-1 0.77083E-1 0.77029E-1 0.77006E-1 0.77024E-1 0.77078E-1 0.77161E-1 0.75036E-1 0.75064E-1 0.78178E-1 0.78213E-1 0.78248E-1 0.77657E-1
0.79077E-1 0.79965E-1 0.79965E-1 0.79965E-1 0.79965E-1 0.79965E-1 0.79965E-1 0.79965E-1 0.79965E-1 0.79965E-1 0.79965E-1 0.81433E-1 0.80552E-1 0.80450E-1 0.78270E-1 0.78572E-1 0.78376E-1 0.90273E-1 0.90273E-1 0.77373E-1 0.77042E-1 0.77267E-1 0.77457E-1 0.77871E-1 0.77691E-1 0.77323E-1 0.76526E-1 0.76526E-1 0.76526E-1 0.76526E-1 0.76526E-1 0.76526E-1 0.76662E-1 0.73611E-1 0.75938E-1 0.77035E-1 0.76405E-1 0.76486E-1 0.75346E-1 0.74836E-1 0.76732E-1 0.77953E-1 0.79374E-1 0.77624E-1 0.76968E-1 0.77257E-1 0.77196E-1 0.77165E-1 0.77173E-1 0.77216E-1 0.77286E-1 0.74969E-1 0.74999E-1 0.78095E-1 0.78132E-1 0.78170E-1 0.78207E-1
0.79574E-1 0.79968E-1 0.79968E-1 0.79215E-1 0.79968E-1 0.79968E-1 0.79968E-1 0.79968E-1 0.79968E-1 0.79968E-1 0.79968E-1 0.81437E-1 0.81303E-1 0.80453E-1 0.80453E-1 0.78814E-1 0.78503E-1 0.90277E-1 0.90277E-1 0.77486E-1 0.77174E-1 0.78006E-1 0.77874E-1 0.78562E-1 0.78190E-1 0.77460E-1 0.77460E-1 0.77460E-1 0.77460E-1 0.77460E-1 0.77460E-1 0.77460E-1 0.75610E-1 0.74743E-1 0.75610E-1 0.76640E-1 0.78060E-1 0.76294E-1 0.76526E-1 0.77999E-1 0.77991E-1 0.77238E-1 0.76792E-1 0.76817E-1 0.77036E-1 0.77060E-1 0.76995E-1 0.76957E-1 0.77081E-1 0.76082E-1 0.77167E-1 0.78008E-1 0.78050E-1 0.78011E-1 0.78051E-1 0.78091E-1 0.78131E-1
0.79800E-1 0.79972E-1 0.79972E-1 0.79972E-1 0.79972E-1 0.79972E-1 0.79972E-1 0.79972E-1 0.79972E-1 0.79972E-1 0.79972E-1 0.81199E-1 0.80784E-1 0.80456E-1 0.78276E-1 0.78913E-1 0.78564E-1 0.90281E-1 0.90281E-1 0.77588E-1 0.77335E-1 0.78251E-1 0.78565E-1 0.78565E-1 0.77464E-1 0.77464E-1 0.77464E-1 0.77463E-1 0.77463E-1 0.77463E-1 0.77463E-1 0.77463E-1 0.75645E-1 0.75686E-1 0.75819E-1 0.77411E-1 0.78366E-1 0.78782E-1 0.79074E-1 0.78194E-1 0.76433E-1 0.78172E-1 0.78540E-1 0.76908E-1 0.77127E-1 0.76960E-1 0.77157E-1 0.77115E-1 0.76859E-1 0.76900E-1 0.77069E-1 0.77918E-1 0.77961E-1 0.77927E-1 0.77969E-1 0.78011E-1 0.78053E-1
0.79803E-1 0.79743E-1 0.79975E-1 0.79221E-1 0.79975E-1 0.79975E-1 0.79975E-1 0.79975E-1 0.79975E-1 0.79975E-1 0.79975E-1 0.81510E-1 0.80787E-1 0.80460E-1 0.78279E-1 0.75226E-1 0.78546E-1 0.90285E-1 0.90285E-1 0.90285E-1 0.77474E-1 0.78622E-1 0.78568E-1 0.78568E-1 0.77650E-1 0.77467E-1 0.77467E-1 0.77467E-1 0.77467E-1 0.77467E-1 0.77467E-1 0.75639E-1 0.75894E-1 0.76049E-1 0.77344E-1 0.77595E-1 0.77632E-1 0.77963E-1 0.77486E-1 0.78175E-1 0.78175E-1 0.78175E-1 0.78543E-1 0.76888E-1 0.77015E-1 0.77171E-1 0.77107E-1 0.77062E-1 0.77045E-1 0.77206E-1 0.76191E-1 0.78063E-1 0.78107E-1 0.78194E-1 0.78238E-1 0.78283E-1 0.78328E-1
0.79979E-1 0.79747E-1 0.76587E-1 0.79756E-1 0.79978E-1 0.79978E-1 0.79978E-1 0.79978E-1 0.79978E-1 0.79978E-1 0.79978E-1 0.80791E-1 0.80735E-1 0.80463E-1 0.80791E-1 0.78437E-1 0.77380E-1 0.90289E-1 0.90289E-1 0.90289E-1 0.90289E-1 0.78625E-1 0.78571E-1 0.78571E-1 0.78349E-1 0.77470E-1 0.77470E-1 0.77470E-1 0.77470E-1 0.77470E-1 0.77470E-1 0.77470E-1 0.75619E-1 0.77451E-1 0.77240E-1 0.77391E-1 0.77376E-1 0.77489E-1 0.78178E-1 0.78178E-1 0.78178E-1 0.78178E-1 0.78546E-1 0.77001E-1 0.76787E-1 0.77120E-1 0.77060E-1 0.77016E-1 0.76996E-1 0.77152E-1 0.77172E-1 0.77974E-1 0.78019E-1 0.78110E-1 0.78156E-1 0.78203E-1 0.78250E-1
0.77563E-1 0.77471E-1 0.79759E-1 0.79982E-1 0.79982E-1 0.79982E-1 0.79982E-1 0.79982E-1 0.79982E-1 0.79982E-1 0.79759E-1 0.76828E-1 0.80466E-1 0.80466E-1 0.78286E-1 0.78285E-1 0.77304E-1 0.77107E-1 0.90293E-1 0.90293E-1 0.78139E-1 0.78062E-1 0.78469E-1 0.78574E-1 0.78574E-1 0.77473E-1 0.77473E-1 0.77473E-1 0.77473E-1 0.77473E-1 0.77473E-1 0.77656E-1 0.77864E-1 0.77864E-1 0.78549E-1 0.78050E-1 0.78326E-1 0.78549E-1 0.78549E-1 0.78549E-1 0.78549E-1 0.78181E-1 0.77004E-1 0.77004E-1 0.76751E-1 0.77070E-1 0.77016E-1 0.76976E-1 0.77109E-1 0.76059E-1 0.77123E-1 0.78161E-1 0.78207E-1 0.78294E-1 0.78341E-1 0.78389E-1 0.78439E-1
0.79487E-1 0.79311E-1 0.79985E-1 0.79985E-1 0.79895E-1 0.79862E-1 0.79985E-1 0.79985E-1 0.79966E-1 0.79826E-1 0.79366E-1 0.78289E-1 0.80469E-1 0.78289E-1 0.78289E-1 0.78289E-1 0.76538E-1 0.76676E-1 0.90297E-1 0.90297E-1 0.90297E-1 0.76471E-1 0.78577E-1 0.78577E-1 0.78577E-1 0.77476E-1 0.77476E-1 0.77890E-1 0.77890E-1 0.77476E-1 0.77476E-1 0.77476E-1 0.77457E-1 0.78552E-1 0.78552E-1 0.78552E-1 0.78290E-1 0.78552E-1 0.78552E-1 0.78552E-1 0.78552E-1 0.78184E-1 0.77007E-1 0.77007E-1 0.76738E-1 0.76738E-1 0.76897E-1 0.76897E-1 0.76898E-1 0.77074E-1 0.77086E-1 0.78075E-1 0.78122E-1 0.78212E-1 0.78261E-1 0.78311E-1 0.78363E-1
0.79637E-1 0.79412E-1 0.79505E-1 0.79460E-1 0.79429E-1 0.79873E-1 0.79988E-1 0.79988E-1 0.79969E-1 0.79988E-1 0.79356E-1 0.78397E-1 0.78292E-1 0.78292E-1 0.78682E-1 0.78292E-1 0.75236E-1 0.76575E-1 0.90301E-1 0.90301E-1 0.90301E-1 0.76474E-1 0.78316E-1 0.78580E-1 0.78209E-1 0.77479E-1 0.77479E-1 0.77893E-1 0.78580E-1 0.78507E-1 0.77893E-1 0.77479E-1 0.77460E-1 0.78556E-1 0.78556E-1 0.78556E-1 0.78556E-1 0.78556E-1 0.78556E-1 0.78340E-1 0.78556E-1 0.78187E-1 0.77010E-1 0.77010E-1 0.77010E-1 0.76900E-1 0.76900E-1 0.76900E-1 0.76765E-1 0.77049E-1 0.77059E-1 0.77991E-1 0.78039E-1 0.78133E-1 0.78183E-1 0.78235E-1 0.78289E-1
0.79819E-1 0.79800E-1 0.79790E-1 0.79566E-1 0.79831E-1 0.79902E-1 0.79902E-1 0.79902E-1 0.79992E-1 0.79919E-1 0.79992E-1 0.78686E-1 0.78686E-1 0.78295E-1 0.78295E-1 0.78295E-1 0.78295E-1 0.77600E-1 0.76719E-1 0.90305E-1 0.90305E-1 0.76476E-1 0.78212E-1 0.78584E-1 0.78584E-1 0.77482E-1 0.77482E-1 0.77896E-1 0.78584E-1 0.78584E-1 0.78584E-1 0.78212E-1 0.77463E-1 0.77873E-1 0.78559E-1 0.78559E-1 0.78559E-1 0.78559E-1 0.78559E-1 0.78559E-1 0.78559E-1 0.78190E-1 0.76936E-1 0.77013E-1 0.77013E-1 0.76903E-1 0.76903E-1 0.76903E-1 0.76768E-1 0.77030E-1 0.77041E-1 0.77911E-1 0.77959E-1 0.78056E-1 0.78107E-1 0.78161E-1 0.78217E-1
0.80214E-1 0.80214E-1 0.77676E-1 0.79830E-1 0.80235E-1 0.80309E-1 0.79763E-1 0.79763E-1 0.79763E-1 0.79763E-1 0.79763E-1 0.81330E-1 0.78605E-1 0.78298E-1 0.78298E-1 0.78298E-1 0.78298E-1 0.76549E-1 0.76704E-1 0.90309E-1 0.90309E-1 0.78008E-1 0.78215E-1 0.78587E-1 0.78587E-1 0.77485E-1 0.77485E-1 0.77485E-1 0.77485E-1 0.78587E-1 0.78587E-1 0.78587E-1 0.78562E-1 0.77466E-1 0.78562E-1 0.78562E-1 0.78562E-1 0.78193E-1 0.78193E-1 0.78562E-1 0.78193E-1 0.78193E-1 0.77016E-1 0.77016E-1 0.77016E-1 0.77016E-1 0.75850E-1 0.76906E-1 0.76907E-1 0.77017E-1 0.79660E-1 0.76909E-1 0.76936E-1 0.77041E-1 0.77078E-1 0.77118E-1 0.77161E-1
