test/test_data/tcaap/monthly_variance_over_all_Jan__actual_et__2015-01-01_to_2019-12-31__180_by_260__inches.asc
NCOLS        180
NROWS        260
XLLCORNER     476375.000
YLLCORNER    4970875.000
CELLSIZE        100.000
NODATA_VALUE -9999.
[rows 200 to 224 of 260, columns 0 to 56 of 180]
0.79140E-1 0.79085E-1 0.79140E-1 0.79085E-1 0.79167E-1 0.79167E-1 0.79113E-1 0.78600E-1 0.78288E-1 0.78539E-1 0.78600E-1 0.78600E-1 0.78600E-1 0.78600E-1 0.78539E-1 0.78593E-1 0.78279E-1 0.78593E-1 0.78279E-1 0.78279E-1 0.78593E-1 0.78593E-1 0.78593E-1 0.78593E-1 0.78593E-1 0.78503E-1 0.78503E-1 0.78503E-1 0.78503E-1 0.78503E-1 0.78503E-1 0.78503E-1 0.76989E-1 0.76924E-1 0.76900E-1 0.78642E-1 0.78555E-1 0.78555E-1 0.78622E-1 0.78622E-1 0.78622E-1 0.78276E-1 0.78622E-1 0.78622E-1 0.78622E-1 0.78622E-1 0.78904E-1 0.78904E-1 0.78904E-1 0.78543E-1 0.79384E-1 0.79260E-1 0.79351E-1 0.81768E-1 0.81768E-1 0.81957E-1 0.81957E-1
0.79144E-1 0.79144E-1 0.79144E-1 0.79144E-1 0.79171E-1 0.79171E-1 0.79116E-1 0.78603E-1 0.78603E-1 0.78542E-1 0.78603E-1 0.78603E-1 0.78603E-1 0.78603E-1 0.78291E-1 0.78597E-1 0.78536E-1 0.78597E-1 0.78282E-1 0.78282E-1 0.78596E-1 0.78596E-1 0.78596E-1 0.78596E-1 0.78596E-1 0.78507E-1 0.78507E-1 0.78507E-1 0.78507E-1 0.78507E-1 0.78507E-1 0.78507E-1 0.76927E-1 0.80421E-1 0.80889E-1 0.78507E-1 0.78609E-1 0.78679E-1 0.78679E-1 0.78679E-1 0.78679E-1 0.78609E-1 0.78679E-1 0.78679E-1 0.78679E-1 0.78679E-1 0.78907E-1 0.78907E-1 0.78907E-1 0.78546E-1 0.79387E-1 0.79268E-1 0.79356E-1 0.81758E-1 0.81960E-1 0.81960E-1 0.81960E-1
0.79147E-1 0.79092E-1 0.79092E-1 0.79147E-1 0.79174E-1 0.79119E-1 0.79174E-1 0.78606E-1 0.78606E-1 0.78546E-1 0.78606E-1 0.78606E-1 0.78606E-1 0.78606E-1 0.78606E-1 0.78539E-1 0.78600E-1 0.78600E-1 0.78600E-1 0.78285E-1 0.78600E-1 0.78600E-1 0.78600E-1 0.78600E-1 0.78600E-1 0.78510E-1 0.78510E-1 0.78510E-1 0.78510E-1 0.78195E-1 0.78510E-1 0.78510E-1 0.90048E-1 0.90048E-1 0.80893E-1 0.78510E-1 0.78682E-1 0.78682E-1 0.78682E-1 0.78682E-1 0.78682E-1 0.78682E-1 0.78682E-1 0.78613E-1 0.78682E-1 0.78682E-1 0.78866E-1 0.78866E-1 0.78866E-1 0.80202E-1 0.81913E-1 0.79314E-1 0.79314E-1 0.81913E-1 0.81722E-1 0.81913E-1 0.81912E-1
0.79095E-1 0.79150E-1 0.79150E-1 0.79150E-1 0.79177E-1 0.79177E-1 0.79177E-1 0.78609E-1 0.78609E-1 0.78549E-1 0.78609E-1 0.79177E-1 0.78894E-1 0.78894E-1 0.79166E-1 0.79111E-1 0.79111E-1 0.78603E-1 0.78542E-1 0.78288E-1 0.78389E-1 0.78603E-1 0.78603E-1 0.78603E-1 0.78603E-1 0.78513E-1 0.78513E-1 0.78513E-1 0.78513E-1 0.78198E-1 0.78198E-1 0.80896E-1 0.90052E-1 0.90052E-1 0.90052E-1 0.78616E-1 0.78685E-1 0.78685E-1 0.78685E-1 0.78458E-1 0.78685E-1 0.78685E-1 0.78685E-1 0.78685E-1 0.78685E-1 0.78685E-1 0.78869E-1 0.78869E-1 0.78869E-1 0.78869E-1 0.81916E-1 0.79318E-1 0.79318E-1 0.79318E-1 0.81725E-1 0.81916E-1 0.81916E-1
0.79153E-1 0.79098E-1 0.79153E-1 0.79098E-1 0.78897E-1 0.78774E-1 0.78986E-1 0.79180E-1 0.79180E-1 0.79180E-1 0.79126E-1 0.79126E-1 0.79180E-1 0.79180E-1 0.79169E-1 0.79169E-1 0.79169E-1 0.78606E-1 0.78606E-1 0.78291E-1 0.78606E-1 0.78545E-1 0.78291E-1 0.78606E-1 0.78606E-1 0.78516E-1 0.78201E-1 0.78516E-1 0.78516E-1 0.78201E-1 0.78516E-1 0.78455E-1 0.90056E-1 0.90056E-1 0.90056E-1 0.78461E-1 0.78619E-1 0.78688E-1 0.78688E-1 0.78688E-1 0.78688E-1 0.78688E-1 0.78688E-1 0.78688E-1 0.78688E-1 0.78688E-1 0.78872E-1 0.78872E-1 0.78872E-1 0.78872E-1 0.78512E-1 0.81919E-1 0.79321E-1 0.79321E-1 0.81919E-1 0.81919E-1 0.81875E-1
0.78576E-1 0.78516E-1 0.79156E-1 0.79101E-1 0.78762E-1 0.78765E-1 0.79183E-1 0.79129E-1 0.79129E-1 0.79183E-1 0.79183E-1 0.79183E-1 0.79183E-1 0.79183E-1 0.79173E-1 0.79173E-1 0.79173E-1 0.79173E-1 0.78609E-1 0.78294E-1 0.78609E-1 0.78548E-1 0.78294E-1 0.78609E-1 0.78609E-1 0.78458E-1 0.78519E-1 0.78519E-1 0.78519E-1 0.78519E-1 0.78519E-1 0.78519E-1 0.78519E-1 0.80903E-1 0.78535E-1 0.78708E-1 0.78622E-1 0.78691E-1 0.78691E-1 0.78691E-1 0.78691E-1 0.78691E-1 0.78691E-1 0.78691E-1 0.78691E-1 0.78691E-1 0.78875E-1 0.78875E-1 0.78875E-1 0.78875E-1 0.78622E-1 0.81923E-1 0.79324E-1 0.79324E-1 0.79324E-1 0.81923E-1 0.81687E-1
0.78519E-1 0.79159E-1 0.79159E-1 0.79105E-1 0.78993E-1 0.79187E-1 0.79187E-1 0.79187E-1 0.79187E-1 0.79187E-1 0.79187E-1 0.79132E-1 0.79187E-1 0.79132E-1 0.79176E-1 0.79176E-1 0.79176E-1 0.79176E-1 0.78612E-1 0.78297E-1 0.78612E-1 0.78612E-1 0.78612E-1 0.78612E-1 0.78612E-1 0.78522E-1 0.78461E-1 0.78522E-1 0.78522E-1 0.78207E-1 0.78522E-1 0.78522E-1 0.78522E-1 0.78522E-1 0.78522E-1 0.78694E-1 0.78694E-1 0.78694E-1 0.78694E-1 0.78625E-1 0.78694E-1 0.78694E-1 0.78694E-1 0.78694E-1 0.78694E-1 0.78352E-1 0.78879E-1 0.78879E-1 0.78879E-1 0.78879E-1 0.78879E-1 0.81926E-1 0.81926E-1 0.79327E-1 0.79327E-1 0.81926E-1 0.81882E-1
0.79108E-1 0.79163E-1 0.79163E-1 0.79108E-1 0.79190E-1 0.79190E-1 0.79135E-1 0.79190E-1 0.78907E-1 0.79190E-1 0.79135E-1 0.79135E-1 0.79190E-1 0.79190E-1 0.79179E-1 0.79179E-1 0.78893E-1 0.79179E-1 0.78615E-1 0.78301E-1 0.78555E-1 0.78615E-1 0.78615E-1 0.78615E-1 0.78555E-1 0.78525E-1 0.78525E-1 0.78525E-1 0.78525E-1 0.78525E-1 0.78525E-1 0.78525E-1 0.78464E-1 0.78525E-1 0.78525E-1 0.78698E-1 0.78698E-1 0.78698E-1 0.78698E-1 0.78698E-1 0.78697E-1 0.78697E-1 0.78697E-1 0.78697E-1 0.78697E-1 0.78697E-1 0.78882E-1 0.78882E-1 0.78882E-1 0.78882E-1 0.78628E-1 0.81929E-1 0.81929E-1 0.79330E-1 0.79330E-1 0.81929E-1 0.81885E-1
0.78979E-1 0.78979E-1 0.78979E-1 0.78678E-1 0.78910E-1 0.79138E-1 0.79193E-1 0.79193E-1 0.78910E-1 0.79193E-1 0.79193E-1 0.79193E-1 0.79193E-1 0.79193E-1 0.79182E-1 0.79182E-1 0.79182E-1 0.79182E-1 0.78618E-1 0.78304E-1 0.78618E-1 0.78618E-1 0.78618E-1 0.78618E-1 0.78558E-1 0.78529E-1 0.78529E-1 0.78528E-1 0.78528E-1 0.78528E-1 0.78528E-1 0.78528E-1 0.78528E-1 0.78528E-1 0.78468E-1 0.78701E-1 0.78701E-1 0.78701E-1 0.78701E-1 0.78701E-1 0.78701E-1 0.78701E-1 0.78701E-1 0.78701E-1 0.78359E-1 0.78701E-1 0.78885E-1 0.78885E-1 0.78885E-1 0.78885E-1 0.81933E-1 0.81933E-1 0.81933E-1 0.81933E-1 0.79333E-1 0.79333E-1 0.81888E-1
0.78982E-1 0.78768E-1 0.78233E-1 0.76648E-1 0.78093E-1 0.78403E-1 0.78972E-1 0.78918E-1 0.78972E-1 0.78972E-1 0.78972E-1 0.78918E-1 0.78972E-1 0.78972E-1 0.79117E-1 0.79117E-1 0.79131E-1 0.78622E-1 0.78561E-1 0.78307E-1 0.78622E-1 0.78622E-1 0.78622E-1 0.78561E-1 0.78532E-1 0.78532E-1 0.78532E-1 0.78471E-1 0.78471E-1 0.78532E-1 0.78471E-1 0.78532E-1 0.78216E-1 0.78532E-1 0.77844E-1 0.78008E-1 0.78704E-1 0.78704E-1 0.78704E-1 0.78704E-1 0.78704E-1 0.78704E-1 0.78704E-1 0.78704E-1 0.78362E-1 0.78888E-1 0.78888E-1 0.78888E-1 0.78888E-1 0.82064E-1 0.81936E-1 0.81936E-1 0.81936E-1 0.81936E-1 0.79336E-1 0.79336E-1 0.81892E-1
0.78012E-1 0.79612E-1 0.80235E-1 0.76651E-1 0.78096E-1 0.78406E-1 0.78921E-1 0.78921E-1 0.78921E-1 0.78975E-1 0.78921E-1 0.78975E-1 0.78975E-1 0.78975E-1 0.79121E-1 0.79121E-1 0.79065E-1 0.78547E-1 0.78547E-1 0.78237E-1 0.78547E-1 0.78237E-1 0.78237E-1 0.78547E-1 0.78730E-1 0.78730E-1 0.78662E-1 0.78509E-1 0.78321E-1 0.77496E-1 0.77847E-1 0.77847E-1 0.77847E-1 0.77847E-1 0.77847E-1 0.78011E-1 0.78011E-1 0.78707E-1 0.78707E-1 0.78707E-1 0.78707E-1 0.78707E-1 0.78707E-1 0.78707E-1 0.78011E-1 0.78203E-1 0.78203E-1 0.77812E-1 0.78203E-1 0.81940E-1 0.81940E-1 0.81940E-1 0.81940E-1 0.81940E-1 0.81749E-1 0.79339E-1 0.79261E-1
0.78008E-1 0.78008E-1 0.80239E-1 0.79929E-1 0.78099E-1 0.78410E-1 0.78978E-1 0.78687E-1 0.78978E-1 0.78978E-1 0.78978E-1 0.78978E-1 0.78924E-1 0.78687E-1 0.79124E-1 0.79124E-1 0.78843E-1 0.78550E-1 0.78550E-1 0.78241E-1 0.78550E-1 0.78241E-1 0.78240E-1 0.78550E-1 0.78733E-1 0.78733E-1 0.78733E-1 0.78733E-1 0.78665E-1 0.77660E-1 0.78049E-1 0.78049E-1 0.78049E-1 0.78049E-1 0.78049E-1 0.78127E-1 0.78127E-1 0.78127E-1 0.78828E-1 0.78828E-1 0.78710E-1 0.78710E-1 0.78710E-1 0.78014E-1 0.78014E-1 0.78206E-1 0.78206E-1 0.77815E-1 0.78206E-1 0.81943E-1 0.81943E-1 0.81943E-1 0.81943E-1 0.81943E-1 0.81943E-1 0.79342E-1 0.79264E-1
0.79884E-1 0.76650E-1 0.76902E-1 0.79933E-1 0.79933E-1 0.78102E-1 0.78927E-1 0.78981E-1 0.78981E-1 0.78981E-1 0.78981E-1 0.78690E-1 0.78690E-1 0.78690E-1 0.79127E-1 0.79127E-1 0.78244E-1 0.78244E-1 0.78553E-1 0.78244E-1 0.78553E-1 0.78244E-1 0.78553E-1 0.78244E-1 0.78736E-1 0.78386E-1 0.78736E-1 0.78736E-1 0.78736E-1 0.78736E-1 0.78736E-1 0.78736E-1 0.78736E-1 0.78736E-1 0.77663E-1 0.78130E-1 0.78130E-1 0.78054E-1 0.78130E-1 0.78130E-1 0.78130E-1 0.77750E-1 0.78130E-1 0.78054E-1 0.78130E-1 0.77939E-1 0.77939E-1 0.77939E-1 0.77939E-1 0.79136E-1 0.79136E-1 0.81724E-1 0.79345E-1 0.81755E-1 0.81946E-1 0.81946E-1 0.81557E-1
0.79887E-1 0.80245E-1 0.80245E-1 0.79936E-1 0.79936E-1 0.78106E-1 0.78930E-1 0.78985E-1 0.78985E-1 0.78985E-1 0.78985E-1 0.78930E-1 0.78984E-1 0.78984E-1 0.79130E-1 0.79130E-1 0.78495E-1 0.78556E-1 0.78556E-1 0.78247E-1 0.78556E-1 0.78556E-1 0.78556E-1 0.78556E-1 0.78671E-1 0.78739E-1 0.78739E-1 0.78739E-1 0.78739E-1 0.78739E-1 0.78739E-1 0.78739E-1 0.78739E-1 0.78739E-1 0.78389E-1 0.78834E-1 0.78834E-1 0.78834E-1 0.78834E-1 0.78834E-1 0.78834E-1 0.78834E-1 0.78834E-1 0.77214E-1 0.78133E-1 0.77942E-1 0.77942E-1 0.77942E-1 0.81853E-1 0.81728E-1 0.81728E-1 0.81728E-1 0.81728E-1 0.81728E-1 0.81728E-1 0.81728E-1 0.78746E-1
0.80248E-1 0.80248E-1 0.80248E-1 0.79939E-1 0.79939E-1 0.76369E-1 0.78223E-1 0.78933E-1 0.78988E-1 0.78988E-1 0.78988E-1 0.78988E-1 0.78988E-1 0.78988E-1 0.79133E-1 0.79133E-1 0.78852E-1 0.78471E-1 0.77647E-1 0.78250E-1 0.78559E-1 0.78559E-1 0.78346E-1 0.78559E-1 0.78742E-1 0.78742E-1 0.78742E-1 0.78508E-1 0.78350E-1 0.78393E-1 0.78742E-1 0.78742E-1 0.78742E-1 0.78742E-1 0.78742E-1 0.78838E-1 0.78838E-1 0.78838E-1 0.78838E-1 0.78838E-1 0.78838E-1 0.78838E-1 0.78768E-1 0.78456E-1 0.78590E-1 0.78642E-1 0.78642E-1 0.78642E-1 0.78642E-1 0.81805E-1 0.81731E-1 0.81731E-1 0.81731E-1 0.81731E-1 0.81731E-1 0.81731E-1 0.81853E-1
0.80252E-1 0.80252E-1 0.80252E-1 0.79942E-1 0.79942E-1 0.78422E-1 0.80810E-1 0.78991E-1 0.78991E-1 0.78991E-1 0.78991E-1 0.78991E-1 0.78991E-1 0.79136E-1 0.79136E-1 0.79136E-1 0.79136E-1 0.78810E-1 0.78474E-1 0.77650E-1 0.78562E-1 0.78562E-1 0.77650E-1 0.78349E-1 0.78745E-1 0.78745E-1 0.78745E-1 0.78677E-1 0.78708E-1 0.78677E-1 0.78677E-1 0.78745E-1 0.78745E-1 0.78745E-1 0.78841E-1 0.78841E-1 0.78841E-1 0.78841E-1 0.78841E-1 0.78841E-1 0.78841E-1 0.78841E-1 0.78771E-1 0.78574E-1 0.78841E-1 0.78645E-1 0.78576E-1 0.78645E-1 0.78645E-1 0.78645E-1 0.78296E-1 0.78295E-1 0.81734E-1 0.81734E-1 0.81734E-1 0.81856E-1 0.81856E-1
0.80255E-1 0.80255E-1 0.80255E-1 0.79945E-1 0.79945E-1 0.80230E-1 0.78994E-1 0.78994E-1 0.78703E-1 0.78994E-1 0.78994E-1 0.78994E-1 0.78994E-1 0.79140E-1 0.79140E-1 0.79140E-1 0.79140E-1 0.78858E-1 0.78666E-1 0.78256E-1 0.78566E-1 0.78566E-1 0.78370E-1 0.76622E-1 0.78497E-1 0.78748E-1 0.78748E-1 0.78748E-1 0.78748E-1 0.78748E-1 0.78748E-1 0.78748E-1 0.78748E-1 0.78748E-1 0.78844E-1 0.78775E-1 0.75510E-1 0.77752E-1 0.78494E-1 0.78844E-1 0.78844E-1 0.78844E-1 0.78844E-1 0.78742E-1 0.78844E-1 0.78648E-1 0.78648E-1 0.78648E-1 0.78648E-1 0.78648E-1 0.78648E-1 0.78648E-1 0.79149E-1 0.79149E-1 0.79149E-1 0.81860E-1 0.81860E-1
0.84402E-1 0.80558E-1 0.80558E-1 0.80244E-1 0.80233E-1 0.78997E-1 0.78997E-1 0.78997E-1 0.78997E-1 0.78997E-1 0.78997E-1 0.78997E-1 0.78997E-1 0.79143E-1 0.79143E-1 0.79143E-1 0.79143E-1 0.78862E-1 0.78025E-1 0.78259E-1 0.78569E-1 0.78569E-1 0.78569E-1 0.78355E-1 0.78500E-1 0.78500E-1 0.78752E-1 0.78752E-1 0.78752E-1 0.78752E-1 0.78752E-1 0.78751E-1 0.78751E-1 0.78751E-1 0.78847E-1 0.78778E-1 0.76111E-1 0.78181E-1 0.78386E-1 0.78847E-1 0.78847E-1 0.78847E-1 0.78847E-1 0.78745E-1 0.78497E-1 0.78651E-1 0.78651E-1 0.78651E-1 0.78651E-1 0.78651E-1 0.78651E-1 0.81741E-1 0.81741E-1 0.79152E-1 0.79152E-1 0.81863E-1 0.81863E-1
0.84310E-1 0.83054E-1 0.80488E-1 0.80236E-1 0.80236E-1 0.78431E-1 0.79000E-1 0.79000E-1 0.78709E-1 0.79000E-1 0.79000E-1 0.79000E-1 0.79000E-1 0.79146E-1 0.79146E-1 0.79146E-1 0.79146E-1 0.78938E-1 0.78899E-1 0.78262E-1 0.78572E-1 0.78572E-1 0.78572E-1 0.75610E-1 0.78654E-1 0.78654E-1 0.78503E-1 0.78755E-1 0.78755E-1 0.78755E-1 0.78755E-1 0.78755E-1 0.78755E-1 0.78755E-1 0.78148E-1 0.78234E-1 0.78024E-1 0.75901E-1 0.76005E-1 0.78850E-1 0.78850E-1 0.78781E-1 0.78850E-1 0.78500E-1 0.78500E-1 0.78654E-1 0.78654E-1 0.78654E-1 0.78654E-1 0.78654E-1 0.78654E-1 0.81819E-1 0.81745E-1 0.79155E-1 0.79155E-1 0.81866E-1 0.81866E-1
0.84091E-1 0.83176E-1 0.82447E-1 0.80061E-1 0.78813E-1 0.78799E-1 0.78744E-1 0.78798E-1 0.78798E-1 0.78798E-1 0.79004E-1 0.79004E-1 0.79004E-1 0.79149E-1 0.79149E-1 0.79149E-1 0.79149E-1 0.79164E-1 0.78367E-1 0.78265E-1 0.78575E-1 0.78265E-1 0.78265E-1 0.78513E-1 0.78657E-1 0.78657E-1 0.78657E-1 0.78758E-1 0.78758E-1 0.78758E-1 0.78758E-1 0.78758E-1 0.78758E-1 0.78758E-1 0.78151E-1 0.78162E-1 0.78129E-1 0.75791E-1 0.77583E-1 0.78853E-1 0.78853E-1 0.78511E-1 0.78853E-1 0.78503E-1 0.78853E-1 0.78658E-1 0.78658E-1 0.78657E-1 0.78657E-1 0.78657E-1 0.78657E-1 0.81748E-1 0.80959E-1 0.81748E-1 0.81748E-1 0.81870E-1 0.81870E-1
0.90585E-1 0.81164E-1 0.80644E-1 0.78802E-1 0.78802E-1 0.78802E-1 0.78802E-1 0.78802E-1 0.78802E-1 0.78802E-1 0.78802E-1 0.78802E-1 0.78802E-1 0.77684E-1 0.78955E-1 0.78955E-1 0.78955E-1 0.76893E-1 0.78140E-1 0.75329E-1 0.78154E-1 0.76318E-1 0.78268E-1 0.78578E-1 0.78761E-1 0.78660E-1 0.78509E-1 0.78761E-1 0.78761E-1 0.78761E-1 0.78761E-1 0.78761E-1 0.78761E-1 0.78761E-1 0.78154E-1 0.78043E-1 0.78043E-1 0.77388E-1 0.78755E-1 0.78755E-1 0.78856E-1 0.78515E-1 0.78856E-1 0.78856E-1 0.78856E-1 0.78661E-1 0.78661E-1 0.78661E-1 0.78661E-1 0.78661E-1 0.78661E-1 0.78661E-1 0.80502E-1 0.79161E-1 0.79161E-1 0.78768E-1 0.81873E-1
0.90589E-1 0.90589E-1 0.77919E-1 0.78805E-1 0.78805E-1 0.78805E-1 0.78517E-1 0.78805E-1 0.78805E-1 0.78805E-1 0.78805E-1 0.78805E-1 0.78805E-1 0.77687E-1 0.78958E-1 0.78958E-1 0.77328E-1 0.77687E-1 0.77937E-1 0.76137E-1 0.78157E-1 0.76298E-1 0.78061E-1 0.78345E-1 0.78550E-1 0.78244E-1 0.78335E-1 0.78244E-1 0.78549E-1 0.78549E-1 0.78549E-1 0.78549E-1 0.78549E-1 0.78549E-1 0.78157E-1 0.78157E-1 0.78046E-1 0.78437E-1 0.78572E-1 0.78859E-1 0.78859E-1 0.78859E-1 0.78859E-1 0.78859E-1 0.78664E-1 0.77967E-1 0.78664E-1 0.78664E-1 0.78664E-1 0.78664E-1 0.78664E-1 0.78416E-1 0.81755E-1 0.81755E-1 0.81755E-1 0.81877E-1 0.81877E-1
0.90593E-1 0.90593E-1 0.78232E-1 0.78808E-1 0.78808E-1 0.78808E-1 0.78520E-1 0.78808E-1 0.78808E-1 0.78808E-1 0.78808E-1 0.78808E-1 0.78808E-1 0.77690E-1 0.77321E-1 0.77321E-1 0.77331E-1 0.77690E-1 0.77690E-1 0.75932E-1 0.77956E-1 0.77980E-1 0.78298E-1 0.78254E-1 0.78553E-1 0.78553E-1 0.78467E-1 0.78009E-1 0.78553E-1 0.78553E-1 0.78553E-1 0.78553E-1 0.78553E-1 0.78553E-1 0.78846E-1 0.78846E-1 0.78846E-1 0.78428E-1 0.78501E-1 0.78807E-1 0.78846E-1 0.78846E-1 0.78846E-1 0.78164E-1 0.78148E-1 0.78148E-1 0.78426E-1 0.78425E-1 0.78425E-1 0.78425E-1 0.78511E-1 0.79580E-1 0.80571E-1 0.81833E-1 0.81758E-1 0.81880E-1 0.81880E-1
0.90597E-1 0.90597E-1 0.78148E-1 0.78811E-1 0.78811E-1 0.78811E-1 0.78811E-1 0.78811E-1 0.78811E-1 0.78811E-1 0.78811E-1 0.78811E-1 0.78811E-1 0.78964E-1 0.78637E-1 0.78389E-1 0.77594E-1 0.77693E-1 0.77693E-1 0.74670E-1 0.77700E-1 0.77880E-1 0.78224E-1 0.78470E-1 0.78556E-1 0.78470E-1 0.78203E-1 0.78451E-1 0.78470E-1 0.78257E-1 0.78556E-1 0.78556E-1 0.78556E-1 0.78556E-1 0.78849E-1 0.78849E-1 0.78849E-1 0.78849E-1 0.78457E-1 0.78459E-1 0.78408E-1 0.77936E-1 0.77758E-1 0.78107E-1 0.78089E-1 0.78331E-1 0.78329E-1 0.78485E-1 0.78627E-1 0.78812E-1 0.79122E-1 0.79590E-1 0.80321E-1 0.80970E-1 0.81991E-1 0.82012E-1 0.82012E-1
0.90601E-1 0.90601E-1 0.78238E-1 0.78814E-1 0.78814E-1 0.78814E-1 0.78814E-1 0.78814E-1 0.78814E-1 0.78814E-1 0.78814E-1 0.78814E-1 0.78814E-1 0.78968E-1 0.78968E-1 0.78640E-1 0.77879E-1 0.77597E-1 0.77696E-1 0.77337E-1 0.77651E-1 0.77954E-1 0.78086E-1 0.78340E-1 0.78253E-1 0.78474E-1 0.77600E-1 0.78373E-1 0.78473E-1 0.78261E-1 0.78261E-1 0.78261E-1 0.78261E-1 0.78261E-1 0.78509E-1 0.78852E-1 0.78852E-1 0.78852E-1 0.78501E-1 0.78456E-1 0.78367E-1 0.78230E-1 0.77979E-1 0.78111E-1 0.78190E-1 0.78207E-1 0.78572E-1 0.78746E-1 0.90628E-1 0.90628E-1 0.90628E-1 0.90628E-1 0.78415E-1 0.78510E-1 0.80754E-1 0.82016E-1 0.82016E-1
