test/test_data/tcaap/monthly_mean_over_all_Jan__actual_et__2015-01-01_to_2019-12-31__180_by_260__inches.asc
NCOLS        180
NROWS        260
XLLCORNER     476375.000
YLLCORNER    4970875.000
CELLSIZE        100.000
NODATA_VALUE -9999.
[rows 0 to 28 of 260, columns 67 to 133 of 180]
0.27995 0.27995 0.27995 0.27995 0.28340 0.28340 0.28340 0.29764 0.29764 0.31691 0.31691 0.29764 0.29764 0.29764 0.29423 0.29764 0.29763 0.29481 0.29481 0.28192 0.28192 0.28192 0.28192 0.28192 0.28192 0.28192 0.29816 0.28535 0.29513 0.29513 0.28714 0.28714 0.29996 0.30380 0.30380 0.30380 0.30380 0.30380 0.30462 0.29704 0.31875 0.33139 0.32578 0.31456 0.31872 0.31872 0.32578 0.31872 0.32578 0.31841 0.32860 0.32620 0.30378 0.32167 0.33143 0.32620 0.30378 0.30763 0.30763 0.30381 0.30195 0.30184 0.29877 0.28629 0.30938 0.30184 0.30381
0.29810 0.29810 0.27996 0.27996 0.27996 0.27996 0.27996 0.28078 0.31728 0.32577 0.31728 0.29765 0.28078 0.28078 0.28078 0.28427 0.28078 0.28193 0.28193 0.29482 0.29482 0.28193 0.28193 0.28193 0.29482 0.28193 0.28536 0.28536 0.29850 0.29850 0.29108 0.29128 0.30736 0.30622 0.30622 0.30622 0.30683 0.30330 0.30412 0.30230 0.31877 0.32588 0.30312 0.31958 0.31873 0.32580 0.32580 0.32580 0.30076 0.30514 0.30008 0.31760 0.30379 0.31844 0.31760 0.30379 0.30765 0.30765 0.30765 0.30789 0.30762 0.32816 0.32816 0.30704 0.30789 0.30704 0.30382
0.29811 0.29811 0.29811 0.27997 0.27997 0.27997 0.28079 0.27010 0.32578 0.32578 0.35574 0.29425 0.28428 0.28428 0.29425 0.28079 0.29425 0.28194 0.28194 0.29483 0.29483 0.28194 0.29818 0.28194 0.29483 0.28194 0.29076 0.28716 0.28312 0.28682 0.29422 0.30071 0.31547 0.32824 0.31914 0.30624 0.30624 0.30332 0.30413 0.30479 0.32838 0.32589 0.30077 0.31959 0.31959 0.30376 0.29706 0.32588 0.30380 0.32884 0.32635 0.30009 0.32169 0.33147 0.33053 0.30380 0.30679 0.30766 0.30766 0.30790 0.30535 0.32817 0.32817 0.32577 0.30383 0.30383 0.30383
0.29779 0.29812 0.29812 0.29812 0.27997 0.27997 0.27011 0.27011 0.32580 0.32912 0.32912 0.27011 0.28080 0.28080 0.28080 0.28080 0.29426 0.29484 0.28195 0.28195 0.28195 0.29484 0.29484 0.28195 0.29077 0.30111 0.30111 0.30010 0.30010 0.30010 0.28313 0.30383 0.32798 0.33030 0.33030 0.30461 0.30333 0.30333 0.30414 0.29707 0.33142 0.32590 0.30465 0.32590 0.32590 0.30465 0.30465 0.30078 0.30381 0.32886 0.32636 0.30381 0.30535 0.33073 0.32931 0.30381 0.33148 0.32636 0.30767 0.30792 0.30792 0.32818 0.33105 0.32818 0.32579 0.32579 0.30384
0.29780 0.29780 0.29780 0.29780 0.29780 0.28083 0.27137 0.27137 0.32681 0.32879 0.27137 0.28145 0.28145 0.29427 0.29427 0.28081 0.28081 0.28196 0.28196 0.28196 0.28196 0.29485 0.29485 0.28652 0.30242 0.30242 0.30242 0.30011 0.30385 0.30385 0.29572 0.32763 0.32763 0.33031 0.33031 0.30135 0.29887 0.29572 0.29708 0.33144 0.32841 0.30080 0.30080 0.30467 0.30467 0.30467 0.30207 0.30379 0.30681 0.31848 0.30383 0.30510 0.30681 0.30681 0.30681 0.30681 0.32172 0.32638 0.30681 0.30793 0.30793 0.33106 0.33106 0.33106 0.33106 0.30385 0.30793
0.29781 0.29781 0.29781 0.29781 0.29781 0.29354 0.28146 0.32977 0.32746 0.32880 0.28146 0.28146 0.28146 0.28146 0.29390 0.29390 0.29390 0.28214 0.28214 0.28214 0.28214 0.30275 0.30275 0.30275 0.30006 0.29975 0.29975 0.30012 0.30386 0.30463 0.32764 0.32764 0.33032 0.32016 0.31746 0.31964 0.30136 0.30136 0.32047 0.33228 0.30208 0.30468 0.30468 0.30468 0.30380 0.30081 0.30468 0.30468 0.30770 0.30384 0.30770 0.30770 0.30770 0.30770 0.30770 0.30770 0.30384 0.32639 0.32639 0.30530 0.30530 0.33108 0.33108 0.33108 0.33108 0.30386 0.30794
0.29782 0.29782 0.29782 0.29782 0.29782 0.28085 0.30024 0.29491 0.32796 0.32748 0.35528 0.28147 0.28147 0.28147 0.29391 0.29391 0.29391 0.28215 0.28215 0.29402 0.30096 0.30277 0.30277 0.30380 0.30008 0.30008 0.30380 0.30434 0.30737 0.30179 0.32024 0.33250 0.32024 0.32024 0.32024 0.32024 0.31965 0.31965 0.32076 0.30217 0.32865 0.30209 0.30469 0.32652 0.30082 0.30082 0.30469 0.30469 0.30396 0.30771 0.30771 0.30771 0.30771 0.30771 0.30771 0.30771 0.30385 0.33059 0.33059 0.32193 0.32193 0.33109 0.33109 0.33109 0.33109 0.30531 0.30795
0.29783 0.29783 0.29783 0.29783 0.29783 0.29783 0.31821 0.31509 0.29660 0.29733 0.28147 0.29226 0.28147 0.28147 0.28147 0.29392 0.29392 0.29520 0.29520 0.30278 0.30009 0.30278 0.30278 0.30381 0.30396 0.30381 0.30381 0.30435 0.30180 0.31434 0.32025 0.32025 0.32025 0.32025 0.32025 0.32025 0.32025 0.32025 0.32408 0.30240 0.32795 0.30232 0.30502 0.32638 0.28497 0.30502 0.30502 0.30502 0.30772 0.30772 0.30772 0.30685 0.32229 0.33244 0.32696 0.30386 0.30386 0.33060 0.33060 0.30388 0.30388 0.33110 0.33110 0.33110 0.33110 0.30533 0.30388
0.29784 0.29307 0.29784 0.29307 0.29784 0.29784 0.31822 0.31822 0.29393 0.29393 0.28148 0.28148 0.28148 0.29393 0.29393 0.31811 0.31863 0.31863 0.30570 0.30570 0.30010 0.30279 0.30279 0.30382 0.30382 0.30382 0.30382 0.30436 0.30181 0.32026 0.32053 0.32053 0.32026 0.32026 0.32026 0.32026 0.32026 0.31660 0.31500 0.31500 0.33318 0.32125 0.30503 0.30092 0.30092 0.30503 0.30503 0.30503 0.30813 0.30813 0.30404 0.30404 0.32622 0.33279 0.30726 0.30404 0.30813 0.30404 0.32222 0.30435 0.30390 0.32825 0.33112 0.33112 0.33112 0.33112 0.30542
0.29785 0.29785 0.29308 0.29308 0.29785 0.29785 0.29394 0.29394 0.29877 0.29877 0.29877 0.29877 0.29877 0.28149 0.27141 0.27141 0.28811 0.28555 0.30328 0.30328 0.30011 0.30280 0.30280 0.30383 0.30383 0.30383 0.30383 0.32028 0.32028 0.32028 0.32076 0.31437 0.31437 0.32028 0.32028 0.32028 0.31437 0.31661 0.31661 0.31501 0.33320 0.32127 0.30504 0.30234 0.30452 0.30504 0.30504 0.30234 0.33108 0.33242 0.32223 0.30815 0.32623 0.30405 0.30815 0.30405 0.30727 0.30815 0.30436 0.30436 0.32783 0.33295 0.33295 0.33295 0.33295 0.32252 0.33295
0.29786 0.29786 0.29786 0.29786 0.29786 0.29786 0.29878 0.30296 0.29878 0.29878 0.29878 0.29878 0.29878 0.30029 0.32689 0.32689 0.32733 0.30329 0.30329 0.30329 0.30012 0.30012 0.30281 0.30384 0.30384 0.30384 0.30335 0.32029 0.32029 0.32029 0.33023 0.31438 0.31438 0.32029 0.32029 0.33247 0.32029 0.31968 0.31662 0.31638 0.33321 0.33321 0.30417 0.29969 0.32153 0.30505 0.30417 0.30235 0.33110 0.33243 0.33243 0.30406 0.30559 0.30406 0.30406 0.30406 0.30728 0.30728 0.30437 0.31834 0.32785 0.33296 0.33296 0.33296 0.33296 0.33296 0.33296
0.29787 0.29787 0.29787 0.30096 0.29787 0.29787 0.30597 0.30597 0.30597 0.30297 0.29879 0.29879 0.29879 0.32691 0.32691 0.32691 0.32735 0.30206 0.30627 0.30627 0.30330 0.30330 0.30627 0.30336 0.30336 0.31432 0.31743 0.32030 0.32030 0.31439 0.33167 0.31659 0.33248 0.33248 0.33248 0.32030 0.32030 0.30236 0.30506 0.30506 0.33323 0.32129 0.30236 0.30236 0.30107 0.30506 0.30418 0.29656 0.33244 0.33244 0.33244 0.32737 0.30407 0.30407 0.30407 0.30407 0.30407 0.32989 0.33298 0.33298 0.33298 0.33298 0.33298 0.32052 0.33298 0.33298 0.33298
0.29788 0.29788 0.29788 0.29788 0.29788 0.29788 0.29880 0.30598 0.30598 0.30598 0.30616 0.30346 0.32417 0.32417 0.30190 0.32771 0.30660 0.30465 0.30628 0.30628 0.30628 0.30331 0.30331 0.30702 0.35581 0.31433 0.31961 0.32032 0.32032 0.33259 0.33259 0.33026 0.33249 0.33249 0.32200 0.32200 0.32032 0.30097 0.30507 0.30507 0.32131 0.30238 0.30419 0.30238 0.30507 0.30507 0.30238 0.32649 0.33246 0.33246 0.33246 0.30408 0.30408 0.30818 0.30818 0.30408 0.30408 0.33246 0.33299 0.32256 0.33299 0.33299 0.33299 0.32054 0.32256 0.33299 0.33299
0.29789 0.29789 0.29789 0.29789 0.29789 0.29789 0.30599 0.30599 0.30599 0.30599 0.30618 0.30618 0.30599 0.30599 0.30191 0.30493 0.30596 0.29579 0.29579 0.30339 0.30630 0.30332 0.30703 0.35583 0.31434 0.31963 0.31963 0.32033 0.32247 0.32247 0.30746 0.30369 0.30746 0.30369 0.30369 0.30369 0.30369 0.30509 0.30509 0.30098 0.30098 0.30247 0.30098 0.30098 0.30509 0.30239 0.30239 0.32804 0.30409 0.33247 0.32229 0.32229 0.32229 0.30819 0.30819 0.30731 0.30409 0.33247 0.32258 0.32258 0.33301 0.33301 0.32258 0.31721 0.32258 0.33301 0.33301
0.29858 0.29858 0.29858 0.30007 0.29858 0.30201 0.30609 0.30600 0.30600 0.30600 0.30348 0.30494 0.30600 0.30600 0.30193 0.29882 0.30303 0.29580 0.29580 0.29916 0.29916 0.29762 0.30318 0.30140 0.35584 0.31964 0.32034 0.31597 0.30747 0.30747 0.30747 0.30747 0.30747 0.30747 0.30747 0.30747 0.30443 0.30510 0.30421 0.30421 0.30510 0.30526 0.33240 0.32106 0.30421 0.30240 0.30240 0.30411 0.30411 0.30411 0.33163 0.33163 0.33163 0.30411 0.30821 0.30821 0.30821 0.33722 0.30595 0.33050 0.33302 0.33302 0.32287 0.32204 0.32259 0.33302 0.33302
0.30168 0.30467 0.30168 0.30168 0.30467 0.30203 0.30350 0.30610 0.32421 0.32421 0.31842 0.29893 0.30203 0.30503 0.30203 0.29893 0.30050 0.29681 0.30319 0.30599 0.30007 0.28223 0.32958 0.31965 0.33101 0.31965 0.31815 0.31598 0.30748 0.30748 0.30748 0.30748 0.30748 0.30748 0.30444 0.30461 0.30057 0.30100 0.30241 0.30423 0.30511 0.30511 0.30241 0.33328 0.33329 0.32649 0.30100 0.35671 0.30412 0.33250 0.33250 0.26642 0.30424 0.30412 0.30734 0.30734 0.30822 0.30837 0.30596 0.33052 0.33304 0.33304 0.33883 0.30256 0.30256 0.32791 0.32791
0.29860 0.29860 0.29860 0.29860 0.29860 0.29894 0.29894 0.32422 0.32422 0.32422 0.35544 0.29894 0.29894 0.29894 0.30351 0.30204 0.30738 0.30738 0.30738 0.30738 0.30363 0.28481 0.32012 0.32012 0.32012 0.32012 0.31506 0.32348 0.30750 0.30750 0.30749 0.30749 0.30749 0.30749 0.30462 0.30190 0.30190 0.30101 0.30101 0.30512 0.30512 0.30101 0.30101 0.33062 0.33062 0.32650 0.32808 0.32996 0.33252 0.33252 0.32382 0.30709 0.30709 0.30823 0.30735 0.30413 0.30413 0.30565 0.30869 0.33053 0.33305 0.33305 0.32261 0.29998 0.29998 0.30444 0.30767
0.29433 0.29861 0.29861 0.29861 0.29861 0.29896 0.29896 0.29896 0.31845 0.31845 0.29896 0.29896 0.29896 0.29896 0.30612 0.30612 0.30739 0.30739 0.30739 0.30739 0.30365 0.28482 0.32013 0.32013 0.31484 0.31796 0.32350 0.32488 0.30752 0.30752 0.30752 0.30752 0.30752 0.30752 0.30464 0.30189 0.30189 0.30239 0.30557 0.30644 0.30378 0.30239 0.31792 0.30251 0.33063 0.32264 0.26568 0.33253 0.33253 0.33253 0.30694 0.30710 0.30710 0.30414 0.32745 0.30414 0.30414 0.30567 0.33054 0.33306 0.33306 0.33306 0.33306 0.29999 0.29999 0.30589 0.30589
0.28170 0.28170 0.29862 0.29862 0.29862 0.29897 0.29897 0.29897 0.29897 0.29897 0.29897 0.30039 0.29897 0.29897 0.30507 0.30613 0.30740 0.30740 0.30740 0.30740 0.30366 0.28483 0.30188 0.30188 0.30188 0.30753 0.32490 0.32490 0.30753 0.30753 0.30753 0.30753 0.30753 0.30753 0.30449 0.30041 0.30041 0.30240 0.30558 0.30645 0.30240 0.30240 0.30240 0.32886 0.33188 0.32163 0.26715 0.33385 0.33385 0.33385 0.31103 0.30719 0.30431 0.30569 0.32998 0.33254 0.30027 0.30415 0.32788 0.33308 0.33308 0.33308 0.33308 0.30000 0.30446 0.30446 0.30591
0.30188 0.30188 0.28296 0.28347 0.28171 0.28186 0.29463 0.29463 0.29463 0.29898 0.29463 0.29412 0.29463 0.28186 0.28186 0.30614 0.30741 0.30382 0.30382 0.30382 0.30382 0.30552 0.28483 0.30189 0.30713 0.30382 0.30375 0.30375 0.30375 0.30340 0.30340 0.30340 0.30340 0.30340 0.29607 0.29942 0.29607 0.29725 0.29725 0.30060 0.29725 0.32187 0.30521 0.30521 0.32164 0.32164 0.32164 0.32260 0.32260 0.32260 0.30237 0.29981 0.29981 0.30421 0.32855 0.32855 0.32855 0.30421 0.32497 0.32736 0.32873 0.32868 0.32713 0.32258 0.31927 0.30511 0.30447
0.30505 0.30189 0.30189 0.29623 0.28171 0.29413 0.29464 0.29464 0.29464 0.29899 0.29464 0.29464 0.29464 0.29899 0.30041 0.30183 0.30742 0.30244 0.31890 0.32498 0.31181 0.30383 0.30383 0.32017 0.32017 0.30383 0.30376 0.30376 0.30055 0.30341 0.30341 0.30341 0.30341 0.30154 0.30276 0.30689 0.30718 0.30718 0.32189 0.32189 0.32189 0.32594 0.30797 0.30718 0.30718 0.32165 0.32165 0.32261 0.32261 0.32261 0.32261 0.32261 0.29982 0.32856 0.32856 0.32856 0.30422 0.35741 0.35741 0.35741 0.35741 0.35741 0.35741 0.35741 0.35741 0.30898 0.30383
0.30579 0.30579 0.29883 0.30190 0.30190 0.29414 0.29900 0.29900 0.29465 0.29900 0.29465 0.29465 0.29465 0.29900 0.29900 0.30496 0.30744 0.30369 0.30369 0.30210 0.30384 0.30384 0.30744 0.30056 0.30191 0.30191 0.32097 0.32097 0.32355 0.30342 0.30342 0.30342 0.30342 0.29609 0.30476 0.30690 0.30719 0.30719 0.32190 0.32190 0.32190 0.31710 0.30978 0.31221 0.31221 0.30719 0.32167 0.32263 0.32263 0.32263 0.32263 0.32263 0.32263 0.32263 0.32263 0.35719 0.35719 0.35742 0.35742 0.35742 0.35742 0.35742 0.35742 0.35742 0.35742 0.35742 0.30536
0.30580 0.30580 0.30281 0.29884 0.30213 0.29918 0.30250 0.30069 0.30059 0.29901 0.29466 0.29466 0.29466 0.29901 0.30210 0.30192 0.30057 0.30745 0.30745 0.29689 0.29689 0.30385 0.30385 0.30385 0.30504 0.32020 0.32098 0.32356 0.32356 0.30344 0.30344 0.30344 0.30157 0.31321 0.30477 0.30949 0.31301 0.32597 0.32597 0.31505 0.31711 0.31711 0.31711 0.31223 0.31223 0.32836 0.32168 0.32264 0.32264 0.32264 0.32264 0.32264 0.32264 0.32264 0.33114 0.35720 0.35720 0.35744 0.35744 0.35744 0.35744 0.35744 0.35744 0.35744 0.35744 0.30652 0.30386
0.30581 0.30177 0.29868 0.30009 0.30214 0.29919 0.29919 0.29919 0.28189 0.28189 0.28189 0.29902 0.29902 0.30512 0.30619 0.30058 0.30357 0.30652 0.30746 0.30521 0.29944 0.29270 0.30386 0.30386 0.30759 0.32021 0.32048 0.32711 0.32850 0.31692 0.31692 0.31692 0.31692 0.31692 0.31692 0.31692 0.31507 0.31507 0.31507 0.31507 0.31713 0.31713 0.31713 0.31713 0.30352 0.30352 0.32170 0.32265 0.32265 0.32265 0.32265 0.32265 0.29985 0.30836 0.30566 0.35722 0.35722 0.35745 0.35745 0.35745 0.35745 0.35745 0.35745 0.35745 0.35745 0.30387 0.30387
0.32941 0.35520 0.35520 0.32343 0.31635 0.31588 0.31701 0.28190 0.28190 0.28190 0.29417 0.29903 0.29903 0.30514 0.29903 0.30060 0.30372 0.30654 0.30747 0.30687 0.29691 0.30205 0.30629 0.30629 0.32075 0.32022 0.32049 0.32851 0.31184 0.31296 0.31574 0.31583 0.31586 0.31594 0.31612 0.31651 0.31530 0.31596 0.31508 0.31508 0.31508 0.31578 0.31509 0.31455 0.30354 0.30354 0.30354 0.32267 0.32267 0.32267 0.32267 0.32267 0.29986 0.30837 0.30837 0.35723 0.35723 0.35747 0.35747 0.35747 0.35747 0.35747 0.35747 0.35747 0.35747 0.30410 0.30835
0.31724 0.31724 0.31670 0.31665 0.31862 0.31887 0.27308 0.28231 0.28231 0.29439 0.29439 0.29925 0.29904 0.30214 0.29904 0.30500 0.30500 0.30748 0.30748 0.30688 0.30034 0.30389 0.30630 0.30338 0.31592 0.32024 0.32051 0.32051 0.32764 0.31695 0.31695 0.31695 0.31695 0.31704 0.31698 0.31481 0.31482 0.31465 0.31509 0.31509 0.31509 0.31480 0.31445 0.31381 0.30355 0.30355 0.29731 0.32268 0.32268 0.32268 0.32268 0.29987 0.29987 0.30838 0.30838 0.35725 0.35725 0.35749 0.35749 0.35749 0.35749 0.35749 0.35749 0.35749 0.35749 0.35749 0.30885
0.29441 0.29441 0.29441 0.29441 0.31873 0.31889 0.28232 0.28232 0.28232 0.28232 0.30054 0.30083 0.30539 0.30386 0.29927 0.30474 0.30474 0.30726 0.30726 0.30664 0.30497 0.30046 0.30608 0.30314 0.31593 0.32104 0.32052 0.32866 0.31696 0.31696 0.31494 0.31494 0.31494 0.31494 0.31494 0.31494 0.31510 0.31510 0.31716 0.31716 0.31339 0.31383 0.31514 0.31692 0.30356 0.30356 0.29988 0.32269 0.32269 0.32280 0.32269 0.32296 0.29988 0.30840 0.30840 0.30428 0.31667 0.35750 0.35750 0.35750 0.35750 0.35750 0.35750 0.35750 0.35750 0.35750 0.31107
0.29874 0.29394 0.29874 0.29394 0.29441 0.32468 0.29928 0.29928 0.29928 0.29441 0.30076 0.28923 0.29681 0.30357 0.29441 0.30047 0.30047 0.30365 0.30365 0.30365 0.30047 0.28825 0.30609 0.30316 0.31574 0.31592 0.32029 0.32550 0.31674 0.31674 0.31674 0.31674 0.31674 0.31674 0.31674 0.31674 0.31718 0.31307 0.30632 0.30354 0.35482 0.35482 0.31456 0.31659 0.31463 0.31805 0.32012 0.35728 0.35728 0.32270 0.32270 0.32270 0.32270 0.33174 0.30752 0.30841 0.30570 0.35752 0.35752 0.35752 0.35752 0.35752 0.35752 0.35752 0.35752 0.35752 0.31000
0.29875 0.29875 0.29875 0.29395 0.29442 0.32469 0.29929 0.29929 0.29929 0.30648 0.30574 0.30574 0.29611 0.29682 0.30254 0.30366 0.30048 0.30048 0.30048 0.30048 0.30048 0.28825 0.30610 0.30317 0.31576 0.31436 0.32030 0.32815 0.31675 0.31675 0.31675 0.31473 0.32108 0.32776 0.31675 0.31675 0.31492 0.31111 0.35157 0.35157 0.30980 0.31043 0.31193 0.31414 0.31136 0.31386 0.35724 0.35724 0.35730 0.32272 0.32272 0.32272 0.32272 0.30431 0.30842 0.30842 0.30842 0.35753 0.35753 0.35753 0.35753 0.35753 0.35753 0.35753 0.35753 0.35753 0.31109
