test/test_data/tcaap/monthly_variance_over_all_Sep__actual_et__2015-01-01_to_2019-12-31__180_by_260__inches.asc
NCOLS        180
NROWS        260
XLLCORNER     476375.000
YLLCORNER    4970875.000
CELLSIZE        100.000
NODATA_VALUE -9999.
[rows 0 to 28 of 260, columns 0 to 66 of 180]
0.56967 0.69796 0.88324 0.88324 0.67681 0.63391 0.63417 0.62989 0.71040 0.65156 0.65438 0.65438 0.65413 0.65413 0.65413 0.63806 0.62563 0.65157 0.67432 0.67432 0.59428 0.59997 0.59997 0.59937 0.53727 0.53727 0.59937 0.59937 0.59418 0.59418 0.59418 0.65387 0.64228 0.64228 0.64228 0.64471 0.64471 0.64228 0.64228 0.64228 0.64228 0.65906 0.66201 0.66201 0.66201 0.88029 0.88029 0.88029 0.88029 0.65870 0.65870 0.65870 0.65870 0.66544 0.66544 0.66544 0.66210 0.66210 0.66210 0.66210 0.66210 0.60489 0.60489 0.61429 0.61429 0.61429 0.61429
0.62699 0.62974 0.88325 0.88325 0.66396 0.65985 0.65985 0.62989 0.71041 0.65827 0.66186 0.65438 0.65438 0.65438 0.65244 0.65438 0.63959 0.65106 0.66900 0.66900 0.68139 0.74072 0.74072 0.74969 0.74969 0.88151 0.59938 0.59419 0.59419 0.65783 0.65783 0.66042 0.66042 0.66033 0.66042 0.66042 0.66042 0.66042 0.66042 0.66042 0.65706 0.65706 0.62249 0.66037 0.66202 0.88030 0.88030 0.88030 0.88030 0.88030 0.65871 0.65871 0.66231 0.66231 0.63959 0.66545 0.66211 0.66211 0.66211 0.66211 0.66211 0.66211 0.63959 0.66666 0.66666 0.66666 0.66666
0.63209 0.62700 0.88326 0.88326 0.65986 0.65986 0.63399 0.65986 0.71407 0.65157 0.65439 0.65439 0.65439 0.65414 0.64957 0.66584 0.64957 0.67444 0.73719 0.66012 0.73719 0.76685 0.76685 0.74073 0.79214 0.70170 0.70170 0.59419 0.65389 0.65783 0.65783 0.66042 0.66042 0.66042 0.66042 0.66042 0.66042 0.66042 0.65687 0.65687 0.65687 0.59612 0.60012 0.63124 0.63124 0.88025 0.88025 0.88025 0.88025 0.88025 0.65854 0.65854 0.66881 0.66881 0.63769 0.67004 0.66211 0.66211 0.66211 0.66211 0.66211 0.66211 0.66211 0.66666 0.66666 0.66666 0.66666
0.63210 0.69798 0.68361 0.88328 0.88328 0.65986 0.65986 0.71408 0.64676 0.65158 0.65439 0.65439 0.65439 0.65439 0.64957 0.67547 0.58811 0.73719 0.88253 0.88253 0.73719 0.76685 0.76685 0.75180 0.79215 0.70554 0.70170 0.55004 0.63871 0.59419 0.66604 0.67354 0.66043 0.66043 0.66043 0.66043 0.66043 0.66043 0.66043 0.65688 0.65688 0.65688 0.60012 0.60012 0.60012 0.60012 0.64206 0.64042 0.62250 0.62250 0.62250 0.60012 0.61555 0.61555 0.67005 0.67005 0.67005 0.66865 0.66865 0.66865 0.66865 0.66865 0.66865 0.67055 0.67055 0.67055 0.67055
0.69142 0.69988 0.68962 0.88329 0.88329 0.65987 0.66679 0.68036 0.65987 0.65158 0.65440 0.65440 0.65440 0.65440 0.65440 0.65415 0.64958 0.88255 0.88255 0.88255 0.73081 0.75181 0.75181 0.76012 0.76012 0.70034 0.64291 0.59420 0.59420 0.59420 0.66604 0.67355 0.66043 0.66043 0.66043 0.66043 0.66043 0.66043 0.66043 0.66043 0.66028 0.65689 0.65836 0.65836 0.66189 0.65855 0.65855 0.62251 0.62251 0.62251 0.62251 0.62251 0.61556 0.61556 0.61556 0.66865 0.66865 0.66865 0.66865 0.66865 0.66865 0.66865 0.66865 0.67056 0.67056 0.64874 0.67056
0.67814 0.69989 0.69989 0.88330 0.88330 0.88330 0.88330 0.65987 0.63401 0.65159 0.65440 0.65440 0.65440 0.65440 0.65440 0.65416 0.64959 0.88256 0.88256 0.88256 0.74763 0.74075 0.74075 0.74972 0.66605 0.65393 0.64291 0.65390 0.59420 0.59420 0.67033 0.65881 0.65689 0.66044 0.66044 0.66044 0.66044 0.66044 0.66044 0.66044 0.66044 0.65689 0.65837 0.65837 0.66189 0.66189 0.65856 0.60593 0.62251 0.60013 0.60013 0.65856 0.66883 0.63771 0.61556 0.66866 0.67006 0.67006 0.67112 0.66866 0.66866 0.66866 0.66866 0.67056 0.67056 0.67056 0.67056
0.75198 0.67060 0.69143 0.88331 0.88331 0.88331 0.88331 0.88331 0.66705 0.65159 0.65441 0.65441 0.65441 0.65441 0.64959 0.64959 0.79249 0.53557 0.73721 0.74951 0.74764 0.74075 0.74873 0.74973 0.74973 0.65394 0.65394 0.65394 0.59939 0.59939 0.65363 0.65690 0.65690 0.66045 0.66045 0.66045 0.66045 0.66045 0.66045 0.66045 0.66045 0.65690 0.66040 0.66169 0.65838 0.66190 0.66190 0.64718 0.64718 0.65856 0.65856 0.65856 0.66884 0.66884 0.66200 0.67093 0.67007 0.67007 0.67113 0.66867 0.66867 0.66867 0.66867 0.67057 0.67057 0.67057 0.67057
0.68980 0.69164 0.69164 0.88333 0.88333 0.75944 0.88333 0.88333 0.66706 0.66706 0.65442 0.65442 0.65442 0.65417 0.64960 0.64960 0.64960 0.62567 0.63560 0.64714 0.59940 0.59940 0.59940 0.59940 0.59940 0.59940 0.59940 0.59940 0.59421 0.59421 0.66606 0.65690 0.65690 0.65709 0.65709 0.66045 0.66045 0.66045 0.66045 0.66045 0.66045 0.65838 0.66041 0.66041 0.66170 0.66179 0.66179 0.63582 0.63582 0.60014 0.65857 0.65857 0.66884 0.66884 0.66201 0.61557 0.66733 0.67113 0.66867 0.66867 0.66867 0.66867 0.68110 0.68110 0.67058 0.67058 0.67058
0.69751 0.68576 0.69165 0.88334 0.88334 0.75945 0.75945 0.88334 0.66706 0.66706 0.66968 0.65442 0.65442 0.65431 0.64960 0.64960 0.64960 0.58813 0.64988 0.64988 0.59940 0.59940 0.59421 0.59421 0.59421 0.63948 0.59940 0.59940 0.59940 0.59940 0.65364 0.65691 0.66030 0.65710 0.65710 0.66046 0.66046 0.66046 0.66046 0.66872 0.66037 0.65839 0.65839 0.66041 0.66170 0.66179 0.65857 0.60014 0.63583 0.60014 0.64719 0.63999 0.66885 0.61558 0.66388 0.61558 0.67102 0.67114 0.66868 0.66868 0.66868 0.66868 0.67058 0.67058 0.67058 0.62195 0.62195
0.69752 0.68576 0.68576 0.67427 0.88240 0.75490 0.75490 0.88240 0.66063 0.66085 0.66189 0.64621 0.64621 0.64621 0.64961 0.65418 0.65443 0.64988 0.64988 0.64988 0.62480 0.59422 0.59422 0.59422 0.59941 0.59941 0.55006 0.59422 0.59422 0.59422 0.65364 0.65692 0.65883 0.66046 0.66046 0.66046 0.66046 0.66046 0.66046 0.66046 0.66046 0.66192 0.65839 0.66042 0.66042 0.65839 0.65858 0.64457 0.63584 0.63584 0.75650 0.75650 0.63773 0.66389 0.66389 0.57952 0.66886 0.67115 0.67115 0.66869 0.66868 0.66868 0.67059 0.67059 0.67059 0.67059 0.67059
0.68577 0.68577 0.68577 0.68577 0.88241 0.75491 0.75491 0.88241 0.68604 0.66518 0.66189 0.64622 0.64622 0.63083 0.64622 0.64172 0.64622 0.64622 0.64198 0.64198 0.64496 0.59206 0.59206 0.58629 0.59206 0.54641 0.55007 0.55007 0.59422 0.59422 0.65365 0.65692 0.65884 0.66047 0.66047 0.66047 0.66047 0.66047 0.66047 0.66047 0.66047 0.66193 0.66193 0.66193 0.65840 0.60015 0.64721 0.64457 0.70524 0.56019 0.56019 0.60015 0.63773 0.67104 0.73629 0.67104 0.67104 0.61559 0.66869 0.66869 0.66869 0.66869 0.67060 0.67060 0.67060 0.67060 0.67060
0.65284 0.65284 0.68578 0.68578 0.88243 0.75492 0.75492 0.88243 0.88243 0.72293 0.65580 0.64173 0.64622 0.64622 0.64173 0.64446 0.64622 0.64622 0.64198 0.64198 0.64496 0.59206 0.59206 0.58630 0.58630 0.59206 0.54642 0.58630 0.58630 0.64470 0.64470 0.65077 0.65077 0.65077 0.65492 0.65492 0.65492 0.65492 0.66048 0.66048 0.66048 0.65859 0.65859 0.65859 0.65859 0.60015 0.60015 0.66181 0.61776 0.60015 0.65841 0.65841 0.67010 0.67010 0.67116 0.67116 0.67116 0.66870 0.66870 0.61559 0.66870 0.66870 0.67060 0.68544 0.68688 0.67352 0.67060
0.68486 0.68486 0.68578 0.77538 0.68578 0.88244 0.75492 0.88244 0.88244 0.72443 0.72443 0.64173 0.64173 0.70598 0.64173 0.64173 0.64605 0.64605 0.64605 0.64199 0.58630 0.58630 0.61146 0.62069 0.62069 0.59206 0.59206 0.58630 0.58630 0.58630 0.64471 0.65078 0.65078 0.65078 0.65493 0.65078 0.65078 0.65473 0.65078 0.65493 0.65493 0.65736 0.65736 0.65736 0.65736 0.59828 0.65108 0.65717 0.66045 0.70764 0.65841 0.65841 0.66870 0.66870 0.67117 0.65211 0.66888 0.66870 0.66870 0.61559 0.61559 0.66870 0.67061 0.67061 0.67061 0.67061 0.67061
0.67429 0.68487 0.68579 0.68579 0.69549 0.68125 0.88245 0.76574 0.88245 0.72444 0.72444 0.72444 0.72066 0.64623 0.64623 0.64174 0.64174 0.64606 0.64174 0.57628 0.60896 0.64497 0.63140 0.58631 0.58631 0.59207 0.59207 0.58631 0.58631 0.64471 0.65078 0.65078 0.65078 0.65078 0.65473 0.65299 0.65078 0.65473 0.65078 0.65078 0.65493 0.65736 0.65736 0.65736 0.65736 0.65736 0.65718 0.65718 0.65920 0.56169 0.59828 0.66832 0.66832 0.66545 0.80340 0.66545 0.66545 0.66832 0.68174 0.66545 0.66545 0.60986 0.62197 0.67062 0.67062 0.67062 0.67062
0.67430 0.67430 0.68488 0.68579 0.69550 0.69550 0.67202 0.88246 0.88246 0.88127 0.71707 0.72445 0.64606 0.64175 0.64624 0.64624 0.64447 0.64175 0.63247 0.64174 0.58631 0.64498 0.64498 0.58631 0.58900 0.59207 0.59207 0.58631 0.58631 0.64472 0.65079 0.65079 0.65079 0.65079 0.65079 0.65079 0.65494 0.65494 0.65494 0.65494 0.65494 0.65737 0.65737 0.65737 0.65737 0.66047 0.66059 0.66059 0.65109 0.59829 0.59829 0.66833 0.66833 0.87894 0.80341 0.67610 0.66686 0.66833 0.66833 0.66545 0.66545 0.66545 0.61815 0.66757 0.66757 0.61815 0.66757
0.67430 0.67430 0.67430 0.68488 0.68580 0.68580 0.68580 0.68580 0.88248 0.88128 0.88128 0.72445 0.72445 0.64175 0.65282 0.75862 0.64624 0.57629 0.63981 0.63247 0.58631 0.64498 0.64498 0.64498 0.63141 0.58956 0.59207 0.59207 0.58631 0.63548 0.64012 0.64012 0.64012 0.65079 0.65079 0.65079 0.65301 0.65495 0.65495 0.65495 0.65495 0.66059 0.66059 0.66059 0.65737 0.59829 0.65719 0.63626 0.63626 0.65719 0.65719 0.66833 0.66833 0.87896 0.80342 0.76593 0.66546 0.66686 0.68175 0.68320 0.66546 0.66546 0.64407 0.61853 0.61902 0.61997 0.68265
0.67431 0.67431 0.67431 0.68489 0.64510 0.64531 0.68581 0.68581 0.68581 0.88129 0.88129 0.88129 0.73204 0.72446 0.64176 0.72737 0.64625 0.64625 0.64850 0.64252 0.64275 0.64499 0.64499 0.64499 0.64499 0.63738 0.58975 0.58970 0.58917 0.64700 0.65121 0.64012 0.64012 0.65080 0.65080 0.65080 0.59167 0.65301 0.65301 0.65080 0.65495 0.66060 0.66060 0.66060 0.59829 0.59829 0.59829 0.59829 0.59829 0.65720 0.67193 0.66834 0.66834 0.87897 0.80343 0.67612 0.87897 0.66547 0.67988 0.66547 0.66547 0.66547 0.66759 0.61834 0.61861 0.63858 0.66759
0.58467 0.58467 0.67431 0.69294 0.64511 0.64531 0.64531 0.68581 0.68581 0.68678 0.88130 0.88130 0.88130 0.72767 0.72447 0.64176 0.64626 0.64626 0.64449 0.60045 0.60898 0.62721 0.64499 0.64499 0.64499 0.60898 0.61135 0.58881 0.58632 0.58632 0.59167 0.59167 0.59167 0.65080 0.65080 0.64013 0.59167 0.65080 0.65080 0.65496 0.65496 0.66061 0.66061 0.65739 0.59830 0.59830 0.64634 0.59830 0.59830 0.65720 0.65720 0.66547 0.66547 0.87898 0.87898 0.87898 0.87898 0.87898 0.87898 0.87898 0.66547 0.66547 0.66759 0.66350 0.61817 0.61817 0.61969
0.67432 0.67432 0.67432 0.68490 0.67432 0.64532 0.64532 0.68582 0.68582 0.68678 0.68678 0.88132 0.88132 0.88132 0.69418 0.71331 0.64626 0.64626 0.64177 0.60899 0.60899 0.60899 0.64500 0.64500 0.58633 0.58633 0.58633 0.58766 0.58792 0.58633 0.59167 0.59167 0.59167 0.65081 0.62761 0.62761 0.59167 0.65081 0.65476 0.65496 0.65496 0.66061 0.66061 0.65739 0.59830 0.59830 0.59830 0.59830 0.65721 0.59830 0.65721 0.66548 0.66548 0.66548 0.87899 0.87899 0.87899 0.87899 0.87899 0.87899 0.66688 0.66548 0.66760 0.66760 0.66350 0.64775 0.64885
0.66840 0.66840 0.67743 0.67743 0.67743 0.69362 0.64628 0.67476 0.62760 0.68679 0.68679 0.68679 0.88133 0.88133 0.88133 0.88133 0.64627 0.64177 0.64177 0.64927 0.64917 0.64500 0.64500 0.64500 0.64500 0.64500 0.63143 0.58633 0.58633 0.65936 0.65303 0.65107 0.65107 0.59168 0.59168 0.59168 0.59168 0.64014 0.65081 0.59168 0.65740 0.65740 0.65740 0.65740 0.62041 0.59831 0.59831 0.59831 0.59831 0.64635 0.65721 0.66549 0.66549 0.66836 0.66836 0.87901 0.87901 0.87901 0.87901 0.87901 0.66689 0.68547 0.68506 0.66761 0.68313 0.68128 0.68520
0.66841 0.66841 0.67743 0.67743 0.67743 0.64629 0.64629 0.64629 0.62861 0.62549 0.62549 0.66952 0.67707 0.72883 0.88007 0.88007 0.88007 0.63915 0.64307 0.64937 0.64928 0.64928 0.64501 0.64501 0.64501 0.64501 0.64501 0.64501 0.64501 0.64928 0.65498 0.65107 0.65107 0.65107 0.65107 0.59168 0.59168 0.65487 0.65498 0.59168 0.59831 0.64636 0.64636 0.65741 0.59831 0.59831 0.59831 0.59831 0.59831 0.65924 0.65924 0.66549 0.66549 0.66798 0.66837 0.66837 0.66549 0.66549 0.67991 0.66549 0.66690 0.68268 0.66761 0.66761 0.68268 0.69370 0.68521
0.66841 0.67871 0.67871 0.67744 0.66841 0.66841 0.64629 0.64629 0.62880 0.62550 0.62550 0.67875 0.66953 0.71431 0.71431 0.88009 0.88009 0.64150 0.64308 0.64937 0.64937 0.64937 0.64593 0.64593 0.64593 0.64593 0.63412 0.63412 0.64593 0.64921 0.65576 0.65209 0.65108 0.65108 0.65108 0.65498 0.65498 0.65498 0.65498 0.65083 0.65723 0.65113 0.65113 0.64636 0.65741 0.65741 0.65741 0.62042 0.59831 0.66063 0.66063 0.66550 0.66550 0.66799 0.66690 0.66690 0.66690 0.66550 0.66550 0.66550 0.68179 0.68405 0.66762 0.64411 0.69371 0.69512 0.69512
0.66842 0.66842 0.66842 0.66842 0.66842 0.66842 0.64630 0.64630 0.62880 0.62550 0.62542 0.68387 0.66953 0.67835 0.72884 0.88010 0.88010 0.88010 0.64308 0.64938 0.64938 0.63515 0.64938 0.64593 0.64593 0.63412 0.63415 0.63412 0.63412 0.64922 0.65560 0.65210 0.65210 0.65576 0.65576 0.65576 0.65576 0.65576 0.65187 0.65187 0.66061 0.65479 0.65479 0.65479 0.65742 0.65742 0.65742 0.64518 0.63631 0.65723 0.66064 0.66799 0.66550 0.66799 0.66838 0.66691 0.66691 0.66550 0.66550 0.66550 0.68180 0.68549 0.61819 0.66763 0.70004 0.69513 0.69513
0.66843 0.66843 0.66843 0.66843 0.66843 0.66843 0.64489 0.64630 0.62881 0.62551 0.62543 0.68387 0.66954 0.67535 0.72885 0.72885 0.88011 0.88011 0.63940 0.63516 0.63516 0.64938 0.64594 0.63516 0.62461 0.62461 0.63413 0.63413 0.58643 0.64929 0.63979 0.65577 0.65577 0.65577 0.65577 0.65577 0.65577 0.65188 0.65188 0.65188 0.66062 0.65479 0.65479 0.65479 0.66079 0.66079 0.66079 0.66079 0.60512 0.66062 0.66062 0.66404 0.66659 0.66659 0.66659 0.66659 0.66551 0.66551 0.66551 0.66551 0.67993 0.68270 0.68550 0.67040 0.66672 0.87869 0.67902
0.58854 0.66843 0.73753 0.66843 0.66843 0.66843 0.64490 0.64631 0.62552 0.62552 0.62543 0.62543 0.62201 0.62201 0.66955 0.72445 0.88012 0.88012 0.64152 0.64939 0.64939 0.64939 0.64594 0.62959 0.62959 0.58644 0.58644 0.58644 0.61116 0.64571 0.65188 0.65188 0.65578 0.65578 0.65578 0.65429 0.65188 0.65188 0.65188 0.65188 0.66062 0.65480 0.65480 0.65480 0.60513 0.66340 0.66080 0.66340 0.65480 0.65170 0.66331 0.66660 0.66660 0.67602 0.66660 0.66660 0.66660 0.66621 0.67904 0.67904 0.67904 0.66461 0.68288 0.68288 0.68288 0.66582 0.66582
0.58854 0.67873 0.73754 0.66844 0.66844 0.66844 0.66844 0.67480 0.62552 0.62552 0.62544 0.62544 0.62552 0.62552 0.65447 0.71433 0.79494 0.88014 0.70222 0.64572 0.64939 0.64939 0.64939 0.61117 0.61117 0.58644 0.58644 0.58647 0.58644 0.65189 0.65189 0.65578 0.65578 0.65189 0.65429 0.65429 0.65189 0.65189 0.65189 0.65578 0.66353 0.65480 0.66258 0.65930 0.60513 0.60513 0.65170 0.66258 0.66341 0.65170 0.66660 0.66660 0.66660 0.66660 0.66622 0.66660 0.66660 0.66405 0.66405 0.67905 0.68196 0.68007 0.68007 0.79092 0.68289 0.66771 0.80780
0.58854 0.58854 0.73755 0.66844 0.66844 0.66844 0.66844 0.66844 0.67188 0.62553 0.62202 0.66956 0.66448 0.62202 0.70233 0.70233 0.79495 0.88015 0.71868 0.72998 0.64924 0.64924 0.64924 0.64940 0.61117 0.61117 0.58644 0.58644 0.58644 0.65189 0.65430 0.65579 0.65579 0.65430 0.65430 0.65189 0.66237 0.59491 0.65189 0.65579 0.66353 0.66081 0.65930 0.65930 0.62573 0.62573 0.62573 0.65171 0.66081 0.66353 0.66661 0.66661 0.66637 0.66661 0.66623 0.66536 0.66623 0.66406 0.66406 0.67905 0.68197 0.68289 0.68008 0.68008 0.68008 0.68008 0.87740
0.58855 0.58855 0.66845 0.66845 0.66845 0.66845 0.66845 0.66845 0.66449 0.64153 0.66449 0.66957 0.66449 0.62203 0.62203 0.71435 0.73231 0.88016 0.69735 0.65502 0.64941 0.64925 0.64925 0.64941 0.61118 0.58645 0.58645 0.61118 0.58645 0.59491 0.59491 0.59491 0.61659 0.63538 0.63044 0.64174 0.64174 0.63044 0.63538 0.64043 0.64697 0.65229 0.63902 0.62573 0.66082 0.66082 0.66082 0.60514 0.66082 0.66082 0.66417 0.66417 0.66417 0.66417 0.65785 0.61451 0.61451 0.66407 0.66407 0.66407 0.66662 0.68019 0.68019 0.68232 0.68019 0.66463 0.66463
0.66845 0.66845 0.58855 0.58855 0.66845 0.66845 0.66845 0.66845 0.66449 0.66449 0.58601 0.67381 0.71656 0.71656 0.62554 0.62381 0.88017 0.88017 0.64154 0.64941 0.64941 0.64941 0.64941 0.64941 0.64597 0.64597 0.64597 0.61118 0.64597 0.65213 0.75232 0.75232 0.60912 0.61659 0.65553 0.64174 0.64174 0.60059 0.65213 0.64043 0.63903 0.60515 0.60515 0.65172 0.66082 0.64698 0.60515 0.60515 0.60515 0.60515 0.61451 0.61451 0.61451 0.63364 0.65810 0.61451 0.61451 0.66407 0.66407 0.66407 0.66662 0.68019 0.68019 0.77905 0.77340 0.77340 0.66464
