test/test_data/tcaap/monthly_variance_over_all_Mar__actual_et__2015-01-01_to_2019-12-31__180_by_260__inches.asc
NCOLS        180
NROWS        260
XLLCORNER     476375.000
YLLCORNER    4970875.000
CELLSIZE        100.000
NODATA_VALUE -9999.
[rows 174 to 202 of 260, columns 0 to 66 of 180]
0.32855 0.32855 0.31980 0.32855 0.34403 0.34403 0.34529 0.33796 0.33796 0.33235 0.31392 0.33170 0.33100 0.33407 0.32981 0.31214 0.33048 0.31414 0.31449 0.32613 0.32613 0.32608 0.32608 0.31488 0.33009 0.33009 0.33008 0.33427 0.33441 0.32638 0.33455 0.33456 0.33452 0.33766 0.33757 0.33168 0.33155 0.33142 0.32967 0.33726 0.33885 0.33897 0.34058 0.34058 0.33325 0.30109 0.29668 0.29269 0.31460 0.31666 0.32745 0.33982 0.42102 0.42102 0.42102 0.42102 0.42102 0.33919 0.33450 0.32697 0.32260 0.30817 0.30931 0.33396 0.33617 0.33823 0.33677
0.34403 0.34403 0.34403 0.34403 0.34403 0.34403 0.34366 0.33796 0.33796 0.33604 0.32768 0.33938 0.33938 0.33170 0.33170 0.33131 0.33148 0.31489 0.31490 0.31490 0.32613 0.32613 0.31490 0.31489 0.31490 0.33009 0.31490 0.33637 0.33395 0.34902 0.33413 0.33418 0.33421 0.33164 0.33730 0.33161 0.33157 0.33151 0.32985 0.33732 0.33865 0.33897 0.34059 0.34059 0.33344 0.33832 0.30001 0.30681 0.31874 0.32025 0.32240 0.33766 0.33982 0.32317 0.32129 0.42102 0.42102 0.42102 0.42102 0.29676 0.30752 0.30789 0.32369 0.32424 0.33618 0.33823 0.32143
0.35621 0.35621 0.35621 0.35621 0.35621 0.35621 0.35710 0.35579 0.35579 0.33454 0.32769 0.33938 0.33337 0.33938 0.33938 0.33938 0.33337 0.33170 0.33756 0.33756 0.33931 0.33756 0.31490 0.31490 0.31490 0.31490 0.32613 0.32532 0.32543 0.32553 0.32563 0.32572 0.32579 0.33143 0.33148 0.33152 0.33155 0.33156 0.32996 0.33153 0.33281 0.33344 0.33897 0.33897 0.33344 0.32802 0.31171 0.31108 0.30755 0.32294 0.32473 0.33704 0.33767 0.33982 0.32317 0.32317 0.31699 0.42103 0.30646 0.31202 0.32924 0.32862 0.33199 0.33135 0.32697 0.33824 0.33824
0.35762 0.35762 0.35762 0.35762 0.35762 0.35762 0.35759 0.35628 0.33921 0.31241 0.33328 0.33605 0.33605 0.33337 0.33337 0.33337 0.33926 0.33747 0.33757 0.33757 0.33757 0.33757 0.32741 0.32614 0.32614 0.32614 0.32614 0.32459 0.32459 0.32459 0.32459 0.32459 0.32459 0.32459 0.32459 0.32459 0.33267 0.32597 0.32509 0.32578 0.35110 0.33345 0.33345 0.33886 0.33345 0.33345 0.33712 0.33112 0.33007 0.32990 0.33349 0.33868 0.33767 0.33983 0.33920 0.33920 0.31461 0.28347 0.42104 0.42013 0.32834 0.32683 0.33199 0.33354 0.33354 0.32698 0.33824
0.35762 0.35762 0.35762 0.35762 0.35634 0.35634 0.35629 0.33921 0.33921 0.33921 0.33488 0.33488 0.33488 0.34087 0.34262 0.34087 0.34087 0.33341 0.33942 0.33341 0.33942 0.33942 0.34117 0.32614 0.33420 0.33757 0.32741 0.32999 0.33019 0.32459 0.32587 0.32999 0.33781 0.33781 0.33607 0.33781 0.33781 0.33781 0.31168 0.31243 0.32669 0.31504 0.33345 0.33898 0.33345 0.33345 0.33345 0.33290 0.33137 0.33127 0.33240 0.33264 0.33269 0.33279 0.33279 0.33279 0.33279 0.32318 0.42104 0.42014 0.42014 0.32835 0.32100 0.32629 0.32698 0.32698 0.32698
0.35763 0.35763 0.35763 0.35634 0.35763 0.35634 0.33921 0.34489 0.33921 0.33921 0.34088 0.34263 0.34263 0.34088 0.33488 0.33488 0.33341 0.33341 0.33942 0.33942 0.33942 0.33942 0.33942 0.33341 0.33942 0.33341 0.33341 0.33789 0.33776 0.33197 0.33964 0.33964 0.33964 0.33197 0.33964 0.33782 0.33607 0.32854 0.33245 0.32505 0.32617 0.30436 0.30503 0.33346 0.33899 0.33899 0.33899 0.33899 0.33768 0.33768 0.33768 0.33768 0.33278 0.33768 0.33921 0.33768 0.33921 0.33921 0.32242 0.42015 0.42015 0.42015 0.36532 0.32803 0.33355 0.33355 0.32698
0.35763 0.35763 0.34663 0.34663 0.34502 0.33943 0.34489 0.34489 0.34489 0.34088 0.34263 0.34263 0.34088 0.34088 0.34263 0.33488 0.33943 0.33943 0.33943 0.34117 0.33943 0.33943 0.33342 0.33342 0.34117 0.33943 0.33943 0.33790 0.33790 0.33197 0.33197 0.33197 0.33197 0.33197 0.33197 0.33197 0.33197 0.32871 0.33162 0.32421 0.30285 0.30425 0.32773 0.33352 0.33896 0.33352 0.33910 0.33346 0.33280 0.33768 0.33280 0.33280 0.33280 0.33280 0.33280 0.33280 0.33759 0.33280 0.33679 0.31391 0.42015 0.42015 0.42015 0.37364 0.32803 0.32803 0.33356
0.35764 0.34664 0.34664 0.34664 0.34664 0.33943 0.33922 0.34654 0.34654 0.33489 0.34490 0.34490 0.34654 0.34490 0.34490 0.33489 0.33342 0.33342 0.33342 0.33342 0.33943 0.33943 0.33342 0.33342 0.34118 0.34118 0.33342 0.33790 0.34036 0.33197 0.33964 0.33964 0.33964 0.33964 0.33964 0.33964 0.33790 0.33447 0.33461 0.32757 0.30183 0.32582 0.32693 0.32819 0.33910 0.33910 0.34074 0.34074 0.33935 0.33789 0.33935 0.33935 0.33935 0.33935 0.33935 0.33935 0.33935 0.33935 0.33826 0.33826 0.36215 0.42016 0.42016 0.42016 0.33522 0.32803 0.32803
0.34664 0.34664 0.34664 0.33943 0.34503 0.33943 0.34490 0.34654 0.34490 0.33489 0.34264 0.34089 0.34264 0.34490 0.34264 0.34089 0.33943 0.33343 0.33343 0.33943 0.34190 0.33943 0.33343 0.30546 0.33609 0.34118 0.33943 0.33198 0.33198 0.33965 0.33965 0.33965 0.33965 0.33965 0.33790 0.33790 0.33790 0.33636 0.33636 0.32710 0.30979 0.31116 0.32583 0.32703 0.33353 0.34075 0.34075 0.34075 0.33936 0.33936 0.33936 0.33936 0.33936 0.33936 0.33319 0.33936 0.33936 0.33936 0.33748 0.33892 0.33947 0.36235 0.41976 0.41976 0.41976 0.33593 0.32888
0.34665 0.34503 0.34665 0.33944 0.33944 0.33944 0.34491 0.34655 0.34491 0.34089 0.34264 0.34264 0.34264 0.34264 0.34089 0.34264 0.33944 0.33343 0.33343 0.34119 0.34190 0.33343 0.34119 0.30546 0.33933 0.34118 0.33343 0.33198 0.33198 0.33965 0.33198 0.33965 0.33965 0.33198 0.33777 0.33198 0.33198 0.33636 0.33636 0.33461 0.33461 0.32872 0.31127 0.32966 0.31370 0.34075 0.34075 0.34075 0.33936 0.33936 0.33936 0.33790 0.33936 0.33936 0.33320 0.33936 0.33936 0.33936 0.33892 0.33892 0.33892 0.33892 0.41977 0.41977 0.41977 0.41977 0.37479
0.34665 0.34665 0.34504 0.34504 0.33944 0.34665 0.34655 0.34491 0.34655 0.34491 0.34090 0.34090 0.34264 0.34264 0.34264 0.33490 0.33343 0.33343 0.33944 0.33343 0.33343 0.33944 0.33944 0.30547 0.33944 0.33343 0.33343 0.33198 0.33966 0.33791 0.33966 0.33966 0.33966 0.33966 0.33791 0.33198 0.33966 0.33637 0.33637 0.32872 0.33462 0.33462 0.30979 0.31123 0.32600 0.33262 0.34075 0.34075 0.33936 0.33936 0.33936 0.33936 0.33936 0.33791 0.33791 0.33936 0.33936 0.33791 0.33892 0.33892 0.33892 0.33892 0.33892 0.41978 0.41978 0.41978 0.41978
0.34665 0.34665 0.34665 0.33945 0.34504 0.34655 0.34655 0.34655 0.34655 0.34265 0.34265 0.34265 0.34265 0.34265 0.34090 0.34090 0.33344 0.33344 0.33944 0.33344 0.33344 0.33944 0.34119 0.33344 0.33944 0.34119 0.33791 0.33966 0.33966 0.33966 0.33966 0.33966 0.33966 0.33966 0.33966 0.33966 0.33966 0.33449 0.33637 0.33637 0.33462 0.33462 0.32711 0.32389 0.32516 0.32651 0.32744 0.32795 0.33321 0.33321 0.33937 0.33791 0.33791 0.33937 0.33993 0.33937 0.33937 0.33937 0.33893 0.33893 0.33893 0.33893 0.33893 0.33893 0.41979 0.41979 0.41979
0.34666 0.34666 0.33945 0.33945 0.34666 0.34492 0.34492 0.34492 0.34481 0.33491 0.34265 0.34265 0.34090 0.34265 0.34265 0.34090 0.34120 0.33945 0.34120 0.33344 0.33344 0.33344 0.33945 0.33344 0.34120 0.33945 0.33199 0.33199 0.33199 0.33199 0.33199 0.33966 0.33966 0.33966 0.33966 0.33778 0.33966 0.33463 0.33638 0.33463 0.32873 0.33135 0.33140 0.32359 0.32530 0.32606 0.32674 0.32767 0.32810 0.30595 0.33321 0.33321 0.33321 0.33791 0.33937 0.33937 0.33937 0.33937 0.33893 0.33749 0.33893 0.33893 0.33749 0.33893 0.33893 0.41979 0.41979
0.34159 0.34159 0.34159 0.33617 0.34159 0.34656 0.34656 0.34656 0.34266 0.34266 0.34266 0.34091 0.34266 0.33491 0.34266 0.34091 0.33344 0.33344 0.33945 0.33344 0.33344 0.33945 0.33945 0.30547 0.33344 0.33344 0.33200 0.33200 0.33200 0.33200 0.33200 0.33792 0.33967 0.33967 0.33792 0.33967 0.33967 0.32874 0.33638 0.33638 0.33638 0.33393 0.33393 0.33122 0.32500 0.32593 0.32589 0.32710 0.32792 0.30607 0.30595 0.33321 0.33321 0.33938 0.33938 0.33938 0.33938 0.33938 0.33893 0.33893 0.33893 0.33893 0.33893 0.33893 0.33893 0.33893 0.41980
0.34159 0.33617 0.33617 0.34159 0.34315 0.34299 0.34459 0.34459 0.33297 0.33872 0.33881 0.33881 0.33297 0.33881 0.33881 0.33297 0.33424 0.33345 0.33946 0.33345 0.33345 0.33946 0.33345 0.33345 0.34120 0.34120 0.33200 0.33793 0.33967 0.33200 0.33200 0.33200 0.33793 0.33967 0.33967 0.33779 0.33967 0.33463 0.33638 0.33638 0.33638 0.33463 0.33638 0.32874 0.32318 0.32400 0.33519 0.30712 0.30619 0.30790 0.33162 0.33444 0.35365 0.33156 0.33938 0.33938 0.33779 0.33322 0.33286 0.33286 0.33894 0.33894 0.33894 0.33894 0.33894 0.33894 0.33894
0.34315 0.33617 0.34160 0.34315 0.34315 0.34459 0.34299 0.34459 0.34052 0.33881 0.34052 0.33881 0.33297 0.33881 0.33881 0.33881 0.33424 0.33424 0.34028 0.34028 0.34201 0.33404 0.31514 0.33424 0.34201 0.34201 0.33294 0.33896 0.33896 0.33200 0.33200 0.33793 0.33793 0.33967 0.33967 0.33967 0.33967 0.32874 0.33450 0.33639 0.33639 0.33639 0.33639 0.32318 0.32326 0.32318 0.32786 0.31733 0.30830 0.32149 0.33707 0.34046 0.33148 0.33961 0.33938 0.33938 0.33779 0.31721 0.31501 0.31511 0.33272 0.33894 0.33894 0.33894 0.33894 0.33894 0.33950
0.34316 0.34160 0.34316 0.34316 0.34316 0.34299 0.34460 0.34460 0.33298 0.33298 0.34053 0.34053 0.33881 0.34053 0.33881 0.33881 0.33425 0.34201 0.34016 0.34201 0.33257 0.31514 0.31514 0.33425 0.34016 0.34201 0.33896 0.33896 0.33883 0.33294 0.33294 0.33294 0.33294 0.34071 0.34071 0.34071 0.33896 0.33460 0.33610 0.33610 0.33639 0.33639 0.32319 0.32321 0.32340 0.32829 0.33487 0.31835 0.32182 0.32497 0.32773 0.33002 0.33553 0.33707 0.35698 0.35698 0.33183 0.31991 0.31755 0.31789 0.31392 0.33751 0.33287 0.33287 0.33596 0.33273 0.33895
0.34160 0.33618 0.34316 0.34316 0.34160 0.34460 0.34460 0.34460 0.34053 0.33882 0.33882 0.34053 0.34053 0.34053 0.33882 0.34028 0.33425 0.33425 0.34028 0.32972 0.33957 0.31514 0.31514 0.33425 0.34202 0.34028 0.33896 0.33295 0.34071 0.33295 0.33295 0.34071 0.34071 0.34071 0.34071 0.34071 0.33460 0.33460 0.33610 0.33610 0.33610 0.33610 0.32380 0.32379 0.32383 0.32930 0.33629 0.32450 0.32772 0.33060 0.33296 0.33901 0.33962 0.33843 0.33400 0.34849 0.34422 0.32760 0.32428 0.32005 0.31653 0.33340 0.33904 0.33809 0.33950 0.33895 0.33895
0.34161 0.34161 0.34317 0.34161 0.34161 0.34300 0.34460 0.34460 0.33299 0.33299 0.34053 0.34053 0.34053 0.33882 0.33882 0.34017 0.33425 0.33425 0.34202 0.33693 0.32836 0.31514 0.31514 0.33425 0.34202 0.34029 0.34072 0.33897 0.33295 0.33295 0.33295 0.33897 0.33884 0.34072 0.34072 0.34072 0.33610 0.33460 0.33610 0.33610 0.33610 0.33460 0.32922 0.31114 0.31122 0.32958 0.32183 0.34003 0.34367 0.35220 0.33907 0.35854 0.35668 0.35854 0.35854 0.35854 0.35854 0.35849 0.34694 0.33431 0.33869 0.33869 0.33869 0.33678 0.33895 0.33895 0.33895
0.33619 0.34317 0.34161 0.34161 0.34161 0.34301 0.34301 0.34461 0.33883 0.33883 0.35131 0.33299 0.33883 0.34054 0.33883 0.34029 0.33426 0.34017 0.33426 0.33681 0.32836 0.32836 0.32836 0.33426 0.33426 0.33426 0.33296 0.33897 0.33296 0.31432 0.31432 0.32846 0.34072 0.33296 0.33296 0.34072 0.33611 0.33611 0.33611 0.33611 0.33611 0.32922 0.32922 0.32922 0.30974 0.31801 0.32229 0.32605 0.32959 0.33722 0.34074 0.34074 0.35855 0.35669 0.35855 0.35855 0.35855 0.35850 0.34119 0.33678 0.33870 0.33870 0.33870 0.33870 0.33870 0.33870 0.33870
0.34162 0.33619 0.33619 0.33619 0.33619 0.34301 0.34301 0.33749 0.33883 0.33299 0.33299 0.33875 0.33299 0.33299 0.33883 0.34030 0.33426 0.33426 0.33426 0.33426 0.34017 0.34030 0.33426 0.33426 0.33426 0.33426 0.33898 0.33898 0.33296 0.31433 0.33129 0.33129 0.32832 0.33885 0.34072 0.34072 0.33611 0.33461 0.33611 0.33611 0.33611 0.32922 0.31712 0.31712 0.32922 0.31204 0.31598 0.32624 0.32986 0.33683 0.33961 0.34074 0.35669 0.35855 0.34074 0.35855 0.35855 0.35850 0.34119 0.35850 0.33735 0.33870 0.33870 0.33870 0.33279 0.33279 0.33870
0.33620 0.33620 0.33620 0.34162 0.33620 0.34301 0.34462 0.34301 0.33300 0.33300 0.33300 0.34055 0.33300 0.33300 0.33883 0.32974 0.32837 0.33426 0.33426 0.33426 0.34203 0.34203 0.33426 0.33426 0.34018 0.34203 0.34073 0.34073 0.34073 0.33129 0.33129 0.33129 0.34073 0.33296 0.34073 0.34073 0.32923 0.33449 0.33611 0.33611 0.33611 0.32923 0.31712 0.31712 0.31712 0.32923 0.32923 0.32597 0.32963 0.33610 0.33934 0.34054 0.34073 0.34075 0.34075 0.35669 0.35856 0.34119 0.35850 0.35850 0.35850 0.33871 0.33871 0.33871 0.33871 0.33871 0.33871
0.33620 0.33620 0.34151 0.33620 0.33620 0.33750 0.33750 0.33750 0.34302 0.33300 0.33300 0.33884 0.34055 0.33300 0.33884 0.30564 0.33695 0.32837 0.33427 0.33427 0.33427 0.33427 0.34030 0.33427 0.33427 0.33427 0.33297 0.33297 0.33297 0.33297 0.33297 0.33297 0.33297 0.33297 0.33297 0.33297 0.32923 0.32923 0.33462 0.33462 0.32923 0.33462 0.31712 0.32301 0.32923 0.32923 0.32923 0.32791 0.32903 0.33487 0.33859 0.34075 0.34061 0.34073 0.35670 0.34075 0.35656 0.34120 0.34120 0.35664 0.34120 0.34120 0.33280 0.33280 0.33280 0.33280 0.33280
0.33620 0.33620 0.34319 0.34319 0.34462 0.34462 0.34462 0.33750 0.33750 0.33300 0.34055 0.34055 0.33884 0.33884 0.33884 0.32974 0.31516 0.32838 0.33427 0.33427 0.34204 0.34204 0.34204 0.33427 0.34204 0.34073 0.34073 0.34073 0.34073 0.34073 0.34073 0.34073 0.34073 0.34073 0.33297 0.34073 0.33462 0.33612 0.33612 0.33612 0.33612 0.33612 0.33612 0.32923 0.32923 0.32923 0.33263 0.32791 0.33324 0.34788 0.33704 0.34075 0.34075 0.34070 0.35856 0.35856 0.35856 0.35851 0.35851 0.35851 0.35851 0.35851 0.36009 0.33871 0.33871 0.33871 0.33871
0.33707 0.34250 0.34406 0.34406 0.34285 0.34285 0.34285 0.34145 0.34285 0.33180 0.33716 0.33301 0.34056 0.33885 0.33885 0.32975 0.31516 0.32838 0.34031 0.33428 0.34204 0.34204 0.34204 0.34031 0.34204 0.34074 0.33297 0.34074 0.34074 0.33297 0.34074 0.34074 0.34074 0.33899 0.34074 0.33297 0.33613 0.33613 0.33613 0.33613 0.33613 0.33613 0.33613 0.32924 0.32924 0.33463 0.33276 0.33420 0.33264 0.34076 0.33517 0.33829 0.35857 0.35857 0.35857 0.35857 0.34076 0.35852 0.35852 0.35852 0.35852 0.35852 0.35476 0.35476 0.33872 0.33872 0.33872
0.34407 0.34251 0.34407 0.34407 0.34285 0.34285 0.34285 0.34145 0.33866 0.33716 0.33866 0.33866 0.33716 0.33716 0.33716 0.32811 0.31251 0.33398 0.32956 0.32956 0.33587 0.33454 0.34031 0.34205 0.34205 0.34074 0.34074 0.34074 0.34074 0.33298 0.34074 0.33899 0.33899 0.33298 0.34146 0.34074 0.33613 0.33463 0.33613 0.33613 0.33613 0.33463 0.33613 0.32924 0.32924 0.33613 0.33420 0.33420 0.33264 0.30300 0.33379 0.33767 0.35671 0.34076 0.35857 0.35857 0.34076 0.35852 0.35852 0.35852 0.35852 0.35852 0.35297 0.35476 0.35476 0.33872 0.33872
0.34407 0.34251 0.34407 0.34251 0.34286 0.34286 0.34145 0.33866 0.33181 0.33717 0.33866 0.33866 0.33866 0.33866 0.33717 0.33588 0.32956 0.33588 0.32956 0.32956 0.33588 0.33588 0.33588 0.33588 0.33588 0.33509 0.33509 0.33509 0.33509 0.33509 0.33509 0.33509 0.32426 0.32277 0.32399 0.33900 0.33463 0.33463 0.33613 0.33613 0.33613 0.32924 0.33613 0.33613 0.33613 0.33613 0.33420 0.33420 0.33420 0.32778 0.34076 0.33750 0.33981 0.35672 0.35672 0.35858 0.35858 0.35853 0.35853 0.35853 0.35853 0.35853 0.35853 0.34767 0.35476 0.33268 0.33872
0.34408 0.34408 0.34408 0.34408 0.34286 0.34286 0.34146 0.33867 0.33867 0.33717 0.33867 0.33867 0.33867 0.33867 0.33182 0.33588 0.33454 0.33588 0.32957 0.32957 0.33588 0.33588 0.33588 0.33588 0.33588 0.33509 0.33509 0.33509 0.33509 0.33509 0.33509 0.33509 0.32278 0.35043 0.35484 0.33509 0.33182 0.33316 0.33316 0.33316 0.33316 0.33182 0.33316 0.33316 0.33316 0.33316 0.33421 0.33421 0.33421 0.32778 0.34077 0.33761 0.33985 0.35660 0.35858 0.35858 0.35858 0.35853 0.35853 0.35853 0.35853 0.35853 0.35853 0.35477 0.35477 0.33268 0.33873
0.34408 0.34252 0.34252 0.34408 0.34286 0.34146 0.34286 0.33867 0.33867 0.33717 0.33867 0.33867 0.33867 0.33867 0.33867 0.33455 0.33588 0.33588 0.33588 0.32957 0.33588 0.33588 0.33588 0.33588 0.33588 0.33510 0.33510 0.33510 0.33510 0.32873 0.33510 0.33510 0.41851 0.41851 0.35484 0.33510 0.33316 0.33316 0.33316 0.33316 0.33316 0.33316 0.33316 0.33182 0.33316 0.33316 0.33392 0.33392 0.33392 0.34368 0.35846 0.34144 0.34144 0.35846 0.35670 0.35846 0.35846 0.35836 0.35854 0.35854 0.35854 0.35854 0.35854 0.35298 0.35477 0.35616 0.33873
