test/test_data/tcaap/monthly_variance_over_all_Jan__actual_et__2015-01-01_to_2019-12-31__180_by_260__inches.asc
NCOLS        180
NROWS        260
XLLCORNER     476375.000
YLLCORNER    4970875.000
CELLSIZE        100.000
NODATA_VALUE -9999.
[rows 75 to 99 of 260, columns 0 to 56 of 180]
0.76563E-1 0.76563E-1 0.75429E-1 0.76563E-1 0.77112E-1 0.77112E-1 0.77112E-1 0.77112E-1 0.77112E-1 0.77112E-1 0.77112E-1 0.77112E-1 0.90150E-1 0.90150E-1 0.77850E-1 0.78139E-1 0.77417E-1 0.77625E-1 0.77891E-1 0.77357E-1 0.77497E-1 0.77076E-1 0.77076E-1 0.73617E-1 0.80413E-1 0.77150E-1 0.77150E-1 0.75759E-1 0.76435E-1 0.75396E-1 0.76435E-1 0.76435E-1 0.76435E-1 0.76435E-1 0.76435E-1 0.76435E-1 0.75514E-1 0.74782E-1 0.74274E-1 0.75737E-1 0.75933E-1 0.77806E-1 0.79029E-1 0.79029E-1 0.79029E-1 0.76353E-1 0.75740E-1 0.75757E-1 0.75766E-1 0.78098E-1 0.78149E-1 0.78187E-1 0.87532E-1 0.87532E-1 0.78399E-1 0.78249E-1 0.78252E-1
0.76566E-1 0.76566E-1 0.76566E-1 0.76566E-1 0.77115E-1 0.77115E-1 0.77115E-1 0.77115E-1 0.77115E-1 0.77808E-1 0.76092E-1 0.77115E-1 0.90154E-1 0.90154E-1 0.77853E-1 0.78142E-1 0.76183E-1 0.77545E-1 0.77778E-1 0.77917E-1 0.78038E-1 0.76075E-1 0.77079E-1 0.73619E-1 0.79446E-1 0.77153E-1 0.77153E-1 0.76547E-1 0.75762E-1 0.76438E-1 0.76438E-1 0.76438E-1 0.76438E-1 0.76438E-1 0.76438E-1 0.76438E-1 0.77092E-1 0.76509E-1 0.76919E-1 0.75901E-1 0.76049E-1 0.76212E-1 0.76314E-1 0.79032E-1 0.79032E-1 0.76348E-1 0.75746E-1 0.75752E-1 0.75759E-1 0.78169E-1 0.78199E-1 0.78220E-1 0.77858E-1 0.78197E-1 0.78452E-1 0.78372E-1 0.78090E-1
0.76569E-1 0.76569E-1 0.76569E-1 0.76569E-1 0.76057E-1 0.77118E-1 0.77118E-1 0.77118E-1 0.77118E-1 0.77811E-1 0.72976E-1 0.76854E-1 0.90158E-1 0.90158E-1 0.77811E-1 0.78145E-1 0.77799E-1 0.76680E-1 0.77660E-1 0.77773E-1 0.77884E-1 0.76078E-1 0.77082E-1 0.73622E-1 0.79449E-1 0.76904E-1 0.76133E-1 0.76133E-1 0.75362E-1 0.75402E-1 0.76441E-1 0.76441E-1 0.76441E-1 0.76441E-1 0.76441E-1 0.80252E-1 0.79035E-1 0.75731E-1 0.77292E-1 0.77572E-1 0.77793E-1 0.76279E-1 0.76336E-1 0.79029E-1 0.79035E-1 0.76353E-1 0.75747E-1 0.75752E-1 0.75759E-1 0.75772E-1 0.75782E-1 0.75789E-1 0.75787E-1 0.75775E-1 0.75754E-1 0.78049E-1 0.78041E-1
0.76572E-1 0.76572E-1 0.76572E-1 0.76572E-1 0.76060E-1 0.76857E-1 0.77121E-1 0.77121E-1 0.77121E-1 0.77121E-1 0.75907E-1 0.76856E-1 0.76060E-1 0.90162E-1 0.90224E-1 0.78148E-1 0.77085E-1 0.76188E-1 0.76693E-1 0.76324E-1 0.76423E-1 0.76080E-1 0.77085E-1 0.73624E-1 0.75190E-1 0.75365E-1 0.77159E-1 0.77159E-1 0.75365E-1 0.76444E-1 0.76444E-1 0.76332E-1 0.75365E-1 0.76444E-1 0.80004E-1 0.79348E-1 0.79348E-1 0.77835E-1 0.78084E-1 0.77825E-1 0.77985E-1 0.78247E-1 0.78941E-1 0.78627E-1 0.79023E-1 0.76359E-1 0.75750E-1 0.75755E-1 0.75763E-1 0.75772E-1 0.75783E-1 0.75789E-1 0.75786E-1 0.75771E-1 0.75747E-1 0.78025E-1 0.77967E-1
0.76574E-1 0.76574E-1 0.76574E-1 0.76574E-1 0.76859E-1 0.76859E-1 0.77124E-1 0.76824E-1 0.77124E-1 0.77124E-1 0.74232E-1 0.75189E-1 0.76859E-1 0.90166E-1 0.90228E-1 0.81545E-1 0.78095E-1 0.77805E-1 0.76691E-1 0.76231E-1 0.76299E-1 0.76083E-1 0.77088E-1 0.77088E-1 0.72918E-1 0.75368E-1 0.77162E-1 0.77162E-1 0.75368E-1 0.76250E-1 0.76447E-1 0.76625E-1 0.76930E-1 0.77850E-1 0.79797E-1 0.79041E-1 0.79351E-1 0.78669E-1 0.78761E-1 0.79162E-1 0.78129E-1 0.78240E-1 0.79088E-1 0.79039E-1 0.79042E-1 0.79043E-1 0.77723E-1 0.77723E-1 0.77753E-1 0.75777E-1 0.75788E-1 0.75794E-1 0.75790E-1 0.75772E-1 0.75743E-1 0.78036E-1 0.77390E-1
0.76577E-1 0.76577E-1 0.76577E-1 0.76577E-1 0.76862E-1 0.76493E-1 0.76493E-1 0.76827E-1 0.77127E-1 0.77127E-1 0.75151E-1 0.75136E-1 0.76862E-1 0.90170E-1 0.90232E-1 0.90232E-1 0.78154E-1 0.77920E-1 0.76687E-1 0.74991E-1 0.77091E-1 0.77091E-1 0.77091E-1 0.77091E-1 0.72920E-1 0.75371E-1 0.77165E-1 0.77165E-1 0.75774E-1 0.76253E-1 0.76450E-1 0.77486E-1 0.77905E-1 0.78583E-1 0.79301E-1 0.79045E-1 0.79355E-1 0.79355E-1 0.79091E-1 0.78164E-1 0.78237E-1 0.78274E-1 0.79107E-1 0.79044E-1 0.79048E-1 0.79045E-1 0.78102E-1 0.78102E-1 0.78102E-1 0.75779E-1 0.75790E-1 0.75795E-1 0.75789E-1 0.75769E-1 0.75737E-1 0.78527E-1 0.77393E-1
0.76580E-1 0.76580E-1 0.76580E-1 0.76310E-1 0.76865E-1 0.76496E-1 0.76496E-1 0.77130E-1 0.77130E-1 0.77130E-1 0.76522E-1 0.74055E-1 0.72985E-1 0.90174E-1 0.90236E-1 0.90236E-1 0.79248E-1 0.77503E-1 0.77811E-1 0.77811E-1 0.77811E-1 0.77094E-1 0.77094E-1 0.73632E-1 0.72922E-1 0.76144E-1 0.77168E-1 0.76562E-1 0.76453E-1 0.75413E-1 0.76453E-1 0.77838E-1 0.78268E-1 0.79058E-1 0.79622E-1 0.79364E-1 0.79094E-1 0.78675E-1 0.78686E-1 0.78406E-1 0.74582E-1 0.78329E-1 0.79101E-1 0.79081E-1 0.79048E-1 0.79050E-1 0.78106E-1 0.77729E-1 0.77729E-1 0.77732E-1 0.75770E-1 0.75791E-1 0.75783E-1 0.75855E-1 0.75843E-1 0.78530E-1 0.77396E-1
0.76303E-1 0.76844E-1 0.76844E-1 0.76727E-1 0.76915E-1 0.76532E-1 0.76532E-1 0.76868E-1 0.77132E-1 0.77132E-1 0.76071E-1 0.72988E-1 0.76108E-1 0.90178E-1 0.90240E-1 0.90240E-1 0.90240E-1 0.75019E-1 0.77097E-1 0.77814E-1 0.77814E-1 0.77097E-1 0.77097E-1 0.76091E-1 0.72925E-1 0.76565E-1 0.76565E-1 0.75779E-1 0.76456E-1 0.76456E-1 0.76456E-1 0.78179E-1 0.78604E-1 0.78962E-1 0.79255E-1 0.79461E-1 0.79433E-1 0.76400E-1 0.76407E-1 0.74548E-1 0.74531E-1 0.74531E-1 0.79159E-1 0.79128E-1 0.79087E-1 0.79051E-1 0.78112E-1 0.78130E-1 0.78341E-1 0.78322E-1 0.75760E-1 0.75785E-1 0.75775E-1 0.75823E-1 0.75802E-1 0.78053E-1 0.77399E-1
0.76306E-1 0.76306E-1 0.76847E-1 0.76847E-1 0.75076E-1 0.76535E-1 0.76535E-1 0.76917E-1 0.77193E-1 0.77193E-1 0.76098E-1 0.73113E-1 0.74052E-1 0.77193E-1 0.90239E-1 0.90239E-1 0.90239E-1 0.75752E-1 0.77630E-1 0.77099E-1 0.77099E-1 0.77099E-1 0.77099E-1 0.76094E-1 0.72927E-1 0.75782E-1 0.75782E-1 0.76459E-1 0.76459E-1 0.75418E-1 0.75782E-1 0.78498E-1 0.78904E-1 0.79227E-1 0.79479E-1 0.79573E-1 0.79229E-1 0.79211E-1 0.79010E-1 0.79018E-1 0.79026E-1 0.74479E-1 0.79216E-1 0.79198E-1 0.79133E-1 0.79088E-1 0.78112E-1 0.78112E-1 0.77735E-1 0.77736E-1 0.77735E-1 0.78145E-1 0.78124E-1 0.78079E-1 0.78018E-1 0.77928E-1 0.77402E-1
0.76309E-1 0.76850E-1 0.76850E-1 0.76139E-1 0.77196E-1 0.76101E-1 0.76538E-1 0.76538E-1 0.76101E-1 0.77196E-1 0.75176E-1 0.76463E-1 0.76139E-1 0.76777E-1 0.90243E-1 0.90243E-1 0.75754E-1 0.77633E-1 0.77633E-1 0.77633E-1 0.77633E-1 0.77633E-1 0.77633E-1 0.74529E-1 0.71684E-1 0.75169E-1 0.76163E-1 0.76163E-1 0.76163E-1 0.74296E-1 0.75507E-1 0.78466E-1 0.80032E-1 0.79843E-1 0.79925E-1 0.79063E-1 0.78949E-1 0.79026E-1 0.79073E-1 0.79172E-1 0.79200E-1 0.74412E-1 0.79296E-1 0.79271E-1 0.79239E-1 0.78177E-1 0.78115E-1 0.78115E-1 0.77738E-1 0.77738E-1 0.77747E-1 0.78135E-1 0.78114E-1 0.78074E-1 0.78020E-1 0.77844E-1 0.77405E-1
0.76853E-1 0.76736E-1 0.76736E-1 0.76142E-1 0.76881E-1 0.76104E-1 0.76541E-1 0.76541E-1 0.76104E-1 0.76923E-1 0.76466E-1 0.76466E-1 0.76142E-1 0.77008E-1 0.90247E-1 0.90247E-1 0.75757E-1 0.77636E-1 0.77636E-1 0.77636E-1 0.77636E-1 0.77636E-1 0.77636E-1 0.77636E-1 0.72645E-1 0.76876E-1 0.75211E-1 0.76166E-1 0.75903E-1 0.77130E-1 0.77556E-1 0.78579E-1 0.79682E-1 0.79682E-1 0.79682E-1 0.79433E-1 0.79433E-1 0.79433E-1 0.74474E-1 0.74474E-1 0.74474E-1 0.74561E-1 0.74322E-1 0.79400E-1 0.79374E-1 0.78221E-1 0.78151E-1 0.78118E-1 0.78420E-1 0.78420E-1 0.77744E-1 0.78123E-1 0.78109E-1 0.78079E-1 0.78034E-1 0.77850E-1 0.77858E-1
0.76644E-1 0.76739E-1 0.76739E-1 0.76926E-1 0.76926E-1 0.75084E-1 0.75084E-1 0.76543E-1 0.76543E-1 0.76926E-1 0.76926E-1 0.76926E-1 0.76145E-1 0.76596E-1 0.90251E-1 0.90251E-1 0.77639E-1 0.77639E-1 0.77639E-1 0.77639E-1 0.77639E-1 0.77639E-1 0.77639E-1 0.75760E-1 0.75958E-1 0.76169E-1 0.76169E-1 0.76070E-1 0.78932E-1 0.78361E-1 0.78205E-1 0.78860E-1 0.79743E-1 0.79685E-1 0.79685E-1 0.79436E-1 0.79436E-1 0.79436E-1 0.74476E-1 0.74476E-1 0.74476E-1 0.74476E-1 0.79421E-1 0.79532E-1 0.79520E-1 0.78641E-1 0.78774E-1 0.78415E-1 0.78406E-1 0.78724E-1 0.78406E-1 0.78406E-1 0.78396E-1 0.78378E-1 0.78057E-1 0.75685E-1 0.78542E-1
0.76859E-1 0.75563E-1 0.76567E-1 0.76929E-1 0.76929E-1 0.75087E-1 0.73123E-1 0.76546E-1 0.76546E-1 0.76929E-1 0.76929E-1 0.77205E-1 0.73123E-1 0.76695E-1 0.90255E-1 0.90255E-1 0.76686E-1 0.77642E-1 0.77642E-1 0.77642E-1 0.77642E-1 0.77642E-1 0.77642E-1 0.77642E-1 0.75960E-1 0.75993E-1 0.75516E-1 0.78851E-1 0.78187E-1 0.78267E-1 0.78655E-1 0.79466E-1 0.79746E-1 0.79466E-1 0.79466E-1 0.79278E-1 0.79357E-1 0.79405E-1 0.79440E-1 0.79440E-1 0.79439E-1 0.74479E-1 0.79515E-1 0.79774E-1 0.79786E-1 0.79100E-1 0.78990E-1 0.78458E-1 0.78409E-1 0.78409E-1 0.78409E-1 0.78409E-1 0.78410E-1 0.78407E-1 0.78394E-1 0.78686E-1 0.78687E-1
0.76862E-1 0.76039E-1 0.76569E-1 0.76932E-1 0.76932E-1 0.77208E-1 0.77208E-1 0.77208E-1 0.76932E-1 0.76932E-1 0.77208E-1 0.76150E-1 0.76150E-1 0.76077E-1 0.90259E-1 0.90259E-1 0.90259E-1 0.74539E-1 0.77645E-1 0.77645E-1 0.77645E-1 0.77645E-1 0.77645E-1 0.77645E-1 0.75963E-1 0.78639E-1 0.78639E-1 0.78854E-1 0.78190E-1 0.78639E-1 0.78989E-1 0.79469E-1 0.79425E-1 0.79469E-1 0.79469E-1 0.79206E-1 0.79273E-1 0.79385E-1 0.79425E-1 0.79443E-1 0.79443E-1 0.74481E-1 0.79659E-1 0.80010E-1 0.80220E-1 0.79369E-1 0.78412E-1 0.78730E-1 0.78307E-1 0.78730E-1 0.78414E-1 0.78418E-1 0.78428E-1 0.78443E-1 0.77871E-1 0.78412E-1 0.78943E-1
0.76090E-1 0.76042E-1 0.76572E-1 0.76935E-1 0.77211E-1 0.77266E-1 0.77020E-1 0.77211E-1 0.77211E-1 0.76935E-1 0.76153E-1 0.76153E-1 0.74068E-1 0.81131E-1 0.90263E-1 0.90263E-1 0.90263E-1 0.76691E-1 0.77648E-1 0.77648E-1 0.77648E-1 0.77648E-1 0.77648E-1 0.77648E-1 0.76571E-1 0.78642E-1 0.77994E-1 0.78642E-1 0.78193E-1 0.76275E-1 0.79013E-1 0.79215E-1 0.79367E-1 0.79452E-1 0.79300E-1 0.79201E-1 0.79268E-1 0.79365E-1 0.79421E-1 0.78904E-1 0.79050E-1 0.74484E-1 0.79868E-1 0.80195E-1 0.80247E-1 0.79736E-1 0.78733E-1 0.78733E-1 0.78733E-1 0.78447E-1 0.78420E-1 0.78538E-1 0.78495E-1 0.78227E-1 0.78415E-1 0.77874E-1 0.78648E-1
0.76220E-1 0.76575E-1 0.76751E-1 0.76938E-1 0.77214E-1 0.77214E-1 0.77214E-1 0.77214E-1 0.77214E-1 0.76896E-1 0.77214E-1 0.76156E-1 0.75095E-1 0.77996E-1 0.90267E-1 0.90267E-1 0.74544E-1 0.74544E-1 0.77651E-1 0.77651E-1 0.77651E-1 0.77651E-1 0.77651E-1 0.77651E-1 0.75539E-1 0.77552E-1 0.78145E-1 0.78460E-1 0.78180E-1 0.76164E-1 0.78903E-1 0.79143E-1 0.79336E-1 0.79481E-1 0.79115E-1 0.79202E-1 0.79269E-1 0.79329E-1 0.79405E-1 0.74484E-1 0.79104E-1 0.74486E-1 0.79778E-1 0.79784E-1 0.79743E-1 0.87970E-1 0.80202E-1 0.78737E-1 0.78418E-1 0.78862E-1 0.78430E-1 0.78591E-1 0.78541E-1 0.78237E-1 0.78477E-1 0.77877E-1 0.78150E-1
0.76609E-1 0.76754E-1 0.76754E-1 0.77217E-1 0.77217E-1 0.77217E-1 0.77217E-1 0.77217E-1 0.77217E-1 0.77217E-1 0.76159E-1 0.76159E-1 0.73132E-1 0.78404E-1 0.90271E-1 0.90271E-1 0.77654E-1 0.77654E-1 0.77654E-1 0.77654E-1 0.77654E-1 0.77654E-1 0.77654E-1 0.78373E-1 0.75542E-1 0.77389E-1 0.77974E-1 0.77878E-1 0.78125E-1 0.78173E-1 0.78911E-1 0.79154E-1 0.79349E-1 0.79496E-1 0.79132E-1 0.79220E-1 0.79286E-1 0.79343E-1 0.74525E-1 0.79468E-1 0.79587E-1 0.73910E-1 0.71931E-1 0.79767E-1 0.79518E-1 0.87974E-1 0.78740E-1 0.78740E-1 0.78795E-1 0.78896E-1 0.76142E-1 0.78645E-1 0.78593E-1 0.78503E-1 0.78492E-1 0.78654E-1 0.78953E-1
0.75609E-1 0.76874E-1 0.76874E-1 0.77220E-1 0.77220E-1 0.77220E-1 0.77220E-1 0.77219E-1 0.77219E-1 0.77219E-1 0.76161E-1 0.76161E-1 0.73135E-1 0.78541E-1 0.90275E-1 0.90275E-1 0.76700E-1 0.77657E-1 0.77657E-1 0.77657E-1 0.77657E-1 0.77657E-1 0.77657E-1 0.78376E-1 0.76911E-1 0.77490E-1 0.77522E-1 0.77358E-1 0.78238E-1 0.78127E-1 0.78893E-1 0.79157E-1 0.79367E-1 0.79297E-1 0.79164E-1 0.79251E-1 0.79315E-1 0.79366E-1 0.74519E-1 0.74419E-1 0.74255E-1 0.73944E-1 0.73308E-1 0.69378E-1 0.88924E-1 0.78182E-1 0.78743E-1 0.78424E-1 0.78782E-1 0.76215E-1 0.76162E-1 0.78695E-1 0.78649E-1 0.78576E-1 0.78563E-1 0.78433E-1 0.79358E-1
0.76611E-1 0.76571E-1 0.76700E-1 0.77398E-1 0.77398E-1 0.77398E-1 0.77398E-1 0.77398E-1 0.77398E-1 0.77398E-1 0.76971E-1 0.76971E-1 0.73656E-1 0.80399E-1 0.90279E-1 0.90279E-1 0.77660E-1 0.77660E-1 0.77660E-1 0.77660E-1 0.77660E-1 0.77660E-1 0.77660E-1 0.77660E-1 0.74923E-1 0.77366E-1 0.77790E-1 0.78291E-1 0.77943E-1 0.74640E-1 0.78447E-1 0.78167E-1 0.78379E-1 0.75147E-1 0.74734E-1 0.79290E-1 0.74603E-1 0.79389E-1 0.79436E-1 0.78978E-1 0.74311E-1 0.74121E-1 0.73676E-1 0.80736E-1 0.79003E-1 0.78428E-1 0.78428E-1 0.79015E-1 0.78796E-1 0.78550E-1 0.78802E-1 0.78739E-1 0.78478E-1 0.78445E-1 0.78436E-1 0.78875E-1 0.78875E-1
0.75328E-1 0.76071E-1 0.76391E-1 0.77401E-1 0.77401E-1 0.77401E-1 0.77401E-1 0.77401E-1 0.77401E-1 0.77312E-1 0.76974E-1 0.76974E-1 0.76974E-1 0.90290E-1 0.90290E-1 0.77788E-1 0.78584E-1 0.78584E-1 0.78584E-1 0.78584E-1 0.78584E-1 0.78584E-1 0.78584E-1 0.78584E-1 0.74926E-1 0.77221E-1 0.77986E-1 0.78001E-1 0.77166E-1 0.74598E-1 0.77863E-1 0.78609E-1 0.78803E-1 0.78501E-1 0.74699E-1 0.79680E-1 0.79680E-1 0.79680E-1 0.79458E-1 0.79485E-1 0.79571E-1 0.74247E-1 0.74096E-1 0.80217E-1 0.79236E-1 0.78431E-1 0.78831E-1 0.79086E-1 0.78966E-1 0.78880E-1 0.78601E-1 0.78555E-1 0.78531E-1 0.78541E-1 0.78252E-1 0.78490E-1 0.78879E-1
0.75931E-1 0.76074E-1 0.77092E-1 0.77092E-1 0.77275E-1 0.77404E-1 0.77404E-1 0.77162E-1 0.77404E-1 0.77404E-1 0.76977E-1 0.76977E-1 0.75953E-1 0.90294E-1 0.90294E-1 0.78587E-1 0.78587E-1 0.78587E-1 0.78587E-1 0.78587E-1 0.78587E-1 0.78587E-1 0.78587E-1 0.77791E-1 0.76883E-1 0.77450E-1 0.78306E-1 0.78306E-1 0.78558E-1 0.75740E-1 0.79025E-1 0.79231E-1 0.78983E-1 0.79960E-1 0.80533E-1 0.80533E-1 0.79684E-1 0.79684E-1 0.74499E-1 0.79443E-1 0.79494E-1 0.74381E-1 0.79298E-1 0.79539E-1 0.79529E-1 0.78541E-1 0.78550E-1 0.78996E-1 0.78919E-1 0.78867E-1 0.78614E-1 0.78573E-1 0.78600E-1 0.78610E-1 0.78255E-1 0.78882E-1 0.78493E-1
0.73897E-1 0.76081E-1 0.77100E-1 0.77282E-1 0.77123E-1 0.77278E-1 0.77278E-1 0.77278E-1 0.77407E-1 0.76980E-1 0.76980E-1 0.76980E-1 0.75956E-1 0.90298E-1 0.90298E-1 0.78591E-1 0.78591E-1 0.78591E-1 0.78591E-1 0.78591E-1 0.78591E-1 0.78590E-1 0.78590E-1 0.76025E-1 0.77313E-1 0.78212E-1 0.78454E-1 0.78446E-1 0.75658E-1 0.78908E-1 0.79114E-1 0.76075E-1 0.79464E-1 0.80340E-1 0.79888E-1 0.75716E-1 0.75718E-1 0.75718E-1 0.80386E-1 0.79942E-1 0.80348E-1 0.78155E-1 0.80357E-1 0.80614E-1 0.79479E-1 0.79476E-1 0.79451E-1 0.79297E-1 0.78663E-1 0.78593E-1 0.78623E-1 0.78616E-1 0.78645E-1 0.78645E-1 0.78258E-1 0.78496E-1 0.78496E-1
0.76400E-1 0.76254E-1 0.73698E-1 0.77004E-1 0.77142E-1 0.77287E-1 0.77281E-1 0.77281E-1 0.77410E-1 0.76983E-1 0.76983E-1 0.73666E-1 0.90121E-1 0.90302E-1 0.78594E-1 0.78594E-1 0.78594E-1 0.78594E-1 0.78594E-1 0.78594E-1 0.78594E-1 0.78594E-1 0.78594E-1 0.76028E-1 0.76200E-1 0.78097E-1 0.78327E-1 0.78309E-1 0.75555E-1 0.78157E-1 0.78373E-1 0.79158E-1 0.79329E-1 0.80156E-1 0.79891E-1 0.75719E-1 0.75724E-1 0.75752E-1 0.80258E-1 0.80259E-1 0.80407E-1 0.78127E-1 0.80141E-1 0.80496E-1 0.79348E-1 0.79232E-1 0.79232E-1 0.79231E-1 0.79213E-1 0.79249E-1 0.79240E-1 0.79249E-1 0.88059E-1 0.88059E-1 0.78864E-1 0.79027E-1 0.79027E-1
0.76715E-1 0.76483E-1 0.76483E-1 0.76571E-1 0.77183E-1 0.77146E-1 0.77129E-1 0.76678E-1 0.74873E-1 0.76986E-1 0.76986E-1 0.75961E-1 0.90125E-1 0.90306E-1 0.75553E-1 0.78597E-1 0.78597E-1 0.78597E-1 0.78597E-1 0.78597E-1 0.78597E-1 0.78597E-1 0.78597E-1 0.76765E-1 0.76801E-1 0.77853E-1 0.78180E-1 0.78150E-1 0.75432E-1 0.77980E-1 0.78195E-1 0.75873E-1 0.75991E-1 0.80045E-1 0.80168E-1 0.80183E-1 0.75991E-1 0.76002E-1 0.80161E-1 0.80158E-1 0.80242E-1 0.78022E-1 0.80144E-1 0.80144E-1 0.79249E-1 0.79155E-1 0.79183E-1 0.79206E-1 0.79235E-1 0.79249E-1 0.79253E-1 0.79252E-1 0.88063E-1 0.88063E-1 0.78867E-1 0.75462E-1 0.75462E-1
0.76718E-1 0.76629E-1 0.77327E-1 0.76201E-1 0.77074E-1 0.77009E-1 0.75095E-1 0.75305E-1 0.76201E-1 0.76989E-1 0.76989E-1 0.80462E-1 0.90129E-1 0.90310E-1 0.75555E-1 0.78600E-1 0.78600E-1 0.78600E-1 0.78600E-1 0.78600E-1 0.78600E-1 0.78600E-1 0.78600E-1 0.76034E-1 0.76703E-1 0.77821E-1 0.78017E-1 0.77973E-1 0.77707E-1 0.75451E-1 0.77995E-1 0.78199E-1 0.78988E-1 0.79827E-1 0.79970E-1 0.80002E-1 0.80018E-1 0.80026E-1 0.80033E-1 0.80044E-1 0.80206E-1 0.78019E-1 0.78012E-1 0.80148E-1 0.79186E-1 0.79105E-1 0.79149E-1 0.79185E-1 0.79246E-1 0.79255E-1 0.79256E-1 0.79256E-1 0.79249E-1 0.79249E-1 0.75040E-1 0.75465E-1 0.79007E-1
