test/test_data/tcaap/monthly_variance_over_all_Oct__actual_et__2015-01-01_to_2019-12-31__180_by_260__inches.asc
NCOLS        180
NROWS        260
XLLCORNER     476375.000
YLLCORNER    4970875.000
CELLSIZE        100.000
NODATA_VALUE -9999.
[rows 145 to 173 of 260, columns 67 to 133 of 180]
0.38506 0.38471 0.38502 0.38537 0.38575 0.40949 0.38922 0.41582 0.41582 0.41582 0.41582 0.41582 0.41582 0.42520 0.42499 0.42607 0.42607 0.42607 0.42607 0.42607 0.41698 0.41698 0.42463 0.42463 0.41121 0.41121 0.41133 0.41515 0.41515 0.41515 0.42503 0.42503 0.42503 0.42503 0.41515 0.41515 0.41814 0.42324 0.42324 0.42324 0.42324 0.42324 0.42324 0.41814 0.41814 0.41814 0.41814 0.41685 0.41685 0.41685 0.41657 0.41685 0.41685 0.39416 0.41223 0.41685 0.41685 0.41597 0.41597 0.41059 0.41059 0.41059 0.41059 0.41059 0.37443 0.36125 0.39728
0.39317 0.38388 0.38423 0.38472 0.38522 0.40706 0.38923 0.38923 0.41583 0.41583 0.41583 0.41583 0.42520 0.42520 0.42500 0.42608 0.42593 0.42608 0.42608 0.42608 0.39035 0.39023 0.42464 0.42464 0.41459 0.41122 0.41134 0.41516 0.41516 0.41516 0.42504 0.42504 0.42504 0.42504 0.41516 0.41516 0.41815 0.41815 0.41815 0.41815 0.42325 0.42325 0.41815 0.41815 0.41815 0.41815 0.41815 0.41668 0.41658 0.41658 0.41224 0.41224 0.41555 0.39417 0.41348 0.41658 0.41658 0.41598 0.41598 0.41060 0.41060 0.41060 0.41060 0.38711 0.37212 0.37212 0.46976
0.38502 0.38380 0.38338 0.38392 0.38470 0.38756 0.38923 0.38923 0.41584 0.41584 0.41584 0.41584 0.42521 0.42521 0.42501 0.42609 0.42609 0.42609 0.42609 0.42609 0.39024 0.41123 0.42465 0.42465 0.41123 0.41123 0.41135 0.41517 0.41517 0.41492 0.42505 0.43593 0.43593 0.42505 0.41492 0.41517 0.41785 0.39492 0.39494 0.41816 0.41816 0.41816 0.41816 0.41816 0.41816 0.41816 0.41401 0.41669 0.41224 0.41224 0.41224 0.41224 0.39418 0.39420 0.41508 0.43102 0.41659 0.41599 0.41061 0.41061 0.41061 0.41061 0.41061 0.41061 0.38980 0.37250 0.41599
0.38521 0.38282 0.38232 0.38336 0.38422 0.38723 0.38801 0.38924 0.38924 0.38924 0.41496 0.42400 0.42492 0.42492 0.42488 0.42595 0.42610 0.42610 0.42606 0.42606 0.41349 0.41124 0.42466 0.42466 0.42466 0.42466 0.42506 0.42506 0.42506 0.42506 0.41400 0.39100 0.41994 0.41400 0.42506 0.39139 0.39490 0.39490 0.41736 0.41706 0.41706 0.41792 0.41817 0.41817 0.41817 0.41402 0.41402 0.41556 0.41556 0.41652 0.41660 0.41660 0.39419 0.41280 0.41225 0.41225 0.41687 0.41599 0.41599 0.41599 0.41599 0.41599 0.41599 0.41599 0.41599 0.41599 0.41599
0.38283 0.38283 0.36497 0.37744 0.37744 0.38387 0.38749 0.38866 0.38925 0.38927 0.41654 0.41787 0.42493 0.41299 0.41580 0.41934 0.42596 0.42611 0.42607 0.42607 0.41125 0.41125 0.42467 0.42467 0.42467 0.42467 0.42506 0.42506 0.42506 0.42506 0.42498 0.42498 0.41431 0.41401 0.42498 0.42560 0.41786 0.41786 0.41707 0.41786 0.41818 0.41818 0.41818 0.41818 0.41818 0.41818 0.41818 0.41557 0.41557 0.41653 0.41688 0.41688 0.41688 0.41688 0.41688 0.41688 0.41688 0.41600 0.41600 0.41600 0.41564 0.41569 0.41580 0.41564 0.41600 0.41600 0.42308
0.39436 0.38399 0.37744 0.36498 0.36563 0.37846 0.38691 0.38833 0.38925 0.38925 0.41588 0.41698 0.41240 0.41587 0.41587 0.41706 0.42602 0.42632 0.42632 0.41462 0.41126 0.41126 0.42468 0.42468 0.42468 0.42468 0.42507 0.42507 0.42507 0.42507 0.42507 0.42507 0.42507 0.42499 0.42499 0.42520 0.42769 0.42769 0.41404 0.41819 0.41819 0.41819 0.41819 0.41819 0.41819 0.41819 0.41819 0.41689 0.41654 0.41689 0.41689 0.41689 0.41689 0.41689 0.41227 0.41689 0.41689 0.41601 0.41601 0.41601 0.41564 0.41548 0.41564 0.41601 0.41601 0.41601 0.42263
0.39746 0.39112 0.38198 0.38077 0.36589 0.36688 0.38538 0.38569 0.38519 0.38519 0.41499 0.41529 0.41529 0.41588 0.41588 0.41707 0.41707 0.41707 0.41744 0.41744 0.41463 0.41127 0.41127 0.42469 0.42469 0.42508 0.41138 0.41138 0.42508 0.42508 0.42508 0.42508 0.42508 0.42508 0.42508 0.42500 0.42770 0.42779 0.41820 0.41820 0.41820 0.41820 0.41820 0.41820 0.41820 0.41404 0.41690 0.41690 0.41690 0.41690 0.41690 0.41690 0.41690 0.41690 0.41690 0.41690 0.41690 0.41602 0.41602 0.41602 0.41602 0.41602 0.41602 0.41602 0.41602 0.42264 0.42264
0.39654 0.38427 0.38312 0.38178 0.36626 0.38064 0.38529 0.38558 0.38519 0.38519 0.38519 0.38519 0.38519 0.38519 0.41476 0.41717 0.41717 0.41717 0.41717 0.41717 0.41717 0.38854 0.37289 0.37289 0.37781 0.41139 0.39142 0.39142 0.41139 0.41139 0.41139 0.42509 0.42509 0.42509 0.39142 0.39142 0.41405 0.41405 0.41821 0.41821 0.41821 0.41821 0.41821 0.41821 0.41405 0.41405 0.41229 0.41691 0.41691 0.41691 0.41665 0.41665 0.41691 0.41691 0.41691 0.41691 0.41691 0.41603 0.41603 0.41603 0.41603 0.41603 0.41515 0.41515 0.38294 0.42265 0.42265
0.36863 0.38482 0.38454 0.38473 0.38419 0.38468 0.38516 0.38547 0.38520 0.38520 0.38520 0.38520 0.38520 0.38520 0.41477 0.41718 0.41718 0.41718 0.41718 0.41718 0.41718 0.38855 0.37409 0.37409 0.38536 0.39025 0.39125 0.41200 0.42592 0.41200 0.41200 0.42592 0.42592 0.42592 0.39143 0.39143 0.41406 0.41406 0.41822 0.41822 0.41822 0.41822 0.41822 0.41822 0.41822 0.41822 0.41229 0.41692 0.41665 0.41665 0.39154 0.39154 0.41692 0.41692 0.41692 0.41692 0.41692 0.41604 0.41604 0.41604 0.41604 0.38350 0.38350 0.38350 0.38350 0.38294 0.42266
0.38507 0.38499 0.38480 0.38489 0.38424 0.39535 0.39752 0.38536 0.38521 0.38521 0.38521 0.41478 0.41478 0.41478 0.38521 0.41719 0.41719 0.41719 0.41719 0.41719 0.41719 0.41725 0.38129 0.38129 0.38129 0.39541 0.40423 0.41201 0.41201 0.41201 0.41201 0.42593 0.42593 0.42593 0.39126 0.41201 0.41286 0.41286 0.41286 0.41286 0.41818 0.41818 0.41818 0.41818 0.41818 0.41818 0.41693 0.41693 0.41666 0.39170 0.39170 0.39154 0.39154 0.39170 0.39167 0.41604 0.41693 0.38351 0.38351 0.38351 0.38351 0.38351 0.38351 0.38351 0.38342 0.38351 0.41568
0.38508 0.38506 0.38495 0.38499 0.38427 0.38452 0.37594 0.38134 0.38537 0.38521 0.41469 0.41479 0.41479 0.41479 0.38521 0.38856 0.41719 0.41719 0.41719 0.41719 0.41719 0.38130 0.38130 0.38130 0.38130 0.37590 0.40196 0.41202 0.41202 0.41202 0.41202 0.42594 0.42594 0.42594 0.39127 0.41202 0.41287 0.41287 0.41287 0.41287 0.41819 0.41819 0.41819 0.41819 0.41819 0.41819 0.41610 0.41610 0.41584 0.39056 0.39056 0.39031 0.39031 0.39052 0.41204 0.40699 0.39056 0.39063 0.38351 0.38351 0.38351 0.38299 0.38351 0.38351 0.38351 0.38296 0.41518
0.38509 0.38508 0.38503 0.38504 0.38427 0.39452 0.37848 0.37763 0.38522 0.38522 0.41470 0.41480 0.41480 0.38522 0.38857 0.38857 0.38857 0.38857 0.41720 0.41720 0.41720 0.38207 0.38131 0.38131 0.37412 0.38393 0.38945 0.39128 0.41202 0.41202 0.41202 0.41202 0.41202 0.41202 0.41202 0.41202 0.41288 0.41288 0.41820 0.41288 0.41820 0.41820 0.41820 0.41820 0.41820 0.41820 0.41611 0.41585 0.39057 0.39057 0.39057 0.40499 0.42066 0.42746 0.42236 0.40879 0.39827 0.39033 0.38323 0.38323 0.38323 0.38323 0.38323 0.38323 0.38300 0.38264 0.38264
0.39658 0.38509 0.38507 0.38506 0.39369 0.39407 0.37849 0.37763 0.38520 0.38523 0.41471 0.41480 0.41480 0.41480 0.38858 0.41634 0.41721 0.41721 0.41721 0.41721 0.38208 0.38208 0.38132 0.38132 0.37738 0.38381 0.38818 0.41203 0.41203 0.40971 0.41039 0.41097 0.41151 0.41186 0.41203 0.41289 0.41289 0.41289 0.41821 0.41821 0.41821 0.41821 0.41821 0.41821 0.41821 0.41821 0.41612 0.39033 0.39058 0.38327 0.38348 0.41254 0.42962 0.43572 0.42934 0.39058 0.46954 0.46954 0.46953 0.41586 0.41586 0.41586 0.41832 0.41832 0.41832 0.40728 0.40264
0.39659 0.39659 0.38508 0.38505 0.39338 0.39350 0.38229 0.37112 0.38519 0.38523 0.41481 0.41481 0.41481 0.41481 0.41635 0.41722 0.41722 0.41722 0.41716 0.42179 0.38127 0.38208 0.38132 0.36455 0.38984 0.39338 0.39432 0.38062 0.39129 0.39089 0.40781 0.40957 0.41064 0.41134 0.39129 0.39253 0.41290 0.41290 0.41822 0.41822 0.41822 0.41822 0.41822 0.41822 0.41822 0.41822 0.41586 0.41242 0.38799 0.41586 0.40774 0.41869 0.43757 0.43757 0.42981 0.39073 0.39014 0.46955 0.46955 0.41587 0.41587 0.41833 0.41833 0.41833 0.41833 0.41833 0.40671
0.39458 0.38511 0.38507 0.39403 0.39292 0.39590 0.38141 0.38619 0.38502 0.41482 0.41482 0.41482 0.41482 0.41482 0.41723 0.38859 0.40727 0.38209 0.38209 0.42248 0.38209 0.38209 0.36455 0.37870 0.38730 0.39056 0.38888 0.36758 0.36758 0.38891 0.39098 0.39116 0.39129 0.39136 0.39130 0.41291 0.41290 0.41290 0.41823 0.41823 0.41823 0.41792 0.41290 0.41823 0.41823 0.41823 0.41587 0.41583 0.43380 0.40994 0.40994 0.39060 0.43210 0.44260 0.42594 0.39060 0.46956 0.46956 0.46956 0.46956 0.41834 0.41834 0.41834 0.41834 0.41834 0.41558 0.41071
0.36867 0.38505 0.38497 0.39297 0.39176 0.38809 0.37967 0.38119 0.38447 0.41433 0.41483 0.41483 0.41483 0.41483 0.41724 0.38860 0.38134 0.38210 0.38210 0.38210 0.38210 0.38210 0.38129 0.38210 0.38327 0.38246 0.37903 0.38082 0.36759 0.37347 0.39065 0.39125 0.39130 0.39130 0.41206 0.41291 0.41291 0.41291 0.41793 0.41793 0.41824 0.41824 0.41793 0.41824 0.41824 0.41824 0.41588 0.43053 0.41584 0.43381 0.43381 0.43381 0.39075 0.43381 0.43381 0.42258 0.46957 0.46957 0.46957 0.46957 0.41508 0.41863 0.41835 0.41835 0.41589 0.41589 0.41559
0.37018 0.38619 0.38593 0.39719 0.39059 0.38263 0.38327 0.39028 0.37531 0.37852 0.41484 0.41484 0.41484 0.41484 0.41725 0.41725 0.36456 0.38211 0.38211 0.38211 0.38211 0.38211 0.38130 0.38211 0.38222 0.37663 0.37868 0.38318 0.38318 0.38692 0.39080 0.39131 0.39131 0.41207 0.41207 0.41292 0.41292 0.41292 0.41825 0.41825 0.41825 0.41825 0.41292 0.41292 0.41825 0.41825 0.43053 0.43053 0.41585 0.41585 0.41589 0.41589 0.41589 0.41589 0.43382 0.40508 0.46958 0.46958 0.46958 0.46958 0.41590 0.41590 0.41835 0.41590 0.41590 0.41590 0.41590
0.38620 0.38618 0.39772 0.39589 0.39128 0.38340 0.39139 0.38736 0.39111 0.41660 0.41656 0.41623 0.41623 0.41615 0.41730 0.41730 0.41726 0.38920 0.38212 0.38212 0.38212 0.38212 0.38918 0.38212 0.38181 0.38269 0.38453 0.38694 0.38971 0.39099 0.39135 0.39132 0.39132 0.41207 0.41207 0.41293 0.41293 0.41293 0.41826 0.41826 0.41826 0.41293 0.41826 0.41826 0.41826 0.41826 0.43054 0.44226 0.41586 0.41590 0.41590 0.41590 0.41590 0.43383 0.40834 0.38343 0.41885 0.46960 0.46960 0.46960 0.41591 0.41591 0.41591 0.41591 0.40990 0.40990 0.41591
0.38599 0.38586 0.38543 0.38396 0.39006 0.38905 0.38940 0.38632 0.37756 0.41161 0.41657 0.41624 0.41624 0.41624 0.41731 0.38949 0.40390 0.38951 0.38854 0.38248 0.38164 0.38213 0.38353 0.38311 0.38524 0.39121 0.38510 0.38756 0.38971 0.39110 0.39138 0.39132 0.41208 0.39132 0.39132 0.41294 0.41294 0.41294 0.41827 0.41795 0.41294 0.41294 0.41826 0.41826 0.41826 0.41617 0.44099 0.44099 0.44099 0.41617 0.41851 0.41591 0.41591 0.43384 0.38352 0.38367 0.38305 0.46961 0.46961 0.46961 0.46961 0.41592 0.41592 0.40991 0.40991 0.40991 0.38643
0.38585 0.38562 0.38499 0.38348 0.38896 0.38766 0.38766 0.37757 0.36501 0.38000 0.41658 0.41625 0.41625 0.41625 0.41732 0.38848 0.38885 0.38249 0.38249 0.38165 0.38249 0.38214 0.38214 0.38249 0.38501 0.37795 0.38210 0.38757 0.39040 0.39129 0.39150 0.41283 0.41283 0.39150 0.39150 0.41087 0.41087 0.41087 0.41497 0.41796 0.41827 0.41827 0.41827 0.41827 0.41827 0.41618 0.44100 0.41592 0.44100 0.44100 0.41580 0.41592 0.41592 0.41592 0.38310 0.41618 0.41593 0.46962 0.46962 0.46962 0.46962 0.46962 0.41593 0.41593 0.41593 0.41562 0.41772
0.38555 0.38517 0.38451 0.38987 0.38797 0.38654 0.38627 0.37477 0.38001 0.38001 0.38001 0.36501 0.38771 0.41626 0.41733 0.38160 0.38249 0.38249 0.38118 0.38215 0.38249 0.38249 0.38249 0.38249 0.38502 0.38460 0.38237 0.38768 0.39044 0.39150 0.39150 0.41284 0.41284 0.39150 0.41284 0.41088 0.41525 0.41088 0.41525 0.41525 0.41525 0.41525 0.41525 0.41525 0.41525 0.41526 0.41493 0.44141 0.43959 0.43959 0.41500 0.41593 0.41593 0.41593 0.41619 0.41619 0.41594 0.41594 0.46963 0.46963 0.46963 0.46963 0.41594 0.39180 0.39179 0.39176 0.39452
0.39327 0.39248 0.39121 0.38900 0.38713 0.38569 0.38529 0.37477 0.37514 0.38001 0.38001 0.37351 0.38620 0.38673 0.37236 0.38216 0.41771 0.41734 0.41734 0.41734 0.41734 0.38953 0.38953 0.38953 0.38464 0.37715 0.38292 0.38776 0.39045 0.39133 0.39151 0.41285 0.41285 0.41262 0.41266 0.41089 0.41089 0.41089 0.41089 0.41089 0.41089 0.38985 0.41426 0.41426 0.41426 0.41430 0.38884 0.38884 0.41517 0.41501 0.41501 0.41430 0.41338 0.40975 0.41527 0.40926 0.41778 0.41778 0.41771 0.41755 0.41778 0.41771 0.41751 0.41500 0.39181 0.39181 0.41230
0.39266 0.39506 0.39040 0.38821 0.38642 0.38509 0.38477 0.37522 0.37497 0.37667 0.38459 0.38221 0.38371 0.37002 0.37214 0.38868 0.38959 0.38934 0.38934 0.38934 0.38934 0.38846 0.39229 0.38792 0.38147 0.38088 0.38379 0.38774 0.39039 0.41206 0.39152 0.41286 0.41286 0.41220 0.41226 0.38986 0.38986 0.41066 0.41066 0.41066 0.38986 0.38986 0.41414 0.41422 0.41427 0.41431 0.38885 0.38885 0.41502 0.41502 0.41502 0.41475 0.41284 0.38200 0.38195 0.38222 0.41779 0.41779 0.41779 0.41779 0.41779 0.41779 0.41779 0.41122 0.41122 0.41122 0.41834
0.39558 0.39453 0.39312 0.38755 0.38588 0.38476 0.37760 0.37543 0.37563 0.36503 0.38550 0.41007 0.38819 0.36982 0.38884 0.40610 0.41058 0.38996 0.38973 0.38972 0.38994 0.38901 0.38517 0.38229 0.38335 0.38497 0.38573 0.38750 0.38984 0.39128 0.39145 0.41287 0.41287 0.41112 0.41124 0.38985 0.38985 0.40965 0.40984 0.41005 0.38986 0.38986 0.38986 0.38986 0.38986 0.40927 0.40927 0.38885 0.38885 0.38885 0.38885 0.38885 0.40927 0.37975 0.38199 0.40927 0.41123 0.41123 0.41123 0.41123 0.41780 0.41780 0.41780 0.41780 0.41780 0.41780 0.42067
0.39536 0.39414 0.39262 0.39014 0.38773 0.37760 0.38004 0.36503 0.37760 0.37353 0.41354 0.41383 0.41008 0.42464 0.38979 0.38972 0.38978 0.38991 0.38972 0.38977 0.38992 0.38919 0.38656 0.38358 0.38423 0.38519 0.38561 0.38697 0.38886 0.39101 0.40976 0.41137 0.41105 0.40889 0.40725 0.38975 0.40770 0.40801 0.40845 0.40905 0.38986 0.38987 0.38987 0.41405 0.41427 0.41503 0.38886 0.38886 0.38886 0.40928 0.41503 0.41503 0.40928 0.40928 0.41530 0.41781 0.41781 0.42015 0.42015 0.42015 0.42015 0.41947 0.41781 0.41781 0.41781 0.42015 0.42068
0.39185 0.39379 0.38880 0.38825 0.38568 0.38276 0.38005 0.37354 0.37354 0.38433 0.41349 0.41384 0.41384 0.41501 0.41469 0.40841 0.38940 0.38978 0.38969 0.38949 0.40261 0.39954 0.39619 0.38520 0.38601 0.38529 0.38534 0.38623 0.38762 0.38917 0.40444 0.40613 0.40825 0.40559 0.40416 0.40455 0.40502 0.40563 0.40652 0.38977 0.38983 0.38987 0.38987 0.41386 0.41419 0.41435 0.41434 0.38887 0.38887 0.40929 0.41504 0.41504 0.38887 0.38887 0.41530 0.41782 0.41782 0.41782 0.41782 0.42016 0.42016 0.42016 0.42016 0.42016 0.42016 0.42016 0.42069
0.39481 0.39003 0.39138 0.38872 0.38792 0.38379 0.38007 0.37749 0.38200 0.38821 0.41349 0.41384 0.41384 0.41109 0.41117 0.40942 0.38950 0.38938 0.38929 0.38914 0.38895 0.38870 0.38840 0.46897 0.46957 0.46957 0.46957 0.38542 0.38633 0.38388 0.38388 0.38937 0.39004 0.39046 0.38903 0.38913 0.38925 0.38940 0.38960 0.38970 0.40800 0.40931 0.41017 0.41061 0.38988 0.41435 0.41435 0.38887 0.38887 0.40930 0.41505 0.41505 0.38887 0.40930 0.41531 0.41783 0.41783 0.41783 0.41783 0.41783 0.42017 0.42017 0.42017 0.42017 0.42017 0.42017 0.42004
0.39672 0.38973 0.39167 0.39297 0.39322 0.38669 0.38566 0.38518 0.38872 0.39106 0.41350 0.41385 0.42358 0.41110 0.41136 0.41015 0.38960 0.38948 0.38942 0.38927 0.38906 0.38881 0.38847 0.38809 0.38630 0.46958 0.46958 0.46958 0.38388 0.39177 0.39177 0.37182 0.37313 0.38534 0.38316 0.37506 0.37506 0.38228 0.38391 0.38967 0.40762 0.40911 0.41010 0.41059 0.38989 0.38888 0.38888 0.40931 0.40931 0.40931 0.40931 0.38888 0.38888 0.40931 0.41532 0.41784 0.41126 0.41757 0.41126 0.41126 0.39304 0.41126 0.41126 0.41279 0.39304 0.39304 0.39423
0.38403 0.38106 0.37813 0.38118 0.38632 0.39226 0.39489 0.38961 0.39076 0.39129 0.41609 0.41348 0.41616 0.41334 0.41364 0.41293 0.39218 0.39212 0.39208 0.39202 0.39187 0.38890 0.38855 0.38818 0.38634 0.39386 0.39129 0.38259 0.39178 0.39178 0.39178 0.37183 0.37353 0.39156 0.41095 0.37991 0.37991 0.41095 0.38989 0.41095 0.41095 0.41095 0.41095 0.41095 0.38989 0.38889 0.40931 0.40931 0.40931 0.38889 0.38889 0.38889 0.38889 0.40931 0.41533 0.41785 0.41758 0.41758 0.41127 0.41127 0.41127 0.41127 0.41127 0.41127 0.37151 0.37151 0.37007
