test/test_data/tcaap/monthly_variance_over_all_Jun__actual_et__2015-01-01_to_2019-12-31__180_by_260__inches.asc
NCOLS        180
NROWS        260
XLLCORNER     476375.000
YLLCORNER    4970875.000
CELLSIZE        100.000
NODATA_VALUE -9999.
[rows 0 to 29 of 260, columns 67 to 133 of 180]
0.72161 0.72161 0.72161 0.72161 0.73009 0.73009 0.73009 0.85383 0.85383 1.0326 1.0326 0.85383 0.85383 0.85383 0.83589 0.85383 0.85383 0.83227 0.83227 0.71612 0.71612 0.71612 0.71612 0.71612 0.71612 0.71612 0.85209 0.72454 0.82411 0.82411 0.72623 0.72623 0.85758 0.87409 0.87409 0.87409 0.87409 0.87409 0.87049 0.83483 1.1257 1.3135 1.1907 0.96767 1.1178 1.1178 1.1907 1.1178 1.1907 1.1211 1.2264 1.1958 0.86983 1.0357 1.3186 1.1958 0.86983 0.88573 0.88573 0.86702 0.84797 0.85574 0.83556 0.71508 0.88941 0.85574 0.86702
0.86791 0.86791 0.72161 0.72161 0.72161 0.72161 0.72161 0.71934 1.0855 1.1714 1.0855 0.85383 0.71934 0.71934 0.71934 0.72783 0.71934 0.71612 0.71612 0.83227 0.83227 0.71612 0.71612 0.71612 0.83227 0.71612 0.72454 0.72454 0.84379 0.84379 0.78636 0.73779 0.91359 0.89365 0.89365 0.89365 0.89449 0.87403 0.87042 0.86508 1.1257 1.1821 0.87608 1.1096 1.1178 1.1907 1.1907 1.1907 0.85538 0.88493 0.85025 1.1394 0.86983 1.1310 1.1394 0.86983 0.88573 0.88573 0.88573 0.88245 0.89029 1.2082 1.2082 0.88204 0.88245 0.88204 0.86702
0.86791 0.86791 0.86791 0.72161 0.72161 0.72161 0.71934 0.87926 1.1714 1.1714 1.4640 0.83589 0.72783 0.72783 0.83589 0.71934 0.83589 0.71612 0.71612 0.83227 0.83227 0.71612 0.85209 0.71612 0.83227 0.71612 0.78244 0.72623 0.71797 0.77561 0.79537 0.81833 0.98465 1.1809 1.0940 0.89365 0.89365 0.87403 0.87042 0.87778 1.2125 1.1821 0.85538 1.1096 1.1096 0.87017 0.83483 1.1163 0.86983 1.2183 1.1872 0.85025 1.0357 1.3134 1.3447 0.86983 0.88489 0.88573 0.88573 0.88245 0.88226 1.2082 1.2082 1.1771 0.86702 0.86702 0.86702
0.86562 0.86791 0.86791 0.86791 0.72161 0.72161 0.87926 0.87926 1.1714 1.2818 1.2818 0.87926 0.71934 0.71934 0.71934 0.71934 0.83589 0.83227 0.71612 0.71612 0.71612 0.83227 0.83227 0.71612 0.78244 0.86683 0.86683 0.85834 0.85834 0.85834 0.71797 0.83709 1.1821 1.2829 1.2829 0.88607 0.87403 0.87403 0.87042 0.83483 1.3081 1.1821 0.87049 1.1821 1.1821 0.87049 0.87049 0.85538 0.86983 1.2183 1.1872 0.86983 0.87858 1.2236 1.3286 0.86983 1.3134 1.1872 0.88573 0.88245 0.88245 1.2082 1.3080 1.2082 1.1771 1.1771 0.86702
0.86562 0.86562 0.86562 0.86562 0.86562 0.71956 0.87455 0.87455 1.1572 1.3007 0.87455 0.71281 0.71281 0.83589 0.83589 0.71934 0.71934 0.71612 0.71612 0.71612 0.71612 0.83227 0.83227 0.77195 0.87100 0.87100 0.87100 0.85834 0.87409 0.87409 0.83694 1.1729 1.1729 1.2829 1.2829 0.87287 0.85184 0.83694 0.83483 1.3081 1.2125 0.85538 0.85538 0.87049 0.87049 0.87049 0.86364 0.87017 0.88489 1.1310 0.86983 0.87727 0.88489 0.88489 0.88489 0.88489 1.0357 1.1872 0.88489 0.88245 0.88245 1.3080 1.3080 1.3080 1.3080 0.86702 0.88245
0.86562 0.86562 0.86562 0.86562 0.86562 0.84725 0.71281 1.2756 1.2835 1.3007 0.71281 0.71281 0.71281 0.71281 0.82931 0.82931 0.82931 0.71803 0.71803 0.71803 0.71803 0.86269 0.86269 0.86269 0.85903 0.86411 0.86411 0.85834 0.87409 0.88607 1.1729 1.1729 1.2829 1.0263 1.0185 1.0248 0.87287 0.87287 1.0238 1.3099 0.86364 0.87049 0.87049 0.87049 0.87017 0.85538 0.87049 0.87049 0.88573 0.86983 0.88573 0.88573 0.88573 0.88573 0.88573 0.88573 0.86983 1.1872 1.1872 0.87476 0.87476 1.3080 1.3080 1.3080 1.3080 0.86702 0.88245
0.86562 0.86562 0.86562 0.86562 0.86562 0.71956 0.86831 0.81645 1.2397 1.2835 1.4628 0.71281 0.71281 0.71281 0.82931 0.82931 0.82931 0.71803 0.71803 0.83383 0.85675 0.86269 0.86269 0.87518 0.85903 0.85903 0.87518 0.87525 0.89539 0.87128 1.0275 1.2792 1.0275 1.0275 1.0275 1.0275 1.0248 1.0248 1.0244 0.87078 1.2014 0.86364 0.87049 1.1414 0.85538 0.85538 0.87049 0.87049 0.87052 0.88573 0.88573 0.88573 0.88573 0.88573 0.88573 0.88573 0.86983 1.3447 1.3447 1.0584 1.0354 1.3080 1.3080 1.3080 1.3080 0.87476 0.88245
0.86562 0.86562 0.86562 0.86562 0.86562 0.86562 1.0463 0.98214 0.81112 0.80760 0.71281 0.74184 0.71281 0.71281 0.71281 0.82931 0.82931 0.82907 0.82907 0.86269 0.85903 0.86269 0.86269 0.87518 0.88248 0.87518 0.87518 0.87525 0.87128 0.96904 1.0275 1.0275 1.0275 1.0275 1.0275 1.0275 1.0275 1.0275 1.0798 0.86480 1.1680 0.85781 0.86477 1.0979 0.70414 0.86477 0.86477 0.86477 0.88573 0.88573 0.88573 0.88489 1.0367 1.2642 1.1456 0.86983 0.86983 1.3447 1.3447 0.86702 0.86702 1.3080 1.3080 1.3080 1.3080 0.87476 0.86702
0.86562 0.84053 0.86562 0.84053 0.86562 0.86562 1.0463 1.0463 0.82931 0.82931 0.71281 0.71281 0.71281 0.82931 0.82931 1.0366 1.0349 1.0349 0.88329 0.88329 0.85903 0.86269 0.86269 0.87518 0.87518 0.87518 0.87518 0.87525 0.87128 1.0275 1.0291 1.0291 1.0275 1.0275 1.0275 1.0275 1.0275 0.96830 0.96332 0.96332 1.3012 1.0212 0.86477 0.84972 0.84972 0.86477 0.86477 0.86477 0.88164 0.88164 0.86603 0.86603 1.0931 1.2480 0.87975 0.86603 0.88164 0.86603 1.0502 0.85788 0.86702 1.2082 1.3080 1.3080 1.3080 1.3080 0.88226
0.86562 0.86562 0.84053 0.84053 0.86562 0.86562 0.82931 0.82931 0.85542 0.85542 0.85542 0.85542 0.85542 0.71281 0.87451 0.87451 0.84652 0.72560 0.87889 0.87889 0.85903 0.86269 0.86269 0.87518 0.87518 0.87518 0.87518 1.0275 1.0275 1.0275 1.0426 0.96904 0.96904 1.0275 1.0275 1.0275 0.96904 0.96830 0.96830 0.96332 1.3012 1.0212 0.86477 0.85781 0.86469 0.86477 0.86477 0.85781 1.2156 1.3050 1.0316 0.88164 1.0931 0.86603 0.88164 0.86603 0.87975 0.88164 0.85788 0.85788 1.1763 1.3074 1.3074 1.3074 1.3074 1.0263 1.3074
0.86562 0.86562 0.86562 0.86562 0.86562 0.86562 0.85542 0.87271 0.85542 0.85542 0.85542 0.85542 0.85542 0.86831 1.1572 1.1572 1.1640 0.87889 0.87889 0.87889 0.85903 0.85903 0.86269 0.87518 0.87518 0.87518 0.87491 1.0275 1.0275 1.0275 1.2497 0.96904 0.96904 1.0275 1.0275 1.2526 1.0275 1.0155 0.96830 0.96825 1.3012 1.3012 0.86444 0.84397 1.0213 0.86477 0.86444 0.85781 1.2156 1.3050 1.3050 0.86603 0.88058 0.86603 0.86603 0.86603 0.87975 0.87975 0.85788 1.1266 1.1763 1.3074 1.3074 1.3074 1.3074 1.3074 1.3074
0.86562 0.86562 0.86562 0.88495 0.86562 0.86562 0.89235 0.89235 0.89235 0.87271 0.85542 0.85542 0.85542 1.1572 1.1572 1.1572 1.1640 0.87288 0.89424 0.89424 0.87889 0.87889 0.89424 0.87491 0.87491 0.97547 1.0190 1.0275 1.0437 0.96904 1.2846 0.99414 1.2526 1.2526 1.2526 1.0275 1.0275 0.85781 0.86477 0.86477 1.3012 1.0212 0.85781 0.85781 0.85047 0.86477 0.86444 0.81836 1.3050 1.3050 1.3050 1.1713 0.86603 0.86603 0.86603 0.86603 0.86603 1.2011 1.3074 1.3074 1.3074 1.3074 1.3074 1.0190 1.3074 1.3074 1.3074
0.86562 0.86562 0.86562 0.86562 0.86562 0.86562 0.85542 0.89235 0.89235 0.89235 0.89669 0.88804 1.1398 1.1398 0.87549 1.1721 0.90182 0.88715 0.89424 0.89424 0.89424 0.87889 0.87889 0.90212 1.4616 0.97547 1.0264 1.0275 1.0275 1.2792 1.2792 1.2497 1.2526 1.2526 1.0500 1.0500 1.0275 0.84972 0.86477 0.86477 1.0212 0.85781 0.86444 0.85781 0.86477 0.86477 0.85781 1.1389 1.3050 1.3050 1.3050 0.86603 0.86603 0.88164 0.88164 0.86603 0.86603 1.3050 1.3074 1.0263 1.3074 1.3074 1.3074 1.0190 1.0263 1.3074 1.3074
0.86562 0.86562 0.86562 0.86562 0.86562 0.86562 0.89235 0.89235 0.89235 0.89235 0.89669 0.89669 0.89235 0.89235 0.87549 0.89073 0.89337 0.84039 0.84039 0.87491 0.89424 0.87889 0.90212 1.4616 0.97547 1.0264 1.0264 1.0275 1.0522 1.0691 0.89539 0.87804 0.89539 0.87804 0.87804 0.87804 0.87804 0.86477 0.86477 0.84972 0.84972 0.86480 0.84972 0.84972 0.86477 0.85781 0.85781 1.1680 0.86603 1.3050 1.0502 1.0502 1.0502 0.88164 0.88164 0.87975 0.86603 1.3050 1.0263 1.0263 1.3074 1.3074 1.0263 0.97105 1.0263 1.3074 1.3074
0.87696 0.87696 0.87696 0.88746 0.87696 0.89519 0.91001 0.89235 0.89235 0.89235 0.88804 0.89073 0.89235 0.89235 0.87549 0.85542 0.87412 0.84039 0.84039 0.86087 0.86087 0.85295 0.87820 0.87352 1.4616 1.0264 1.0275 0.97373 0.89539 0.89539 0.89539 0.89539 0.89539 0.89539 0.89539 0.89539 0.87525 0.86477 0.86444 0.86444 0.86477 0.87194 1.3293 1.0390 0.86444 0.85781 0.85781 0.86603 0.86603 0.86603 1.3331 1.3331 1.3331 0.86603 0.88164 0.88164 0.88164 0.84409 0.87250 1.2053 1.3074 1.3074 1.0270 1.0374 1.0263 1.3074 1.3074
0.89609 0.91033 0.89609 0.89609 0.91033 0.89519 0.90127 0.91001 1.1410 1.1410 1.0777 0.87543 0.89519 0.90852 0.89519 0.87543 0.86226 0.84477 0.87820 0.89337 0.85831 0.71803 1.3059 1.0264 1.2514 1.0264 1.0183 0.97373 0.89539 0.89539 0.89539 0.89539 0.89539 0.89539 0.87525 0.88062 0.85821 0.84972 0.85781 0.86444 0.86477 0.86477 0.85781 1.3012 1.2513 1.0979 0.84972 1.4584 0.86603 1.3050 1.3050 0.89565 0.86671 0.86603 0.87975 0.87975 0.88164 0.88864 0.87250 1.2053 1.3074 1.3074 0.83546 0.84173 0.84173 1.1763 1.1763
0.87696 0.87696 0.87696 0.87696 0.87696 0.87543 0.87543 1.1410 1.1410 1.1410 1.4604 0.87543 0.87543 0.87543 0.90127 0.89519 0.89891 0.89891 0.89891 0.89891 0.88221 0.71452 1.0304 1.0304 1.0304 1.0304 0.97299 1.0823 0.89554 0.89554 0.89539 0.89539 0.89539 0.89539 0.88062 0.87128 0.87128 0.84972 0.84972 0.86477 0.86477 0.84972 0.84972 1.1977 1.1977 1.0979 1.1680 1.2011 1.3050 1.3050 1.0723 0.88627 0.88627 0.88164 0.87975 0.86603 0.86603 0.88058 0.88099 1.2053 1.3074 1.3074 1.0263 0.82874 0.82874 0.85788 0.87196
0.85933 0.87696 0.87696 0.87696 0.87696 0.87543 0.87543 0.87543 1.0777 1.0777 0.87543 0.87543 0.87543 0.87543 0.91001 0.91001 0.89891 0.89891 0.89891 0.89891 0.88221 0.71452 1.0304 1.0304 0.97622 1.0189 1.0823 1.1065 0.89554 0.89554 0.89554 0.89554 0.89554 0.89554 0.87894 0.87149 0.87149 0.85271 0.86757 0.86958 0.86015 0.85271 0.99430 0.86480 1.1977 1.0303 0.89123 1.3050 1.3050 1.3050 0.88562 0.88627 0.88627 0.86603 1.1713 0.86603 0.86603 0.88058 1.2053 1.3074 1.3074 1.3074 1.3074 0.82874 0.82874 0.86504 0.86504
0.72923 0.72923 0.87696 0.87696 0.87696 0.87543 0.87543 0.87543 0.87543 0.87543 0.87543 0.88228 0.87543 0.87543 0.90852 0.91001 0.89891 0.89891 0.89891 0.89891 0.88221 0.71452 0.87512 0.87512 0.87512 0.90350 1.1065 1.1065 0.89554 0.89554 0.89554 0.89554 0.89554 0.89554 0.87353 0.85859 0.85859 0.85271 0.86757 0.86958 0.85271 0.85271 0.85271 1.1921 1.2985 1.1116 0.89834 1.2973 1.2973 1.2973 0.88981 0.87557 0.85608 0.86947 1.2011 1.3050 0.84901 0.86603 1.1408 1.3074 1.3074 1.3074 1.3074 0.82874 0.85788 0.85788 0.86504
0.89675 0.89675 0.73171 0.73275 0.72923 0.72328 0.85866 0.85866 0.85866 0.87543 0.85866 0.84651 0.85866 0.72328 0.72328 0.91001 0.89891 0.88289 0.88289 0.88289 0.88289 0.89528 0.71452 0.87512 0.90315 0.88289 0.87933 0.87933 0.87933 0.86067 0.86067 0.86067 0.86067 0.86067 0.82958 0.85000 0.82958 0.82582 0.82582 0.83841 0.82582 1.0767 0.88298 0.88298 1.1116 1.1116 1.1116 1.1051 1.1051 1.1051 0.84167 0.82865 0.82865 0.85547 1.1612 1.1612 1.1612 0.85547 1.0518 1.0861 1.1143 1.1173 1.0823 1.0261 0.98148 0.85066 0.85788
0.91099 0.89675 0.89675 0.86100 0.72923 0.84651 0.85866 0.85866 0.85866 0.87543 0.85866 0.85866 0.85866 0.87543 0.88228 0.87003 0.89891 0.87439 1.0176 1.0937 0.94805 0.88289 0.88289 1.0304 1.0304 0.88289 0.87933 0.87933 0.85929 0.86067 0.86067 0.86067 0.86067 0.85649 0.86827 0.89804 0.89738 0.89738 1.0767 1.0767 1.0767 1.1068 0.89483 0.89738 0.89738 1.1116 1.1116 1.1051 1.1051 1.1051 1.1051 1.1051 0.82865 1.1612 1.1612 1.1612 0.85547 1.4573 1.4573 1.4573 1.4573 1.4573 1.4573 1.4573 1.4573 0.89322 0.85464
0.91151 0.91151 0.87765 0.89675 0.89675 0.84651 0.87543 0.87543 0.85866 0.87543 0.85866 0.85866 0.85866 0.87543 0.87543 0.88965 0.89891 0.88221 0.88221 0.87149 0.88289 0.88289 0.89891 0.86226 0.87512 0.87512 1.0323 1.0323 1.0823 0.86067 0.86067 0.86067 0.86067 0.82958 0.88409 0.89804 0.89738 0.89738 1.0767 1.0767 1.0767 0.98452 0.91210 0.92492 0.92492 0.89738 1.1116 1.1051 1.1051 1.1051 1.1051 1.1051 1.1051 1.1051 1.1051 1.4569 1.4569 1.4573 1.4573 1.4573 1.4573 1.4573 1.4573 1.4573 1.4573 1.4573 0.86522
0.91151 0.91151 0.89249 0.87765 0.89195 0.87610 0.89005 0.88372 0.88522 0.87543 0.85866 0.85866 0.85866 0.87543 0.89519 0.87512 0.86226 0.89891 0.89891 0.84477 0.84477 0.88289 0.88289 0.88289 0.89471 1.0304 1.0323 1.0823 1.0823 0.86067 0.86067 0.86067 0.85649 0.93824 0.88409 0.91258 0.93858 1.1068 1.1068 0.96533 0.98452 0.98452 0.98452 0.92492 0.92492 1.1743 1.1116 1.1051 1.1051 1.1051 1.1051 1.1051 1.1051 1.1051 1.1780 1.4569 1.4569 1.4573 1.4573 1.4573 1.4573 1.4573 1.4573 1.4573 1.4573 0.87368 0.85464
0.91151 0.89609 0.87696 0.88447 0.89195 0.87610 0.87610 0.87610 0.72328 0.72328 0.72328 0.87543 0.87543 0.90852 0.91001 0.86226 0.87714 0.89716 0.89891 0.89108 0.85686 0.78359 0.88289 0.88289 0.90350 1.0304 1.0298 1.1450 1.1586 0.98666 0.98666 0.98666 0.98666 0.98666 0.98666 0.98666 0.96533 0.96533 0.96533 0.96533 0.98452 0.98452 0.98452 0.98452 0.85267 0.85267 1.1116 1.1051 1.1051 1.1051 1.1051 1.1051 0.82865 0.87059 0.86190 1.4569 1.4569 1.4573 1.4573 1.4573 1.4573 1.4573 1.4573 1.4573 1.4573 0.85464 0.85464
1.2784 1.4606 1.4606 1.1112 1.0013 0.98671 1.0097 0.72328 0.72328 0.72328 0.84651 0.87543 0.87543 0.90852 0.87543 0.86226 0.88221 0.89716 0.89891 0.89800 0.84477 0.86606 0.88710 0.88710 1.0327 1.0304 1.0298 1.1586 0.94670 0.94874 0.97406 0.97497 0.97530 0.97610 0.97786 0.98198 0.96777 0.97540 0.96533 0.96533 0.96533 0.97320 0.96548 0.95957 0.85267 0.85267 0.85267 1.1051 1.1051 1.1051 1.1051 1.1051 0.82865 0.87059 0.87059 1.4569 1.4569 1.4573 1.4573 1.4573 1.4573 1.4573 1.4573 1.4573 1.4573 0.85618 0.86981
1.0805 1.0805 1.0257 1.0230 1.0250 1.0677 0.87127 0.72961 0.72961 0.83518 0.83518 0.86320 0.87543 0.89519 0.87543 0.88965 0.88965 0.89891 0.89891 0.89800 0.86534 0.88289 0.88710 0.86511 0.97808 1.0304 1.0298 1.0298 1.1493 0.98666 0.98666 0.98666 0.98666 0.98771 0.98703 0.96556 0.96239 0.96051 0.96533 0.96533 0.96533 0.96212 0.95845 0.95179 0.85267 0.85267 0.82582 1.1051 1.1051 1.1051 1.1051 0.82865 0.82865 0.87059 0.87059 1.4569 1.4569 1.4573 1.4573 1.4573 1.4573 1.4573 1.4573 1.4573 1.4573 1.4573 0.87303
0.84653 0.84653 0.84653 0.84653 1.0757 1.0677 0.72961 0.72961 0.72961 0.72961 0.87092 0.87272 0.89664 0.89008 0.86320 0.89336 0.89336 0.90174 0.90174 0.90078 0.89448 0.86733 0.88889 0.86947 0.97808 1.0323 1.0298 1.1606 0.98666 0.98666 0.96668 0.96668 0.96668 0.96668 0.96668 0.96668 0.96533 0.96533 0.98452 0.98452 0.94717 0.95190 0.96576 0.98671 0.85267 0.85267 0.82865 1.1051 1.1051 1.0928 1.1051 1.0651 0.82865 0.87059 0.87059 0.85547 0.95413 1.4573 1.4573 1.4573 1.4573 1.4573 1.4573 1.4573 1.4573 1.4573 0.88908
0.86371 0.83593 0.86371 0.83593 0.83518 1.1292 0.86319 0.86319 0.86319 0.83518 0.86690 0.78528 0.85212 0.88063 0.83518 0.86733 0.86733 0.88738 0.88738 0.88738 0.86733 0.78289 0.88889 0.86947 0.98307 0.96498 1.0207 1.1080 0.98092 0.98092 0.98092 0.98092 0.98092 0.98092 0.98092 0.98092 0.98452 0.93858 0.87212 0.85796 1.4556 1.4556 0.95934 0.98243 0.95106 0.99582 0.99587 1.4569 1.4569 1.1051 1.1051 1.1051 1.1051 1.2004 0.86860 0.87059 0.86190 1.4573 1.4573 1.4573 1.4573 1.4573 1.4573 1.4573 1.4573 1.4573 0.88726
0.86371 0.86371 0.86371 0.83593 0.83518 1.1292 0.86319 0.86319 0.86319 0.89823 0.89745 0.89745 0.84876 0.85212 0.88333 0.88738 0.86733 0.86733 0.86733 0.86733 0.86733 0.78289 0.88889 0.86947 0.98307 0.96003 1.0207 1.1477 0.98092 0.98092 0.98092 0.95961 1.0662 1.1337 0.98092 0.98092 0.98632 0.93756 1.4480 1.4480 0.93645 0.94246 0.95751 0.97826 0.95193 0.97555 1.4544 1.4544 1.4569 1.1051 1.1051 1.1051 1.1051 0.85547 0.87059 0.87059 0.87059 1.4573 1.4573 1.4573 1.4573 1.4573 1.4573 1.4573 1.4573 1.4573 0.88908
0.86371 0.86371 0.86371 0.86371 0.83518 0.86319 0.86319 0.89823 0.89823 0.89823 0.89823 0.89823 0.86617 0.88333 0.88689 0.88738 0.86733 0.86733 0.86733 0.86733 0.86733 0.78289 0.88244 0.86947 0.98307 1.0207 1.0207 0.98092 0.98092 0.98092 0.98092 0.98092 1.0662 0.92818 0.98092 0.98092 0.99167 0.88303 0.89752 0.87947 0.92910 0.93745 0.95504 0.97745 0.95911 0.97555 1.0014 1.4544 1.4544 1.1051 1.1051 1.1051 0.84706 0.87808 0.87808 0.87808 1.4544 1.4544 1.4544 1.4544 1.4573 1.4573 1.4573 1.4573 1.4573 1.4573 0.88908
