test/test_data/tcaap/monthly_variance_over_all_Mar__actual_et__2015-01-01_to_2019-12-31__180_by_260__inches.asc
NCOLS        180
NROWS        260
XLLCORNER     476375.000
YLLCORNER    4970875.000
CELLSIZE        100.000
NODATA_VALUE -9999.
[rows 0 to 28 of 260, columns 67 to 133 of 180]
0.28835 0.28835 0.28835 0.28835 0.29499 0.29499 0.29499 0.32496 0.32496 0.36445 0.36445 0.32496 0.32496 0.32496 0.31929 0.32496 0.32496 0.31892 0.31892 0.29532 0.29532 0.29532 0.29532 0.29532 0.29532 0.29532 0.32468 0.30178 0.31938 0.31938 0.30382 0.30382 0.32646 0.33334 0.33334 0.33334 0.33334 0.33334 0.33344 0.31968 0.37253 0.39046 0.37972 0.35190 0.37349 0.37349 0.37972 0.37349 0.37972 0.37279 0.38232 0.37935 0.32484 0.36276 0.39037 0.37935 0.32484 0.33168 0.33168 0.32467 0.32206 0.32267 0.31673 0.29364 0.33559 0.32267 0.32467
0.32339 0.32339 0.28835 0.28835 0.28835 0.28835 0.28835 0.29484 0.36802 0.37815 0.36802 0.32496 0.29484 0.29484 0.29484 0.30122 0.29484 0.29532 0.29532 0.31893 0.31893 0.29532 0.29532 0.29532 0.31893 0.29532 0.30178 0.30178 0.32516 0.32516 0.31068 0.31228 0.33982 0.33732 0.33732 0.33732 0.33878 0.33179 0.33187 0.32881 0.37253 0.37932 0.33017 0.37324 0.37350 0.37973 0.37973 0.37973 0.32651 0.32699 0.31706 0.37203 0.32484 0.37176 0.37203 0.32484 0.33169 0.33169 0.33169 0.33153 0.33063 0.38107 0.38107 0.32942 0.33153 0.32942 0.32468
0.32339 0.32339 0.32339 0.28835 0.28835 0.28835 0.29484 0.33280 0.37815 0.37815 0.42090 0.31929 0.30123 0.30123 0.31929 0.29484 0.31929 0.29532 0.29532 0.31893 0.31893 0.29532 0.32469 0.29532 0.31893 0.29532 0.30939 0.30382 0.29710 0.30419 0.31562 0.32849 0.35495 0.38137 0.37040 0.33732 0.33732 0.33179 0.33187 0.33406 0.38233 0.37932 0.32651 0.37324 0.37324 0.33123 0.31969 0.37429 0.32485 0.38190 0.37895 0.31707 0.36277 0.39021 0.38936 0.32485 0.32958 0.33169 0.33169 0.33154 0.32683 0.38108 0.38108 0.37824 0.32468 0.32468 0.32468
0.32686 0.32340 0.32340 0.32340 0.28835 0.28835 0.33281 0.33281 0.37816 0.38756 0.38756 0.33281 0.29484 0.29484 0.29484 0.29484 0.31930 0.31893 0.29532 0.29532 0.29532 0.31893 0.31893 0.29532 0.30939 0.32947 0.32947 0.32663 0.32663 0.32663 0.29711 0.33625 0.38086 0.38939 0.38939 0.33448 0.33180 0.33180 0.33187 0.31969 0.39032 0.37933 0.33345 0.37933 0.37933 0.33345 0.33345 0.32651 0.32485 0.38190 0.37896 0.32485 0.32726 0.38408 0.38745 0.32485 0.39022 0.37896 0.33170 0.33154 0.33154 0.38108 0.38944 0.38108 0.37825 0.37825 0.32468
0.32687 0.32687 0.32687 0.32687 0.32687 0.29367 0.33303 0.33303 0.37965 0.38838 0.33303 0.29525 0.29525 0.31867 0.31867 0.29484 0.29484 0.29532 0.29532 0.29532 0.29532 0.31893 0.31893 0.30285 0.33119 0.33119 0.33119 0.32663 0.33336 0.33336 0.31951 0.37997 0.37997 0.38939 0.38939 0.32849 0.32445 0.31951 0.31969 0.39032 0.38234 0.32652 0.32652 0.33345 0.33345 0.33345 0.32843 0.33124 0.32958 0.37177 0.32485 0.32689 0.32958 0.32958 0.32958 0.32958 0.36278 0.37896 0.32958 0.33155 0.33155 0.38945 0.38945 0.38945 0.38945 0.32469 0.33155
0.32687 0.32687 0.32687 0.32687 0.32687 0.31931 0.29525 0.38912 0.38631 0.38839 0.29525 0.29525 0.29525 0.29525 0.31920 0.31920 0.31920 0.29369 0.29369 0.29369 0.29369 0.33164 0.33164 0.33164 0.32655 0.32614 0.32614 0.32664 0.33336 0.33449 0.37998 0.37998 0.38940 0.36488 0.35917 0.36358 0.32850 0.32850 0.36356 0.39122 0.32843 0.33345 0.33345 0.33345 0.33124 0.32652 0.33345 0.33345 0.33170 0.32486 0.33170 0.33170 0.33170 0.33170 0.33170 0.33170 0.32486 0.37897 0.37897 0.32673 0.32673 0.38945 0.38945 0.38945 0.38945 0.32469 0.33155
0.32687 0.32687 0.32687 0.32687 0.32687 0.29368 0.32858 0.34120 0.38502 0.38632 0.42060 0.29526 0.29526 0.29526 0.31921 0.31921 0.31921 0.29369 0.29369 0.31630 0.32859 0.33164 0.33164 0.33328 0.32656 0.32656 0.33328 0.33257 0.33811 0.32773 0.36343 0.39061 0.36343 0.36343 0.36343 0.36343 0.36359 0.36359 0.36418 0.32855 0.38243 0.32844 0.33346 0.37580 0.32652 0.32652 0.33346 0.33346 0.32504 0.33171 0.33171 0.33171 0.33171 0.33171 0.33171 0.33171 0.32486 0.38938 0.38938 0.36251 0.36251 0.38946 0.38946 0.38946 0.38946 0.32674 0.33155
0.32688 0.32688 0.32688 0.32688 0.32688 0.32688 0.36724 0.35767 0.34069 0.34032 0.29526 0.31672 0.29526 0.29526 0.29526 0.31921 0.31921 0.31913 0.31913 0.33164 0.32656 0.33164 0.33164 0.33328 0.33388 0.33328 0.33328 0.33258 0.32773 0.35160 0.36344 0.36344 0.36344 0.36344 0.36344 0.36344 0.36344 0.36344 0.37088 0.32922 0.38146 0.32910 0.33410 0.37514 0.29839 0.33410 0.33410 0.33410 0.33171 0.33171 0.33171 0.32960 0.36406 0.38815 0.37508 0.32486 0.32486 0.38939 0.38939 0.32470 0.32470 0.38946 0.38946 0.38946 0.38946 0.32674 0.32470
0.32688 0.31921 0.32688 0.31921 0.32688 0.32688 0.36724 0.36724 0.31921 0.31921 0.29526 0.29526 0.29526 0.31921 0.31921 0.36621 0.36589 0.36589 0.33718 0.33718 0.32657 0.33165 0.33165 0.33328 0.33328 0.33328 0.33328 0.33258 0.32774 0.36344 0.36404 0.36404 0.36344 0.36344 0.36344 0.36344 0.36344 0.35599 0.35270 0.35270 0.39200 0.36494 0.33411 0.32717 0.32717 0.33411 0.33411 0.33411 0.33113 0.33113 0.32432 0.32432 0.37167 0.38744 0.32902 0.32432 0.33113 0.32432 0.36237 0.32494 0.32470 0.38111 0.38947 0.38947 0.38947 0.38947 0.32685
0.32688 0.32688 0.31921 0.31921 0.32688 0.32688 0.31921 0.31921 0.32644 0.32644 0.32644 0.32644 0.32644 0.29526 0.33304 0.33304 0.34117 0.30016 0.33233 0.33233 0.32657 0.33165 0.33165 0.33329 0.33329 0.33329 0.33329 0.36345 0.36345 0.36345 0.36441 0.35161 0.35161 0.36345 0.36345 0.36345 0.35161 0.35600 0.35600 0.35270 0.39201 0.36495 0.33411 0.32911 0.33257 0.33411 0.33411 0.32911 0.38346 0.39025 0.36238 0.33113 0.37168 0.32432 0.33113 0.32432 0.32902 0.33113 0.32494 0.32494 0.37953 0.39040 0.39040 0.39040 0.39040 0.36260 0.39040
0.32688 0.32688 0.32688 0.32688 0.32688 0.32688 0.32644 0.33343 0.32644 0.32644 0.32644 0.32644 0.32644 0.32859 0.37969 0.37969 0.37987 0.33233 0.33233 0.33233 0.32657 0.32657 0.33165 0.33329 0.33329 0.33329 0.33177 0.36345 0.36345 0.36345 0.38677 0.35162 0.35162 0.36345 0.36345 0.38900 0.36345 0.36169 0.35600 0.35527 0.39201 0.39201 0.33194 0.32511 0.36570 0.33411 0.33194 0.32911 0.38347 0.39025 0.39025 0.32433 0.32646 0.32433 0.32433 0.32433 0.32903 0.32903 0.32494 0.37215 0.37954 0.39041 0.39041 0.39041 0.39041 0.39041 0.39041
0.32689 0.32689 0.32689 0.33232 0.32689 0.32689 0.33883 0.33883 0.33883 0.33343 0.32645 0.32645 0.32645 0.37969 0.37969 0.37969 0.37987 0.33005 0.33731 0.33731 0.33234 0.33234 0.33731 0.33177 0.33177 0.35298 0.35917 0.36346 0.36346 0.35162 0.38963 0.35600 0.38901 0.38901 0.38901 0.36346 0.36346 0.32912 0.33412 0.33412 0.39202 0.36496 0.32912 0.32912 0.32734 0.33412 0.33195 0.32020 0.39026 0.39026 0.39026 0.37921 0.32433 0.32433 0.32433 0.32433 0.32433 0.38195 0.39041 0.39041 0.39041 0.39041 0.39041 0.35816 0.39041 0.39041 0.39041
0.32689 0.32689 0.32689 0.32689 0.32689 0.32689 0.32645 0.33884 0.33884 0.33884 0.33940 0.33432 0.37678 0.37678 0.33192 0.38138 0.33788 0.33447 0.33731 0.33731 0.33731 0.33234 0.33234 0.33930 0.42095 0.35298 0.36358 0.36346 0.36346 0.39065 0.39065 0.38678 0.38901 0.38901 0.36691 0.36691 0.36346 0.32718 0.33412 0.33412 0.36496 0.32912 0.33195 0.32912 0.33412 0.33412 0.32912 0.37994 0.39027 0.39027 0.39027 0.32433 0.32433 0.33114 0.33114 0.32433 0.32433 0.39027 0.39042 0.36261 0.39042 0.39042 0.39042 0.35816 0.36261 0.39042 0.39042
0.32689 0.32689 0.32689 0.32689 0.32689 0.32689 0.33884 0.33884 0.33884 0.33884 0.33940 0.33940 0.33884 0.33884 0.33193 0.33683 0.33673 0.31926 0.31926 0.33178 0.33732 0.33234 0.33930 0.42096 0.35299 0.36358 0.36358 0.36347 0.36813 0.36813 0.33813 0.33141 0.33813 0.33141 0.33141 0.33141 0.33141 0.33412 0.33412 0.32719 0.32719 0.32924 0.32719 0.32719 0.33412 0.32913 0.32913 0.38149 0.32434 0.39027 0.36240 0.36240 0.36240 0.33115 0.33115 0.32904 0.32434 0.39027 0.36262 0.36262 0.39043 0.39043 0.36262 0.35084 0.36262 0.39043 0.39043
0.32350 0.32350 0.32350 0.32562 0.32350 0.33059 0.33751 0.33884 0.33884 0.33884 0.33432 0.33684 0.33884 0.33884 0.33193 0.32646 0.33116 0.31926 0.31926 0.32496 0.32496 0.32205 0.33207 0.32846 0.42096 0.36359 0.36347 0.35491 0.33814 0.33814 0.33814 0.33814 0.33814 0.33814 0.33814 0.33814 0.33260 0.33413 0.33196 0.33196 0.33413 0.33473 0.39141 0.36438 0.33196 0.32913 0.32913 0.32434 0.32434 0.32434 0.38957 0.38957 0.38957 0.32434 0.33115 0.33115 0.33115 0.32110 0.32708 0.38220 0.39043 0.39043 0.36322 0.36136 0.36262 0.39043 0.39043
0.32917 0.33406 0.32917 0.32917 0.33406 0.33060 0.33288 0.33752 0.37656 0.37656 0.37002 0.32497 0.33060 0.33550 0.33060 0.32497 0.32488 0.31768 0.33207 0.33674 0.32643 0.29371 0.38871 0.36359 0.38846 0.36359 0.35900 0.35492 0.33814 0.33814 0.33814 0.33814 0.33814 0.33814 0.33261 0.33321 0.32572 0.32720 0.32913 0.33196 0.33413 0.33413 0.32913 0.39204 0.38943 0.37518 0.32720 0.42177 0.32435 0.39028 0.39028 0.32766 0.32453 0.32435 0.32904 0.32904 0.33115 0.33175 0.32708 0.38220 0.39044 0.39044 0.32101 0.32231 0.32231 0.37956 0.37956
0.32350 0.32350 0.32350 0.32350 0.32350 0.32497 0.32497 0.37657 0.37657 0.37657 0.42101 0.32497 0.32497 0.32497 0.33288 0.33060 0.33741 0.33741 0.33741 0.33741 0.33064 0.29272 0.36280 0.36280 0.36280 0.36280 0.35322 0.37039 0.33895 0.33895 0.33815 0.33815 0.33815 0.33815 0.33321 0.32777 0.32777 0.32720 0.32720 0.33413 0.33413 0.32720 0.32720 0.38411 0.38411 0.37518 0.38151 0.38198 0.39029 0.39029 0.36589 0.33031 0.33031 0.33116 0.32905 0.32435 0.32435 0.32648 0.33236 0.38221 0.39044 0.39044 0.36263 0.31715 0.31715 0.32496 0.32966
0.31641 0.32350 0.32350 0.32350 0.32350 0.32498 0.32498 0.32498 0.37003 0.37003 0.32498 0.32498 0.32498 0.32498 0.33753 0.33753 0.33741 0.33741 0.33741 0.33741 0.33064 0.29272 0.36280 0.36280 0.35199 0.35831 0.37039 0.37321 0.33895 0.33895 0.33895 0.33895 0.33895 0.33895 0.33410 0.32866 0.32866 0.32663 0.33141 0.33359 0.32857 0.32663 0.35836 0.32925 0.38412 0.37037 0.32805 0.39030 0.39030 0.39030 0.32996 0.33032 0.33032 0.32435 0.37924 0.32435 0.32435 0.32648 0.38221 0.39045 0.39045 0.39045 0.39045 0.31715 0.31715 0.32698 0.32698
0.29248 0.29248 0.32351 0.32351 0.32351 0.32498 0.32498 0.32498 0.32498 0.32498 0.32498 0.32701 0.32498 0.32498 0.33552 0.33753 0.33741 0.33741 0.33741 0.33741 0.33065 0.29272 0.32696 0.32696 0.32696 0.33798 0.37322 0.37322 0.33896 0.33896 0.33896 0.33896 0.33896 0.33896 0.33351 0.32662 0.32662 0.32664 0.33141 0.33359 0.32664 0.32664 0.32664 0.38325 0.39156 0.37565 0.33120 0.39206 0.39206 0.39206 0.33948 0.33300 0.32731 0.32920 0.38199 0.39030 0.31663 0.32436 0.37497 0.39046 0.39046 0.39046 0.39046 0.31715 0.32497 0.32497 0.32699
0.32946 0.32946 0.29480 0.29575 0.29248 0.29362 0.31786 0.31786 0.31786 0.32498 0.31786 0.31775 0.31786 0.29362 0.29362 0.33753 0.33742 0.33093 0.33093 0.33093 0.33093 0.33413 0.29272 0.32696 0.33656 0.33093 0.33252 0.33252 0.33252 0.33187 0.33187 0.33187 0.33187 0.33187 0.31950 0.32523 0.31950 0.31953 0.31953 0.32451 0.31953 0.37337 0.33467 0.33467 0.37566 0.37566 0.37566 0.37520 0.37520 0.37520 0.32496 0.32019 0.32019 0.32715 0.38142 0.38142 0.38142 0.32715 0.37020 0.37528 0.37853 0.37874 0.37478 0.36521 0.35746 0.32975 0.32497
0.33467 0.32947 0.32947 0.32001 0.29248 0.31775 0.31787 0.31787 0.31787 0.32498 0.31787 0.31787 0.31787 0.32498 0.32702 0.32685 0.33742 0.32670 0.36382 0.37261 0.34613 0.33093 0.33093 0.36282 0.36282 0.33093 0.33253 0.33253 0.32679 0.33187 0.33187 0.33187 0.33187 0.32882 0.33176 0.33809 0.33852 0.33852 0.37338 0.37338 0.37338 0.37767 0.33918 0.33852 0.33852 0.37566 0.37566 0.37520 0.37520 0.37520 0.37520 0.37520 0.32020 0.38142 0.38142 0.38142 0.32715 0.42155 0.42155 0.42155 0.42155 0.42155 0.42155 0.42155 0.42155 0.33767 0.32756
0.33609 0.33609 0.32376 0.32947 0.32947 0.31775 0.32499 0.32499 0.31787 0.32499 0.31787 0.31787 0.31787 0.32499 0.32499 0.33274 0.33742 0.33066 0.33066 0.32724 0.33094 0.33094 0.33742 0.32490 0.32697 0.32697 0.36520 0.36520 0.37041 0.33188 0.33188 0.33188 0.33188 0.31950 0.33434 0.33809 0.33852 0.33852 0.37338 0.37338 0.37338 0.35784 0.34278 0.34717 0.34717 0.33852 0.37567 0.37521 0.37521 0.37521 0.37521 0.37521 0.37521 0.37521 0.37521 0.42143 0.42143 0.42156 0.42156 0.42156 0.42156 0.42156 0.42156 0.42156 0.42156 0.42156 0.33059
0.33610 0.33610 0.33049 0.32376 0.32897 0.32524 0.33046 0.32741 0.32785 0.32499 0.31787 0.31787 0.31787 0.32499 0.33062 0.32697 0.32491 0.33743 0.33743 0.31770 0.31770 0.33094 0.33094 0.33094 0.33285 0.36283 0.36513 0.37042 0.37042 0.33188 0.33188 0.33188 0.32883 0.34954 0.33434 0.34366 0.35020 0.37768 0.37768 0.35365 0.35784 0.35784 0.35784 0.34717 0.34717 0.38325 0.37567 0.37521 0.37521 0.37521 0.37521 0.37521 0.37521 0.37521 0.38385 0.42144 0.42144 0.42157 0.42157 0.42157 0.42157 0.42157 0.42157 0.42157 0.42157 0.33282 0.32757
0.33610 0.32920 0.32352 0.32554 0.32897 0.32524 0.32524 0.32524 0.29362 0.29362 0.29362 0.32499 0.32499 0.33554 0.33755 0.32491 0.32970 0.33540 0.33743 0.33312 0.32286 0.30745 0.33094 0.33094 0.33800 0.36283 0.36387 0.37744 0.38033 0.35807 0.35807 0.35807 0.35807 0.35807 0.35807 0.35807 0.35365 0.35365 0.35365 0.35365 0.35785 0.35785 0.35785 0.35785 0.32887 0.32887 0.37568 0.37522 0.37522 0.37522 0.37522 0.37522 0.32020 0.33409 0.32910 0.42145 0.42145 0.42157 0.42157 0.42157 0.42157 0.42157 0.42157 0.42157 0.42157 0.32757 0.32757
0.38856 0.42058 0.42058 0.37182 0.35866 0.35808 0.36006 0.29362 0.29362 0.29362 0.31776 0.32500 0.32500 0.33554 0.32500 0.32491 0.33066 0.33541 0.33744 0.33600 0.31770 0.32854 0.33588 0.33588 0.36418 0.36284 0.36388 0.38033 0.34718 0.35017 0.35568 0.35586 0.35592 0.35608 0.35642 0.35720 0.35412 0.35555 0.35366 0.35366 0.35366 0.35514 0.35369 0.35252 0.32888 0.32888 0.32888 0.37522 0.37522 0.37522 0.37522 0.37522 0.32021 0.33410 0.33410 0.42145 0.42145 0.42158 0.42158 0.42158 0.42158 0.42158 0.42158 0.42158 0.42158 0.32804 0.33445
0.36770 0.36770 0.36198 0.36164 0.36339 0.36885 0.33036 0.29046 0.29046 0.31568 0.31568 0.32311 0.32500 0.33063 0.32500 0.33276 0.33276 0.33744 0.33744 0.33600 0.32342 0.33095 0.33589 0.33023 0.35426 0.36284 0.36388 0.36388 0.37846 0.35808 0.35808 0.35808 0.35808 0.35827 0.35814 0.35360 0.35309 0.35272 0.35366 0.35366 0.35366 0.35303 0.35230 0.35095 0.32888 0.32888 0.31955 0.37523 0.37523 0.37523 0.37523 0.32021 0.32021 0.33410 0.33410 0.42146 0.42146 0.42159 0.42159 0.42159 0.42159 0.42159 0.42159 0.42159 0.42159 0.42159 0.33541
0.31620 0.31620 0.31620 0.31620 0.36842 0.36885 0.29046 0.29046 0.29046 0.29046 0.32547 0.32600 0.33385 0.33119 0.32311 0.33128 0.33128 0.33591 0.33591 0.33448 0.33164 0.32353 0.33437 0.32861 0.35427 0.36523 0.36389 0.38072 0.35808 0.35808 0.35382 0.35382 0.35382 0.35382 0.35382 0.35382 0.35366 0.35366 0.35786 0.35786 0.35004 0.35098 0.35375 0.35756 0.32888 0.32888 0.32021 0.37523 0.37523 0.37443 0.37523 0.37250 0.32021 0.33411 0.33411 0.32717 0.35184 0.42159 0.42159 0.42159 0.42159 0.42159 0.42159 0.42159 0.42159 0.42159 0.33986
0.32350 0.31609 0.32350 0.31609 0.31569 0.37567 0.32312 0.32312 0.32312 0.31569 0.32673 0.30348 0.31861 0.33145 0.31569 0.32353 0.32353 0.32946 0.32946 0.32946 0.32353 0.29948 0.33437 0.32862 0.35306 0.35426 0.36282 0.37372 0.35695 0.35695 0.35695 0.35695 0.35695 0.35695 0.35695 0.35695 0.35786 0.35022 0.33458 0.33016 0.42087 0.42087 0.35249 0.35682 0.35225 0.35986 0.36041 0.42147 0.42147 0.37524 0.37524 0.37524 0.37524 0.38498 0.33194 0.33411 0.32911 0.42160 0.42160 0.42160 0.42160 0.42160 0.42160 0.42160 0.42160 0.42160 0.33784
0.32350 0.32350 0.32350 0.31609 0.31569 0.37568 0.32312 0.32312 0.32312 0.33589 0.33445 0.33445 0.31745 0.31861 0.32914 0.32947 0.32354 0.32354 0.32354 0.32354 0.32354 0.29948 0.33438 0.32862 0.35306 0.35099 0.36283 0.37921 0.35696 0.35696 0.35696 0.35280 0.37128 0.37955 0.35696 0.35696 0.35619 0.34786 0.41859 0.41859 0.34443 0.34578 0.34906 0.35397 0.34782 0.35334 0.42087 0.42087 0.42148 0.37524 0.37524 0.37524 0.37524 0.32718 0.33411 0.33411 0.33411 0.42161 0.42161 0.42161 0.42161 0.42161 0.42161 0.42161 0.42161 0.42161 0.33987
