test/test_data/tcaap/monthly_mean_over_all_Jun__actual_et__2015-01-01_to_2019-12-31__180_by_260__inches.asc
NCOLS        180
NROWS        260
XLLCORNER     476375.000
YLLCORNER    4970875.000
CELLSIZE        100.000
NODATA_VALUE -9999.
[rows 64 to 95 of 260, columns 71 to 141 of 180]
5.8256 5.8256 5.8256 3.3653 3.4293 3.5085 5.8256 5.8256 5.8166 5.8166 5.8166 3.4682 3.4685 3.3845 3.4433 3.5444 3.2127 3.2671 3.3469 3.6882 3.6882 3.6882 3.6882 3.6882 3.6882 3.6882 3.6882 3.6882 3.6882 3.9796 4.0690 3.9796 3.9796 3.9796 3.7136 4.0690 4.0690 4.0624 4.0624 4.1065 4.0455 3.3563 3.7210 3.7210 3.3823 3.7386 3.7389 3.3764 3.7481 3.9708 4.0004 4.0757 4.1003 4.0711 4.0208 4.0511 4.0511 4.0257 4.1003 4.5957 4.0567 3.9117 3.9117 3.9117 3.9117 3.9776 3.8321 5.7683 3.5764 3.5206 4.3386
5.8256 5.8256 5.8256 3.3653 2.8087 3.4497 3.4497 3.4497 3.3845 3.0609 3.0629 3.4394 3.4685 3.5248 3.4961 3.0605 3.2187 3.3422 3.4667 3.4340 3.3078 3.9690 3.9690 3.6882 3.6882 3.9690 3.8358 4.3243 4.2613 3.9796 3.9796 4.0690 3.7136 3.7136 3.7136 3.7136 4.0690 4.0178 4.0178 4.0455 4.0455 3.7210 3.7210 3.7210 3.7210 3.7210 3.7210 3.9687 3.9785 3.9720 4.0064 4.0092 4.0711 4.0711 4.0511 4.0511 4.0511 3.8314 4.9645 4.7067 4.0567 4.0567 3.9117 3.9117 3.9117 3.6710 3.6025 3.6031 3.6031 3.6031 4.1737
3.9309 2.9304 5.8256 2.8803 2.8362 3.4497 3.4497 3.4497 3.4685 3.5248 3.5204 3.5204 3.3845 3.5248 3.4916 3.5204 3.4074 4.1471 3.5872 3.8358 3.9690 3.9690 3.9690 3.3077 3.8976 3.9851 4.4742 4.3243 4.6202 4.0178 4.0178 4.0178 5.7976 5.7976 3.7136 3.7136 3.7136 4.0178 4.0178 4.0455 4.0455 3.7210 3.7210 3.7210 3.9289 3.3563 3.7210 3.7210 3.4083 3.9942 4.0063 4.0043 4.0711 4.1003 4.0511 4.0511 4.0511 4.1130 4.0511 4.7160 4.0567 3.9117 3.9117 3.9117 4.0160 4.0982 3.5076 3.4821 4.1742 4.1742 4.3686
3.5641 3.5313 3.5205 3.4185 3.4708 3.5020 3.5020 3.5107 3.4685 3.5301 3.5301 3.5120 3.4911 3.0753 3.4961 3.4662 3.4505 3.4505 3.3627 4.5183 4.4474 4.0914 3.3077 3.2861 3.2861 3.6622 4.0103 4.6202 4.6202 4.0178 4.0178 4.0178 5.7976 5.7976 3.7136 3.7136 3.7136 3.6873 3.6873 3.7210 3.7210 3.7210 3.7210 3.9289 3.8308 3.3563 3.3563 3.4083 3.4083 3.3823 3.4061 3.4111 3.4061 3.7885 3.7599 3.7599 3.7599 4.0511 4.0511 4.0511 3.9700 3.9956 3.6011 3.6011 4.0160 3.4777 3.8413 3.8413 4.0246 3.7873 3.5206
3.9444 5.8081 3.5339 3.5489 3.4708 3.5020 3.5020 3.4503 3.4503 3.5161 3.5161 3.4935 3.4714 3.4657 3.5762 2.8031 3.1081 3.2625 3.3052 4.3848 5.8061 4.0914 3.3645 3.2861 3.6622 3.6622 4.0103 3.9851 3.9912 4.0178 4.0178 4.0178 3.9586 5.7976 3.7136 3.7136 3.6873 3.6873 3.6873 3.7210 3.7210 3.7210 3.7210 3.8308 3.9790 3.7782 3.3823 3.3823 3.8607 3.4061 3.4061 3.4138 3.4005 3.7885 3.7885 3.4061 3.4061 4.0208 4.0511 4.0257 3.9700 3.9700 3.9956 4.0160 4.0160 3.8413 3.8413 3.8413 3.8413 3.7873 3.8276
3.9444 3.8936 3.7705 3.4708 3.4975 3.4425 3.5020 3.4503 3.4503 3.5161 3.5161 3.4503 3.4503 3.0260 3.4259 3.3696 3.8903 3.8381 3.2061 4.3624 4.8812 4.7661 3.2218 3.6022 3.6022 3.8946 3.9809 3.9466 3.9818 4.0132 4.0132 4.0178 3.9287 5.7976 3.6873 3.6873 3.6873 3.7135 3.6873 3.7210 3.7210 3.7210 3.7210 3.8607 3.3823 3.3823 3.3823 3.8607 3.8607 3.4061 3.4156 3.3973 3.4061 3.4061 3.4061 3.4331 3.4061 3.4061 3.7599 4.0511 3.9956 3.9956 3.9956 3.6011 3.4436 3.8413 3.8413 3.8413 3.8413 3.8413 4.4875
3.9444 3.9444 3.8079 3.4975 3.4975 3.4425 3.5020 3.4503 3.4503 3.5161 3.5161 3.5161 3.4503 3.4527 3.3696 3.3696 3.3696 3.6425 3.3055 4.8812 4.8812 4.5506 4.0620 3.6022 3.6022 3.8946 3.9809 3.9809 4.0132 4.0132 4.0132 3.9818 5.7925 5.7925 3.7361 3.6486 3.6486 3.3113 3.6486 3.7120 3.7120 3.7120 3.7120 3.1227 3.8607 3.8607 3.8607 3.9790 3.9790 3.7884 3.7599 3.3791 3.3950 3.4061 3.4061 3.4061 3.4061 4.1003 4.0511 4.0511 3.9956 3.9956 3.9117 3.6011 3.6011 4.0160 3.6011 3.7967 3.7967 3.7967 4.5647
3.9444 3.8985 3.8291 3.4708 3.5020 3.5020 3.4216 3.3696 3.4503 3.3591 3.4527 3.5161 3.5161 3.5161 3.5161 3.5161 3.5161 3.6504 3.0141 5.8011 5.8011 5.8011 4.0775 3.9809 3.9809 3.9809 3.9809 3.9809 4.0132 4.0132 4.0825 4.0203 5.7925 5.7925 3.6794 3.6794 3.2840 3.6774 3.6486 3.7120 3.7120 3.7120 3.7120 3.7120 3.1050 3.7120 3.7406 3.7406 3.9774 3.7566 3.7566 3.7566 3.7566 3.4293 3.4293 3.4098 5.7513 3.9592 3.9592 4.0511 3.9956 3.9956 3.2535 3.9117 3.9117 3.2257 3.1159 3.2814 3.2257 3.8558 3.6354
3.9444 4.2542 5.8081 5.1094 3.5020 3.5020 3.3583 3.3696 3.4767 3.0214 3.3307 3.5107 3.5107 3.5161 3.5161 3.5161 3.5161 3.3307 5.8011 5.8011 5.8011 5.8011 4.4849 3.9809 3.9809 3.9809 3.9809 3.9809 4.0132 4.0132 4.0132 3.8700 5.7925 5.7925 5.7925 3.3113 3.3113 3.6794 3.6794 3.7120 3.7120 3.7406 3.7120 3.7120 3.7120 3.7120 3.7120 3.7120 3.7120 3.7566 3.7566 3.7566 3.7566 3.4293 3.4293 3.7566 3.9746 5.7641 4.0550 4.0550 4.0324 4.0324 3.2719 3.9423 3.8879 3.2442 3.2442 3.2257 3.2257 3.9220 3.8858
3.8985 3.9312 5.8081 4.0055 3.3583 3.5020 3.3583 3.5161 3.4767 3.0168 3.3542 3.3591 3.4527 3.5161 3.5161 3.5161 3.5161 3.1130 5.8011 5.8011 5.8011 5.8011 5.8011 4.3951 3.9809 3.9809 3.9809 3.9809 4.0132 4.0132 3.9194 5.7925 5.7925 5.7925 5.7925 5.7925 3.3113 3.6794 3.3113 3.3814 3.7406 3.7406 3.6711 3.6711 3.7120 3.7120 3.7120 3.7120 3.7120 3.7566 3.7566 3.7566 3.7566 3.7846 3.7846 3.7566 3.9287 3.8733 5.7641 5.7641 4.0324 4.0324 3.9943 3.9943 3.7467 3.2442 3.2442 3.2442 3.2442 4.5247 3.9450
3.8984 3.7740 4.6987 5.0011 3.4402 3.5020 3.5020 3.5161 3.4767 3.0182 3.4202 3.3574 3.3588 3.5161 3.5161 3.5161 3.5161 3.1109 3.2446 5.8011 3.9818 4.1162 3.9689 4.2268 4.0775 4.0775 4.0250 4.0250 4.3769 4.4889 4.4889 4.0388 5.7925 5.7925 5.7925 5.7925 5.7925 3.3113 3.3768 3.3685 3.3794 3.7406 4.0457 3.3425 3.3425 3.3685 3.7406 4.0271 3.7120 3.7566 3.7566 3.7566 3.7566 3.7845 3.7845 3.7845 3.9754 3.8733 5.7641 5.7568 5.7568 5.7568 3.3551 3.3551 3.2997 3.2442 3.2442 3.2442 3.3274 4.6247 5.7775
3.9444 3.8984 4.7298 4.4924 4.3929 3.5020 3.5020 3.5161 3.0213 3.0200 3.3553 3.3575 3.0211 3.0213 3.4527 3.4553 3.4527 3.0976 3.1685 3.2446 4.0328 4.1712 4.2268 4.4188 3.9818 4.0620 4.3624 4.3624 4.3769 4.2636 4.2636 4.9074 3.8351 3.8351 5.7925 5.7925 3.3113 3.3113 3.3685 3.7406 3.7406 3.7406 3.7120 3.3425 3.3685 3.3685 3.7406 3.7120 3.7120 3.7566 3.7566 3.7566 3.3778 3.8082 4.1484 4.1677 3.4035 3.4071 3.4035 5.7568 5.7568 5.7568 3.3551 3.3551 3.2997 3.1344 3.1344 3.1344 4.6960 4.5094 5.7775
3.9444 3.8984 4.5267 4.4924 4.4924 3.5020 3.5020 3.5161 3.3641 3.0206 3.0313 3.0246 3.0209 3.3753 3.3772 3.4645 3.4988 3.6204 3.6804 3.7877 4.0328 3.9809 3.8938 4.3624 4.5753 3.9818 3.2217 3.2217 4.0132 4.5707 3.9459 4.5255 4.4525 3.8351 4.3720 4.3720 3.6794 3.6794 3.7406 3.7406 3.7406 3.7406 3.3425 3.3425 3.3425 3.3590 3.3534 3.3513 3.7182 3.7566 3.7566 3.7566 3.7566 3.8082 4.1484 4.1484 4.1484 4.0722 5.7641 3.3222 3.2996 3.2996 3.3551 3.6706 3.6706 3.1344 3.1344 3.1344 4.6600 4.4574 4.6281
3.9319 3.9444 4.0081 4.5334 4.6304 3.4223 3.4975 3.5107 3.3877 2.8009 3.0317 3.0246 3.0205 3.0211 3.3611 3.3739 3.5152 3.0968 3.6851 3.7501 3.9466 3.7597 3.9818 4.3624 4.8812 4.0775 3.6296 3.6022 4.0584 4.1104 4.0644 4.0644 4.0644 3.6794 3.9722 3.9722 3.9927 3.6794 3.7406 3.7406 3.7406 3.7406 3.3685 3.3425 3.3425 3.3524 3.3602 3.3561 3.7170 3.7566 3.7566 3.7566 3.7566 3.8082 4.1677 4.1677 4.1677 5.7641 5.7641 5.7568 5.7568 3.6706 3.6706 3.6706 3.6706 3.6706 3.6706 3.1344 4.3737 4.3737 4.6281
3.9319 3.9319 4.0224 3.9922 3.9922 3.4925 3.4925 3.5242 3.4557 2.8315 3.0644 3.0572 2.8357 2.8027 3.0213 3.3776 3.5678 3.4803 3.7342 3.7488 3.9466 3.8946 4.0328 4.4188 4.4849 4.0775 4.0328 4.0775 4.0920 4.1104 4.0644 4.0644 4.0644 3.6794 3.6794 3.9722 3.6794 3.6794 3.7406 3.7120 3.7120 3.7406 3.7406 3.7120 3.7406 3.3544 3.3574 3.7247 3.7167 3.7566 3.7566 3.7566 3.3777 3.8305 4.1677 4.1677 4.1046 5.7641 5.7641 5.7568 5.7568 3.9292 3.9292 3.6706 3.6706 3.9292 3.6706 3.6706 3.6706 4.3737 4.3598
3.9319 3.9319 3.9319 3.9769 4.0224 3.9769 3.5242 3.5242 3.4557 2.8120 2.8461 3.0576 2.8351 2.8369 3.3476 3.3476 3.5678 3.1180 3.6655 3.7884 3.9244 3.9633 4.0145 4.4423 4.3755 4.0775 4.0328 4.0644 4.0644 4.1104 4.1104 4.0644 4.0644 4.0644 3.6794 3.9722 3.6794 3.6794 3.7406 3.7406 3.7120 3.7406 3.7406 3.7406 3.7406 3.3685 3.3561 3.7241 3.7169 3.7566 4.0550 4.0219 4.0550 4.0550 4.1046 4.0550 4.0550 5.7641 5.7641 5.7568 5.7568 3.9292 3.6706 3.8127 3.6623 3.8127 3.6706 3.6706 3.6706 3.1344 3.0969
3.9319 3.9319 3.9319 3.9319 3.9769 3.9769 3.5242 3.4557 3.3754 2.8120 2.8471 2.8418 3.0519 3.0539 3.3476 3.4582 3.4582 3.3898 3.5251 3.4271 3.9633 3.9633 4.0064 4.0064 4.5631 4.0372 4.0589 4.0616 4.0616 4.0616 4.0616 4.0232 4.1074 3.6615 5.7898 5.7898 4.0616 4.0644 4.1210 4.1210 4.0751 3.7406 3.7406 3.3685 3.3685 3.3685 3.3558 3.3541 3.7618 4.0219 4.0219 4.1046 4.1046 4.0550 4.0550 4.0550 4.0219 5.7641 5.7641 4.0442 4.0817 3.6706 3.6706 3.6623 3.8127 3.9292 3.9292 3.2996 3.6706 3.0969 3.0969
3.9319 3.9319 3.9319 3.9319 3.9769 3.9769 3.9435 3.4557 2.8120 2.8120 2.8496 3.0624 3.0525 3.4570 3.4582 3.4582 3.4582 3.5251 3.5251 3.5251 3.8602 3.9633 4.0064 4.0589 4.0372 4.3755 4.0589 3.6615 3.6615 4.7588 4.0616 4.0111 4.0616 4.0616 4.0104 5.7898 4.0616 4.0616 4.0668 4.0867 4.1165 3.7234 3.3340 3.3276 3.3340 3.3340 3.3211 3.3206 3.3522 3.8257 3.8166 4.0219 4.1484 4.1677 4.1677 4.1484 5.7641 5.7641 5.7641 4.5928 4.5151 3.6706 3.6706 3.6706 3.9292 3.9292 4.0674 3.6706 3.4982 3.0969 3.0969
3.9319 3.9319 3.9319 3.9319 4.0224 3.9158 3.1599 3.4338 2.8369 2.8369 3.0471 3.4582 3.4582 3.4582 3.4582 3.4582 3.4582 3.5251 3.5251 3.5251 3.4308 4.3755 3.6350 3.6350 3.9538 4.3755 4.5782 4.6463 4.6463 4.9779 4.5648 3.9710 4.0104 4.0104 4.0104 4.0104 4.0104 4.0104 4.0668 4.1165 4.1165 3.6936 3.3204 3.3204 3.3203 3.3190 3.9217 3.9232 3.3554 3.3601 4.1423 4.0857 4.1555 4.1767 4.1555 4.1555 5.7607 5.7607 5.7607 4.6018 3.6622 3.6706 3.6706 3.6706 3.6706 3.6706 3.6706 3.6706 3.4982 3.0969 3.0969
3.9319 3.9319 3.9319 3.9319 3.9319 2.9728 2.9150 3.4619 2.8610 2.8576 3.0537 3.4582 3.4582 3.4582 3.4582 3.4582 3.4582 3.4584 3.4584 3.4584 3.4466 4.0064 3.8884 4.5814 4.0589 3.9643 4.5782 4.6463 4.6463 4.9102 4.9102 4.9102 3.9710 3.7651 3.9168 4.0104 3.9821 3.9821 4.0668 4.0668 4.0668 3.6936 3.3068 3.3129 3.3131 3.3068 3.3115 3.3124 3.3692 3.3769 3.3807 3.3723 3.3723 4.1229 4.1767 4.1229 4.1229 3.3723 3.7142 3.6622 4.0020 4.0020 4.0020 4.0020 4.0020 3.6622 3.6622 3.6622 3.2522 3.2760 3.3590
3.9319 3.9319 3.9319 3.9319 3.9319 3.1974 2.9344 3.5174 2.9002 2.8995 3.0827 3.3933 3.3476 3.3476 3.3591 3.3611 3.4705 3.4584 3.3518 3.0471 3.4905 3.7226 3.9244 4.6922 4.0372 4.8629 4.6694 4.6463 4.4925 4.5648 4.9102 4.9102 3.9692 4.1559 4.1559 4.0104 4.0104 4.0104 4.0668 4.0668 4.0998 3.6936 3.6936 3.8426 3.8679 3.3068 3.3068 3.3108 3.3732 3.3835 3.4044 3.9019 4.4084 3.9813 4.1555 4.6415 4.1767 3.7430 3.7142 3.6622 5.7519 5.7519 5.7519 4.0020 4.0020 4.0020 3.6622 3.2522 3.2522 3.2760 4.0995
3.9319 3.9319 3.9319 3.9319 3.8822 3.2028 3.2157 3.2079 3.2268 3.2268 3.4960 3.4836 3.4475 3.3476 3.3919 3.3911 3.4941 3.4875 3.5186 3.5251 3.5251 3.5251 3.4601 4.2991 4.8629 4.8629 4.8629 4.5787 4.9045 4.2868 4.8866 4.2383 5.7898 3.9624 4.0104 4.0104 4.6132 4.0104 4.0668 4.0668 4.0668 3.6936 3.8426 3.8426 4.0118 3.7234 3.6936 3.6936 3.3515 3.3456 3.7142 4.5371 4.5234 4.6372 4.1064 4.0857 4.1229 3.7142 3.7142 4.0437 5.7519 5.7519 4.0020 4.0020 4.0020 4.0020 3.2522 3.2522 3.2522 3.2760 3.9657
3.9319 3.9319 3.9319 3.9319 3.8822 3.2052 3.2260 3.2268 3.6004 3.6004 3.5737 3.5752 3.1987 3.6407 2.9194 2.8983 2.7987 3.3775 3.5251 3.5251 3.5251 3.5251 4.2991 4.2991 4.0308 4.8629 3.9461 5.7898 5.7898 5.7898 5.7898 5.7898 5.7898 3.8886 4.0104 3.9168 4.6132 4.0668 4.0668 4.0668 4.0668 3.6936 3.6936 3.6936 3.7234 3.9648 4.0390 4.0390 3.3456 3.3456 3.3456 4.2779 3.9806 4.0364 4.0364 4.0133 4.1229 3.7141 3.6622 3.6622 3.6622 4.0437 4.0437 4.0437 4.0437 3.9424 3.8595 3.8595 3.8595 3.8640 3.9657
3.9319 3.9319 3.9319 3.9319 5.7927 5.7927 3.2281 3.2332 3.6004 3.6004 4.2198 3.6316 3.8573 3.6796 2.9492 2.9191 2.7987 3.3775 3.4308 3.5251 3.5251 3.4308 3.4308 3.4308 3.4308 3.3775 5.7925 5.7898 5.7898 5.7898 5.7898 5.7898 5.7898 4.0104 4.0104 3.7651 3.9168 4.0668 4.0668 4.0668 4.0668 3.6936 3.9648 3.6936 3.3879 4.0322 4.0668 4.0668 4.0743 3.7141 3.7141 4.0133 4.0857 4.0364 4.0743 4.0133 4.0133 4.0364 3.9948 3.6622 4.0437 4.0437 4.0437 4.0437 4.0437 3.9424 3.8595 3.8595 3.6404 3.6686 3.9117
3.9373 3.9373 3.9373 3.8948 5.7811 5.7811 3.2221 3.2331 3.2451 3.8598 4.0177 5.7971 5.7971 3.9538 3.7022 2.8120 2.7987 3.3775 3.3775 3.5251 3.4086 3.4086 3.4086 3.5251 3.5251 3.5251 5.7925 5.7899 5.7899 5.7899 5.7899 5.7899 5.7899 4.0104 5.7899 5.7899 4.0104 4.0668 3.9648 4.0668 4.0668 3.6936 3.9648 3.8678 3.8678 4.0668 4.0668 4.0668 4.0743 3.7141 3.7141 4.0857 4.0364 4.0743 4.0743 4.0364 4.0743 4.0743 4.0805 4.0805 3.9948 4.0437 4.0437 4.0437 4.0437 4.0923 3.8595 3.8595 3.6404 3.9117 3.9117
3.9373 3.9373 3.8948 3.8948 5.7812 3.7903 3.7880 3.7996 3.7838 3.8243 3.7421 5.7945 3.9049 3.9571 3.9571 2.7879 2.8271 3.4144 3.4144 3.3775 3.3775 3.3775 3.4555 3.5251 3.5251 3.5251 5.7925 5.7899 5.7899 5.7899 5.7899 5.7899 5.7899 5.7899 5.7899 5.7899 4.0104 4.0668 4.0668 4.0668 4.0668 3.6936 3.8426 3.8678 3.8678 4.1507 4.0668 4.0668 4.0743 3.7141 3.7141 4.0364 4.0364 4.0743 4.0743 4.0743 4.0743 4.0743 3.9948 3.9948 4.0923 4.0437 4.0437 4.0437 4.0437 4.0923 3.8595 3.8595 3.8878 3.9117 3.9117
3.9373 3.8948 3.8948 3.7808 3.7808 3.7808 3.7859 3.7958 3.7696 3.8080 3.9960 3.9571 3.8750 3.9571 3.9571 3.6123 2.8523 3.4144 3.4144 3.4144 3.4144 3.4920 3.5572 3.5645 3.5645 3.5645 3.5645 5.7894 5.7894 5.7894 5.7894 5.7899 5.7899 5.7899 5.7899 5.7899 5.7899 4.0322 4.0668 4.0668 4.0668 3.6936 3.8426 4.0743 4.1507 4.1507 4.0668 4.0668 4.0743 3.7141 3.7141 4.0364 4.0743 4.0743 4.0743 4.0743 4.0743 4.0743 4.0437 4.0923 4.0437 4.0437 4.0437 4.0437 4.0437 4.0923 3.8595 3.8595 4.0837 4.0995 4.0995
3.7808 3.8863 3.8863 3.8863 3.8863 3.9053 3.7696 3.7696 3.9053 3.7696 3.7545 3.9571 3.9571 3.2858 3.4572 3.4729 3.4950 3.5645 3.4712 3.4712 3.5645 3.4712 3.5572 3.5645 3.5645 3.5645 5.7894 5.7894 5.7894 5.7894 5.7894 5.7894 5.7894 5.7894 5.7894 5.7894 5.7894 3.9678 4.0641 4.0641 4.0641 3.6656 4.0641 4.0668 4.1165 4.1165 4.1165 4.0668 4.0743 4.0743 4.0743 4.0743 4.0743 4.0743 4.0743 4.5456 4.0743 4.0743 4.0466 3.9536 4.0437 4.0437 4.0437 4.0437 3.9434 3.9424 3.9424 3.9424 5.7519 5.7652 4.0091
3.7808 3.8863 3.9373 3.9373 3.9373 3.9598 3.9598 3.9053 3.9598 3.9143 3.7180 2.9589 3.0305 3.4572 3.4572 3.4729 3.4950 3.5645 3.5645 3.5645 3.4712 3.4712 3.5645 3.5645 3.5645 3.5645 5.7894 5.7894 5.7894 5.7894 5.7894 5.7894 5.7894 5.7894 5.7894 5.7894 3.9807 4.0641 4.0641 4.0641 3.9678 4.1393 4.0641 4.0641 4.0641 4.0194 4.1139 4.0322 4.0322 4.0322 4.0322 4.0322 4.0322 4.0322 4.0322 5.7607 5.7607 4.0174 3.9536 3.9536 3.9948 4.0837 3.9948 5.7519 3.9424 3.9424 3.9424 5.7519 5.7652 5.7652 3.9657
3.7808 3.8863 3.9373 3.9373 3.9373 3.9598 3.9598 3.9598 3.9598 3.5788 2.9589 3.6194 2.8130 3.4572 3.4729 3.4572 3.4950 3.5645 3.4712 3.4712 3.5008 3.5955 3.5645 3.5645 3.5645 3.5645 3.4688 5.7894 5.7894 5.7894 3.0705 5.7894 5.7894 5.7894 5.7894 5.7894 3.9050 4.0641 4.0641 4.0641 3.6656 3.9301 4.2322 4.0641 4.0641 4.0573 4.0641 4.0322 4.0322 4.0322 4.0322 4.0322 4.0322 4.0322 4.0322 5.7572 5.7572 5.7572 5.7605 4.0164 4.0164 3.8881 3.9655 5.7605 5.7605 3.9648 3.9648 5.7519 5.7652 5.7652 5.7652
3.7808 5.7812 3.9373 3.9373 3.9373 3.9598 3.9598 3.9598 3.9598 3.5788 3.5788 3.5788 3.6049 2.8130 2.8130 3.4572 3.4188 3.4920 3.5645 3.5140 3.5955 3.5008 3.4950 3.5645 3.5645 3.5645 3.5342 5.7894 5.7894 5.7894 5.7894 3.0701 5.7894 5.7894 5.7894 5.7894 3.9807 4.0641 3.9678 4.0641 3.6656 4.2289 4.0641 4.0641 4.0641 4.0641 4.0641 4.0322 4.0322 4.0322 4.0322 4.0322 4.0322 4.0322 4.0322 4.0322 3.9383 3.7373 3.9980 3.9980 4.0164 4.0559 4.0559 4.0559 3.9648 3.9648 5.7605 5.7605 5.7750 5.7750 5.7750
5.7812 5.7812 3.8863 3.9373 3.9373 3.9598 3.9053 3.9039 3.9003 3.8915 3.9598 3.5788 3.6049 2.8129 3.4572 3.4572 3.4696 3.4020 3.2931 3.4712 3.4712 3.5645 3.5645 3.4950 3.4950 3.5626 3.5322 3.5072 5.7894 5.7894 5.7894 3.3578 3.3620 5.7894 5.7894 5.7894 3.9452 4.4515 4.4582 4.0641 4.0326 4.1725 4.0641 5.7822 5.7822 5.7822 4.1139 3.9430 4.0322 4.0322 4.0322 4.0322 4.0322 4.0322 4.0322 4.0322 4.0322 4.0322 3.9980 4.0164 4.0559 4.0559 4.0559 5.7605 3.9648 3.9648 5.7605 5.7605 5.7750 5.7750 5.7750
