test/test_data/tcaap/monthly_variance_over_all_Feb__actual_et__2015-01-01_to_2019-12-31__180_by_260__inches.asc
NCOLS        180
NROWS        260
XLLCORNER     476375.000
YLLCORNER    4970875.000
CELLSIZE        100.000
NODATA_VALUE -9999.
[rows 174 to 202 of 260, columns 67 to 133 of 180]
0.12401 0.12401 0.12210 0.12113 0.12149 0.12013 0.12097 0.12182 0.12558 0.12348 0.12995 0.12975 0.12995 0.12961 0.12961 0.12786 0.12395 0.12324 0.12313 0.12297 0.12276 0.12250 0.12221 0.11988 0.12242 0.11835 0.12216 0.12066 0.12351 0.12351 0.12356 0.12356 0.12329 0.12728 0.12662 0.12662 0.12662 0.12384 0.12384 0.12384 0.12384 0.12384 0.12384 0.12662 0.12886 0.12379 0.12379 0.12379 0.12379 0.12076 0.12076 0.12076 0.12569 0.12569 0.12655 0.12685 0.12685 0.12685 0.12408 0.12408 0.12408 0.12408 0.12408 0.12408 0.11665 0.11844 0.11890
0.12402 0.12402 0.12211 0.12211 0.12211 0.12342 0.12479 0.12218 0.12596 0.12723 0.12962 0.12975 0.12995 0.12787 0.12983 0.12958 0.12406 0.12384 0.12365 0.12336 0.12283 0.12256 0.12226 0.11993 0.11777 0.11421 0.12066 0.12175 0.12352 0.12175 0.12615 0.12615 0.12352 0.12857 0.12665 0.12665 0.12665 0.12665 0.12386 0.12386 0.12386 0.12665 0.12665 0.12665 0.12655 0.12656 0.12656 0.12656 0.12656 0.12573 0.12076 0.12377 0.12380 0.12076 0.12076 0.12685 0.12685 0.12685 0.12408 0.12408 0.12408 0.12408 0.12408 0.12408 0.11844 0.11890 0.11702
0.12402 0.12402 0.12211 0.12211 0.12674 0.12497 0.12644 0.12247 0.12625 0.12748 0.12770 0.12404 0.12404 0.12928 0.12928 0.12958 0.12406 0.12390 0.12372 0.12344 0.12289 0.12262 0.12230 0.11997 0.11780 0.11471 0.12175 0.12175 0.12352 0.12175 0.12612 0.12352 0.12352 0.12914 0.12665 0.12665 0.12665 0.12387 0.12387 0.12387 0.12387 0.12665 0.12665 0.12665 0.12656 0.12656 0.12656 0.12656 0.12656 0.12573 0.12656 0.12585 0.12573 0.12573 0.12573 0.12694 0.12694 0.12598 0.12409 0.11845 0.11234 0.11234 0.11845 0.12090 0.11234 0.11890 0.11702
0.12857 0.12402 0.12662 0.12675 0.12675 0.12585 0.12700 0.12404 0.12404 0.12701 0.12380 0.12404 0.12404 0.12406 0.12928 0.12958 0.12406 0.12394 0.12377 0.12350 0.12294 0.12266 0.12234 0.12001 0.11787 0.11781 0.12150 0.12175 0.12352 0.12175 0.12175 0.12175 0.12928 0.12914 0.12665 0.12665 0.12665 0.12665 0.12387 0.12387 0.12387 0.12665 0.12665 0.12665 0.12380 0.12656 0.12656 0.12656 0.12656 0.12656 0.12656 0.12585 0.12573 0.12656 0.12656 0.12694 0.12694 0.12694 0.11873 0.11726 0.11625 0.11636 0.11678 0.12364 0.11824 0.11766 0.11985
0.12857 0.12857 0.12675 0.12675 0.12675 0.12431 0.12405 0.12973 0.12405 0.12360 0.12382 0.12405 0.12405 0.12406 0.12406 0.12406 0.12406 0.12395 0.12380 0.12354 0.12297 0.12269 0.12237 0.12261 0.12079 0.11782 0.12202 0.12338 0.12352 0.12176 0.12176 0.12176 0.12495 0.12928 0.12666 0.12387 0.12387 0.12387 0.12387 0.12387 0.12387 0.12666 0.12666 0.12666 0.12380 0.12585 0.12656 0.12656 0.12656 0.12656 0.12656 0.12656 0.12380 0.12380 0.12656 0.12695 0.12695 0.12695 0.12329 0.11665 0.11509 0.11509 0.12025 0.12501 0.12501 0.12529 0.12545
0.12857 0.12857 0.12675 0.12675 0.12675 0.12431 0.12270 0.12973 0.12405 0.12364 0.12383 0.12393 0.12931 0.12399 0.12398 0.12914 0.12911 0.12390 0.12380 0.12355 0.12300 0.12272 0.12549 0.12265 0.12095 0.11783 0.12176 0.12338 0.12353 0.12495 0.12495 0.12495 0.12495 0.12495 0.12314 0.12666 0.12595 0.12387 0.12666 0.12387 0.12387 0.12666 0.12666 0.12666 0.12656 0.12656 0.12656 0.12656 0.12656 0.12656 0.12656 0.12656 0.12656 0.12656 0.12656 0.12695 0.12695 0.12695 0.12033 0.11200 0.11509 0.11972 0.12040 0.12695 0.12695 0.12720 0.12720
0.12655 0.12735 0.12663 0.12676 0.12676 0.12432 0.12252 0.12327 0.12405 0.12367 0.12382 0.12919 0.12392 0.12390 0.12389 0.12388 0.12899 0.12384 0.12378 0.12356 0.12302 0.12274 0.12553 0.12270 0.12117 0.11470 0.12075 0.12075 0.12228 0.12482 0.12496 0.12496 0.12496 0.12496 0.12314 0.12314 0.12666 0.12388 0.12388 0.12666 0.12666 0.12666 0.12666 0.12666 0.12657 0.12586 0.12657 0.12657 0.12657 0.12657 0.12657 0.12657 0.12657 0.12381 0.12657 0.12695 0.12695 0.12695 0.11965 0.10976 0.11972 0.11972 0.12040 0.12040 0.11694 0.12720 0.12720
0.12736 0.12656 0.12551 0.12676 0.12676 0.12150 0.12240 0.12802 0.12380 0.12367 0.12379 0.12383 0.12384 0.12380 0.12377 0.12377 0.12378 0.12376 0.12374 0.12354 0.12304 0.12277 0.12558 0.12277 0.12145 0.11485 0.11836 0.12201 0.12255 0.12345 0.12345 0.12482 0.12496 0.12315 0.12315 0.12036 0.12029 0.12595 0.12666 0.12666 0.12666 0.12666 0.12666 0.12666 0.12657 0.12586 0.12657 0.12657 0.12657 0.12657 0.12657 0.12657 0.12657 0.12657 0.12695 0.12695 0.12695 0.12624 0.11703 0.12040 0.11973 0.12040 0.12040 0.12040 0.12040 0.12721 0.12721
0.12730 0.12730 0.12491 0.12150 0.12602 0.11840 0.12262 0.12331 0.12383 0.12364 0.12374 0.12376 0.12738 0.12729 0.12723 0.12723 0.12359 0.12354 0.12369 0.12353 0.12306 0.12281 0.12563 0.12285 0.12176 0.12105 0.12049 0.12020 0.11725 0.12439 0.12345 0.12496 0.12496 0.12315 0.12315 0.12315 0.12046 0.10994 0.12525 0.12667 0.12667 0.12667 0.12388 0.12388 0.12657 0.12657 0.12657 0.12657 0.12657 0.12657 0.12657 0.11672 0.11672 0.12657 0.12624 0.12696 0.12696 0.12696 0.12041 0.11703 0.11889 0.11973 0.12041 0.12041 0.12696 0.12721 0.12721
0.12583 0.12583 0.12661 0.12385 0.12450 0.12350 0.12613 0.12613 0.12613 0.12613 0.12613 0.12611 0.12289 0.12535 0.12528 0.12707 0.12360 0.12354 0.12344 0.12329 0.12309 0.12285 0.12571 0.12294 0.12249 0.12207 0.12168 0.12138 0.11746 0.12345 0.12345 0.12497 0.12497 0.12259 0.12315 0.12046 0.12046 0.12046 0.11979 0.12667 0.12667 0.12667 0.12667 0.12667 0.12658 0.12714 0.12517 0.12015 0.12015 0.12714 0.12015 0.12015 0.12015 0.11672 0.12696 0.12696 0.12624 0.12624 0.12554 0.12194 0.12753 0.12041 0.12041 0.12041 0.12696 0.12721 0.12721
0.13558 0.12583 0.12042 0.12755 0.12569 0.12562 0.12613 0.12613 0.12613 0.13127 0.13127 0.12613 0.12584 0.12520 0.12514 0.12518 0.12249 0.12244 0.12232 0.12216 0.12195 0.12169 0.12385 0.12311 0.12267 0.12225 0.12187 0.12152 0.11752 0.11513 0.11552 0.11552 0.11552 0.11408 0.12046 0.12046 0.12046 0.11979 0.11709 0.11709 0.12667 0.12046 0.11700 0.11700 0.12016 0.11948 0.12016 0.12016 0.12016 0.12016 0.12016 0.12016 0.12016 0.12016 0.12696 0.12696 0.12696 0.12418 0.12696 0.11874 0.12696 0.12625 0.12554 0.12041 0.12696 0.12722 0.12722
0.14561 0.12777 0.12482 0.12755 0.13308 0.12580 0.12511 0.12547 0.13151 0.13151 0.13151 0.13151 0.12623 0.12459 0.12329 0.12516 0.12250 0.12246 0.12234 0.12220 0.12200 0.12176 0.12397 0.12325 0.12283 0.12242 0.12204 0.12171 0.11771 0.11523 0.11724 0.11725 0.12337 0.11854 0.12080 0.12080 0.12080 0.11020 0.12080 0.12047 0.12047 0.12047 0.12047 0.12047 0.12016 0.12016 0.11681 0.11681 0.12016 0.12016 0.12016 0.12016 0.12016 0.12016 0.12041 0.12697 0.12697 0.12697 0.12697 0.12697 0.12697 0.12697 0.12555 0.12041 0.12697 0.12447 0.12722
0.14562 0.14546 0.12764 0.12548 0.12962 0.12944 0.12412 0.12843 0.12548 0.13151 0.13131 0.13151 0.12968 0.12968 0.11769 0.12524 0.12540 0.12556 0.12238 0.12224 0.12206 0.12184 0.12379 0.12341 0.12301 0.12261 0.12224 0.12190 0.11747 0.11705 0.11674 0.11920 0.11903 0.11483 0.11982 0.11738 0.12013 0.11020 0.11834 0.12081 0.12081 0.12081 0.12081 0.12081 0.12052 0.12052 0.12052 0.12052 0.12052 0.12052 0.12052 0.12016 0.12016 0.12016 0.12041 0.12697 0.12697 0.12697 0.12697 0.12697 0.12697 0.12697 0.12754 0.12041 0.12555 0.12652 0.12722
0.14562 0.14547 0.14547 0.12480 0.12425 0.12708 0.12683 0.12747 0.12788 0.12509 0.13099 0.13152 0.12968 0.12968 0.12209 0.12100 0.12305 0.12230 0.12568 0.12572 0.12267 0.12253 0.12204 0.12160 0.12327 0.12588 0.12136 0.12419 0.11989 0.11940 0.11905 0.11879 0.11861 0.11530 0.11834 0.12013 0.11229 0.11229 0.11229 0.12081 0.12081 0.12081 0.12081 0.12052 0.11714 0.11714 0.11714 0.11714 0.11714 0.11988 0.12052 0.12052 0.12052 0.12052 0.11961 0.12691 0.12414 0.12414 0.12691 0.12691 0.12691 0.12414 0.12691 0.11798 0.12722 0.12722 0.12722
0.14563 0.14547 0.14547 0.14547 0.12480 0.12480 0.12709 0.12776 0.12855 0.12922 0.12988 0.13161 0.12977 0.12977 0.12895 0.13128 0.12977 0.12624 0.12275 0.12592 0.12282 0.12270 0.12222 0.12180 0.12354 0.12403 0.12155 0.12155 0.11978 0.11474 0.11475 0.11771 0.12110 0.11497 0.11650 0.11229 0.11229 0.11229 0.11229 0.11738 0.11738 0.11738 0.11738 0.11476 0.11476 0.11003 0.11003 0.11003 0.11003 0.11219 0.11482 0.11495 0.11528 0.11595 0.11717 0.11880 0.12006 0.11889 0.11938 0.12011 0.12414 0.12621 0.12609 0.12299 0.12153 0.11871 0.11871
0.12854 0.12840 0.14548 0.14548 0.14548 0.12752 0.12781 0.12849 0.12905 0.12920 0.12947 0.12563 0.12977 0.12977 0.12977 0.13129 0.12977 0.12969 0.12969 0.12624 0.12294 0.12282 0.12236 0.12196 0.12283 0.12538 0.12155 0.12172 0.12155 0.11746 0.12104 0.12172 0.12172 0.11738 0.11484 0.11729 0.11021 0.11229 0.11229 0.11738 0.11738 0.11738 0.11738 0.11476 0.11219 0.11003 0.11003 0.11003 0.11003 0.11220 0.11227 0.11578 0.11616 0.11532 0.11568 0.11962 0.12057 0.11819 0.11819 0.12609 0.12609 0.12609 0.12609 0.12609 0.11999 0.12281 0.12281
0.12854 0.12840 0.13401 0.14548 0.14548 0.14548 0.12812 0.12985 0.12932 0.12943 0.12967 0.13065 0.12961 0.12978 0.12978 0.13129 0.13319 0.12969 0.12969 0.12969 0.12306 0.12759 0.12283 0.12283 0.13121 0.12283 0.12105 0.12172 0.12155 0.12074 0.12172 0.12172 0.12172 0.11738 0.11484 0.12082 0.11738 0.11021 0.11484 0.11510 0.11756 0.11753 0.11753 0.11236 0.11234 0.11233 0.11231 0.11230 0.11845 0.11653 0.11482 0.11539 0.11912 0.11837 0.11962 0.12057 0.12057 0.12057 0.12057 0.12057 0.12057 0.11718 0.11718 0.12057 0.12096 0.12362 0.12362
0.12854 0.12841 0.12841 0.12107 0.14549 0.14549 0.14549 0.14549 0.12985 0.12985 0.13001 0.13097 0.12978 0.12978 0.12978 0.13129 0.12978 0.12969 0.12969 0.12969 0.12969 0.12969 0.12925 0.12865 0.12589 0.12589 0.12589 0.12074 0.12172 0.12074 0.12172 0.12172 0.12172 0.11739 0.11506 0.12082 0.12082 0.11739 0.11841 0.11867 0.11856 0.11850 0.11493 0.11483 0.11224 0.11223 0.11222 0.11477 0.11839 0.11848 0.11498 0.11513 0.11868 0.11821 0.11478 0.11726 0.12057 0.12057 0.12057 0.12057 0.12057 0.12057 0.11726 0.11726 0.12567 0.11879 0.12442
0.12855 0.12841 0.12841 0.12841 0.12321 0.14549 0.14549 0.14549 0.14549 0.13003 0.13075 0.12906 0.13130 0.12979 0.13130 0.13130 0.13130 0.12970 0.12970 0.12970 0.12970 0.12907 0.12926 0.12866 0.13283 0.12866 0.12074 0.12074 0.12074 0.12074 0.12074 0.12074 0.11739 0.11022 0.11022 0.11739 0.11739 0.11484 0.11484 0.11484 0.11484 0.11484 0.11484 0.11478 0.11477 0.11223 0.11221 0.11477 0.11477 0.11477 0.11477 0.11477 0.11477 0.11477 0.11478 0.11727 0.11727 0.11727 0.11727 0.11727 0.11727 0.11727 0.11727 0.11727 0.12427 0.12427 0.12427
0.12842 0.12905 0.12905 0.12905 0.12905 0.12835 0.14632 0.14632 0.14632 0.14549 0.12986 0.12144 0.13320 0.13130 0.13320 0.13130 0.13130 0.12970 0.12970 0.12970 0.12970 0.12970 0.12866 0.12353 0.12590 0.12926 0.12063 0.12173 0.12173 0.12074 0.12063 0.12112 0.11948 0.11924 0.11022 0.12082 0.11730 0.11739 0.11739 0.11983 0.11983 0.11983 0.11484 0.11477 0.11222 0.11225 0.11220 0.11477 0.11477 0.11477 0.11477 0.11477 0.11477 0.11478 0.12057 0.11727 0.12057 0.12057 0.11993 0.11993 0.12057 0.11727 0.12057 0.12057 0.12459 0.12639 0.12712
0.12842 0.12905 0.12905 0.12905 0.12905 0.12905 0.12836 0.13511 0.14633 0.14633 0.14633 0.12331 0.12342 0.13428 0.13242 0.13242 0.13094 0.13087 0.13087 0.13087 0.13087 0.12970 0.12926 0.12926 0.12590 0.12926 0.12926 0.12771 0.12926 0.12590 0.12850 0.12926 0.12618 0.12691 0.12027 0.11022 0.11731 0.11739 0.12082 0.12082 0.12082 0.11731 0.11230 0.11220 0.11222 0.11220 0.11004 0.11724 0.12054 0.12054 0.11959 0.11724 0.11724 0.11993 0.11532 0.11820 0.12058 0.12058 0.12058 0.12058 0.12058 0.12058 0.12058 0.12058 0.12712 0.12712 0.12712
0.12842 0.12905 0.12905 0.12905 0.12895 0.12905 0.12905 0.12388 0.14633 0.14633 0.14633 0.14449 0.12280 0.12280 0.12331 0.13094 0.13094 0.13087 0.13048 0.13087 0.13087 0.13068 0.12875 0.12875 0.12875 0.12843 0.12875 0.12875 0.12875 0.12875 0.12875 0.12843 0.12665 0.12691 0.12691 0.12391 0.11740 0.11740 0.11740 0.12083 0.12136 0.11872 0.11266 0.11237 0.11226 0.11220 0.11725 0.11725 0.12071 0.12054 0.12071 0.11725 0.11725 0.11727 0.11246 0.11656 0.11719 0.12058 0.12058 0.12058 0.12058 0.12058 0.11719 0.12553 0.12712 0.12428 0.12712
0.12776 0.12838 0.12895 0.12838 0.12895 0.12838 0.12895 0.12437 0.12918 0.14634 0.14634 0.12509 0.12771 0.12325 0.12325 0.12250 0.12187 0.12923 0.12435 0.13087 0.13087 0.13069 0.12569 0.12875 0.12875 0.12843 0.12875 0.12843 0.12843 0.12875 0.12875 0.12843 0.12665 0.12665 0.12596 0.12526 0.11701 0.11701 0.11701 0.11454 0.11501 0.11256 0.11226 0.11191 0.11446 0.11478 0.12054 0.11725 0.12054 0.12054 0.12054 0.11725 0.12054 0.12058 0.12058 0.11964 0.12058 0.12058 0.12058 0.12693 0.12693 0.12623 0.12553 0.12693 0.12712 0.12712 0.12640
0.12843 0.12906 0.12906 0.12906 0.12906 0.12906 0.12906 0.12896 0.12395 0.14634 0.14634 0.14450 0.12735 0.12228 0.12339 0.12339 0.12339 0.13049 0.13088 0.13088 0.13088 0.13088 0.12876 0.12570 0.12570 0.12876 0.12570 0.12876 0.12876 0.12876 0.12876 0.12876 0.12666 0.12666 0.12596 0.11814 0.11701 0.11701 0.11701 0.11701 0.11701 0.11196 0.11226 0.11191 0.11445 0.11693 0.12029 0.12029 0.12029 0.12029 0.12029 0.11964 0.12029 0.11715 0.12052 0.11956 0.12052 0.12058 0.12058 0.12058 0.12694 0.12694 0.12694 0.12694 0.12713 0.12641 0.12713
0.12906 0.12906 0.12906 0.12906 0.12906 0.12906 0.12839 0.12839 0.13262 0.14635 0.14635 0.14451 0.12843 0.12279 0.12339 0.12339 0.13049 0.13049 0.13088 0.13069 0.13088 0.12844 0.12876 0.12876 0.12876 0.12876 0.12876 0.12876 0.12876 0.12844 0.12844 0.12844 0.12391 0.12391 0.12596 0.11966 0.12030 0.11701 0.12030 0.12030 0.12030 0.11701 0.11701 0.11693 0.11964 0.12029 0.12029 0.12029 0.12029 0.11964 0.12029 0.11964 0.12029 0.12052 0.12052 0.11715 0.11715 0.11715 0.12052 0.11987 0.12658 0.12587 0.12658 0.12658 0.12437 0.12437 0.12649
0.12907 0.12907 0.12907 0.12907 0.12907 0.12839 0.12839 0.12839 0.12839 0.14635 0.14635 0.14451 0.12926 0.13260 0.12340 0.12340 0.13088 0.12924 0.12924 0.12924 0.12924 0.12844 0.12876 0.12876 0.12844 0.12876 0.12876 0.12876 0.12844 0.12876 0.12876 0.12876 0.12596 0.12596 0.12720 0.12030 0.12030 0.11701 0.12030 0.12030 0.12030 0.12030 0.12029 0.12029 0.11694 0.12029 0.12029 0.12029 0.12029 0.12029 0.12029 0.12029 0.12029 0.12052 0.12052 0.12587 0.11834 0.11461 0.12052 0.12659 0.12659 0.12659 0.12659 0.12722 0.12722 0.12722 0.12650
0.12907 0.12907 0.12907 0.12907 0.12840 0.12907 0.12907 0.12907 0.12907 0.14635 0.14635 0.14452 0.14452 0.12723 0.12340 0.12340 0.13089 0.12925 0.12925 0.12925 0.12925 0.12877 0.12877 0.12877 0.12877 0.12877 0.12877 0.12877 0.12845 0.12877 0.12877 0.12877 0.12666 0.12666 0.12422 0.12030 0.12030 0.11702 0.12030 0.11702 0.12030 0.12030 0.12029 0.12029 0.12029 0.12029 0.11694 0.12029 0.12029 0.12029 0.12029 0.12029 0.12029 0.11987 0.12659 0.12659 0.12659 0.12659 0.12659 0.12659 0.12659 0.12659 0.12587 0.12722 0.12722 0.12722 0.12650
0.12907 0.12907 0.12907 0.12907 0.12840 0.12907 0.12907 0.12907 0.12907 0.12416 0.14636 0.14452 0.14452 0.13261 0.12340 0.12907 0.13089 0.12925 0.12925 0.12925 0.12925 0.12877 0.12877 0.12877 0.12877 0.12877 0.12877 0.12877 0.12845 0.12877 0.12877 0.12877 0.12597 0.12597 0.11508 0.12031 0.12031 0.11702 0.11702 0.11966 0.12031 0.12031 0.12030 0.12030 0.12030 0.12030 0.11965 0.11694 0.12030 0.11965 0.12030 0.12030 0.12030 0.11987 0.12659 0.12588 0.12659 0.12659 0.12659 0.12588 0.12659 0.12377 0.12659 0.12722 0.12722 0.12650 0.12438
0.12908 0.12908 0.12908 0.12908 0.12908 0.12908 0.12908 0.12908 0.12908 0.13403 0.14636 0.14452 0.14452 0.12320 0.12249 0.12928 0.13051 0.12925 0.12925 0.12925 0.12925 0.12571 0.12877 0.12877 0.12877 0.12877 0.12877 0.12877 0.12845 0.12877 0.12877 0.12877 0.12667 0.11694 0.12031 0.12031 0.12031 0.11702 0.12031 0.12031 0.11967 0.12031 0.12030 0.12030 0.12030 0.12030 0.12030 0.12030 0.12030 0.12030 0.12030 0.12030 0.12030 0.12659 0.12659 0.12659 0.12659 0.12659 0.12659 0.12659 0.12659 0.12377 0.12659 0.12723 0.12723 0.12723 0.12723
