test/test_data/tcaap/monthly_mean_over_all_Jun__actual_et__2015-01-01_to_2019-12-31__180_by_260__inches.asc
NCOLS        180
NROWS        260
XLLCORNER     476375.000
YLLCORNER    4970875.000
CELLSIZE        100.000
NODATA_VALUE -9999.
[rows 160 to 191 of 260, columns 71 to 141 of 180]
3.5118 3.5977 3.1557 3.1755 3.2259 3.8671 3.9713 3.9713 3.9713 3.9713 4.0647 3.4641 3.5609 3.6199 3.6199 3.6199 3.6199 3.6199 3.5576 3.6151 3.6292 3.5040 3.2675 3.2783 3.0428 3.1016 3.3969 3.4355 3.4593 3.4593 3.8159 3.8143 3.8143 3.8143 4.0676 4.0676 4.0955 4.0955 4.0676 4.0955 4.0955 4.0955 4.1091 4.2781 4.0474 4.4486 4.4486 4.4486 3.6981 4.4486 4.4486 4.2275 5.7489 5.7489 5.7489 5.7489 4.0045 4.0700 4.0289 4.0289 4.0191 4.0191 3.9839 3.9974 3.4139 3.9487 4.0353 4.0353 4.0353 4.0353 4.0353
3.4998 3.1944 3.2028 3.4967 3.3576 3.5031 3.9713 3.9713 3.9713 3.9713 4.0647 4.0647 3.0214 3.6199 3.6199 3.6199 3.6199 3.6199 3.5576 3.6151 3.5956 3.2536 3.2653 3.2958 3.2958 3.3486 3.4026 3.4593 3.4593 3.8159 3.8159 3.8143 3.8143 3.8143 4.0955 4.0955 4.0955 4.0955 3.8143 3.8143 4.0955 4.0955 4.3831 4.3831 4.0474 4.0474 4.1091 4.1091 4.1091 4.1091 4.4486 3.8643 5.7489 5.7489 5.7489 5.7489 4.0191 4.0191 4.0289 4.0191 4.0191 4.0191 4.0191 4.0353 3.9487 3.5283 3.6005 3.6005 3.5283 3.9642 3.4056
3.5583 3.2641 3.5594 3.5218 3.5566 3.9839 4.0835 4.0362 4.0362 4.0923 4.0439 4.0439 4.0647 3.7099 3.6199 3.6199 3.6182 3.6182 3.7033 3.6151 3.5906 3.2904 3.3154 3.3488 3.3847 3.4144 3.4444 3.4593 3.4593 3.8159 3.8159 3.8143 3.8143 3.8143 4.0955 4.0955 4.0955 3.8143 4.0955 4.0955 4.0955 4.0955 4.3831 4.9385 4.0474 4.1091 4.1091 4.1091 4.1091 4.4486 3.9810 3.5843 4.1565 5.7489 5.7489 5.7489 4.0191 4.0191 4.0191 4.0191 3.7481 3.7481 4.0191 3.6005 3.6005 3.6005 3.6005 3.6005 3.6005 3.5283 3.5314
3.5465 3.5371 3.5403 3.6013 3.4341 3.7865 4.0835 4.0362 4.0362 4.0362 4.0439 3.7032 3.8818 3.7097 3.6301 3.6282 3.5581 3.5931 3.6367 3.6319 3.6658 3.7020 3.2876 3.3205 3.3846 3.4219 3.4472 3.4593 3.8159 3.4593 3.4593 3.8143 3.8143 3.8143 4.0955 4.0676 3.8143 3.8143 4.0955 4.0955 4.0955 4.0750 4.7092 4.7092 4.7092 4.0750 4.1584 4.1091 4.1091 4.4486 3.6391 3.6128 3.5299 5.7489 5.7489 5.7489 5.7489 4.0191 4.0191 3.7481 3.7481 3.7481 3.6005 3.6005 3.6005 3.6005 3.6005 3.6005 3.6005 3.0389 3.0389
3.5361 3.5244 3.5244 3.4341 2.9628 3.5612 4.0835 4.0362 4.0362 4.0362 4.0439 3.6269 3.6895 3.6282 3.6282 3.5581 3.6303 3.5931 3.5931 3.6303 3.6630 3.2338 3.2573 3.3206 3.3583 3.3967 3.4303 3.7874 3.7874 3.4303 3.4303 3.8042 3.8042 3.8042 4.0771 4.0676 4.0955 4.0955 4.0955 4.0955 4.0955 4.0750 4.7092 4.1091 4.7092 4.7092 4.0400 4.1091 4.1091 4.1091 3.5617 4.0750 4.0191 5.7489 5.7489 5.7489 5.7489 5.7489 4.0191 4.0191 4.0191 3.9839 3.9487 3.9487 3.6005 3.5314 3.6005 3.5314 3.4691 3.7735 4.0353
3.5271 3.5145 3.5121 3.1900 3.5612 3.5612 3.5612 2.9628 3.4122 4.0362 4.0439 3.5547 3.6303 3.6303 3.5269 3.5931 3.6303 3.6303 3.6303 3.6303 3.6706 3.6018 3.2589 3.3220 3.3592 3.4302 3.4302 3.7874 3.7874 3.4302 3.7874 3.8042 4.1140 3.8042 4.1140 4.1140 4.1140 4.1140 4.1140 4.1140 4.1140 4.0736 4.0318 4.5564 4.6906 4.6906 4.0869 4.1091 4.1091 4.1091 4.0750 4.0750 4.0191 4.0191 5.7489 5.7489 5.7489 5.7489 4.0191 3.4164 3.4151 3.4109 3.4138 3.7735 3.2003 3.6005 3.2403 3.2403 5.7455 5.7455 4.0353
3.5195 3.5069 3.5035 3.1899 3.1919 3.5612 3.5612 3.1833 3.2998 3.3086 3.0710 3.5931 4.0914 4.0439 4.0439 4.0439 4.0439 3.7177 3.7177 3.7177 3.6051 3.2295 3.2624 3.3231 3.3592 3.3987 3.4302 3.7874 3.7874 3.7826 3.7834 3.8042 3.8042 3.8042 3.8042 3.8042 3.8042 3.4426 3.9625 3.9625 3.9625 3.9360 3.4302 3.4302 4.1092 4.0869 4.0869 3.9360 4.0624 3.9538 4.0736 3.7799 4.0676 4.0676 4.1068 4.0874 4.0676 4.1068 4.0349 3.8909 3.4166 3.4166 3.7735 3.7735 3.9487 3.9974 4.4595 5.7455 5.7455 5.7455 4.0353
3.5133 3.5018 3.4990 3.1923 3.1909 3.2005 3.4976 3.2483 3.2676 3.0288 3.0583 3.3255 3.3570 3.4188 3.4188 3.4188 3.4188 3.3180 3.6527 3.6003 3.2533 3.2499 3.2692 3.3227 3.3575 3.8661 3.4302 3.7874 3.7874 3.7735 3.7745 3.4398 3.4395 3.7990 3.7990 3.7990 3.4397 3.4406 3.9611 3.9620 3.9625 3.9360 3.4302 3.4302 4.0869 4.0869 4.0869 4.0829 4.0536 3.6399 3.5691 3.6199 4.0676 4.0676 4.0676 4.0676 4.0676 4.0676 4.0676 3.7799 3.7799 3.7799 4.0200 3.9631 3.9281 4.0200 4.0834 4.0200 5.7438 4.0200 4.0200
3.5084 3.4989 3.4341 3.1934 3.1945 2.9628 3.4835 3.7504 3.3893 3.1467 3.3314 3.8154 3.9419 3.3824 3.3985 3.3995 3.3783 3.3367 3.2682 3.2315 3.2650 3.2855 3.2951 3.3192 3.3521 3.3929 3.4092 3.7874 3.7874 3.7552 3.7568 3.4244 3.4253 3.7782 3.7814 3.7858 3.4344 3.4376 3.4404 3.4423 3.4426 3.7799 3.7799 3.4302 3.4302 3.4302 3.4302 3.4302 3.7799 3.4514 3.5726 3.7799 3.7799 3.7799 3.7799 3.7799 4.0676 4.0676 4.0676 4.0676 4.0676 4.0676 4.0220 4.0220 3.9631 4.0200 4.0200 4.0200 3.7551 3.7551 4.0200
3.5246 3.4341 3.5612 2.9628 3.4341 3.1833 4.0003 4.0414 3.7504 4.3167 3.3958 3.3627 3.3660 3.3873 3.3994 3.3969 3.3766 3.3413 3.2862 3.2476 3.2750 3.2882 3.2935 3.3117 3.3382 3.3751 3.8376 3.9257 3.9208 3.7265 3.7457 3.4088 3.7506 3.7547 3.7607 3.7692 3.4270 3.4327 3.4375 3.9598 3.9623 4.0392 3.4302 3.4302 3.4302 3.7799 4.0392 4.0392 3.7799 3.7799 4.0736 4.0676 4.0676 4.0695 4.0695 4.0695 4.0695 3.9654 4.0676 4.0676 4.0676 4.0695 4.0220 4.0220 4.0220 4.0655 3.9791 4.0200 3.7589 3.7551 4.0200
3.5066 3.4823 3.5612 3.1833 3.1833 3.2753 3.9925 4.0414 4.0414 4.0491 4.0080 3.7078 3.3472 3.3657 3.3608 3.3511 3.6480 3.6205 3.5930 3.2685 3.2987 3.2894 3.2900 3.3017 3.3208 3.3425 3.7739 3.7934 3.8778 3.6931 3.7137 3.7174 3.7219 3.7282 3.7376 3.4103 3.4189 3.4275 3.4347 3.9577 3.9613 3.9361 3.9360 3.4302 3.4302 3.7799 4.0392 4.0392 3.4302 3.4302 4.0736 4.0676 4.0676 4.0676 4.0676 4.0695 4.0695 4.0695 4.0695 4.0695 4.0695 4.0695 4.0220 4.0220 4.0220 4.0220 3.9197 3.7551 3.7646 3.7551 4.0200
3.5591 3.6334 3.4576 3.2053 3.2450 3.3893 3.9925 4.0414 4.0414 3.7485 3.7502 3.7215 3.3515 3.3461 3.3436 3.3395 3.3345 3.3255 3.3150 5.7794 5.7670 5.7670 5.7670 3.2910 3.3029 3.2701 3.2701 3.3452 3.3546 3.3586 3.3751 3.3780 3.3813 3.3858 3.3924 3.4016 3.7543 3.7727 3.7877 3.7973 3.4413 3.9360 3.9360 3.4302 3.4302 3.7799 4.0392 4.0392 3.4279 3.7799 4.0736 4.0676 4.0676 4.0676 4.0676 4.0676 4.0695 4.0695 4.0695 4.0695 4.0695 4.0695 3.9197 3.9197 4.0220 3.4187 4.0220 3.4187 3.4082 3.7641 3.7551
3.6106 3.5981 3.4308 3.1843 3.2318 3.2862 3.9925 4.0414 4.2029 3.7485 3.7541 3.7320 3.3559 3.3502 3.3473 3.3428 3.3371 3.3291 3.3173 3.3061 3.3024 5.7670 5.7670 5.7670 3.2701 3.6814 3.6814 3.0617 3.0732 3.2898 3.3049 3.2521 3.2521 3.2943 3.3143 3.3978 3.7494 3.7697 3.7862 3.7966 3.4426 3.4302 3.4302 3.7799 3.7799 3.7799 3.7799 3.4302 3.4302 3.7799 4.0736 4.0676 3.7798 4.0349 3.7798 3.7798 3.4824 3.7798 3.7798 3.8169 3.4824 3.4824 3.4187 3.4187 3.9197 3.8805 3.4187 3.4187 3.4119 3.7667 3.7590
3.5407 3.4899 3.5151 3.2448 3.2725 3.3033 3.9575 3.7056 3.9652 3.7611 3.7675 3.7523 3.3647 3.3590 3.3558 3.3510 3.3449 3.3326 3.3196 3.3072 3.3029 3.6391 3.6088 3.2599 3.6814 3.6814 3.6814 3.0617 3.0804 3.4302 3.8041 3.5077 3.5077 3.8041 3.4426 3.8041 3.8041 3.8041 3.8041 3.8041 3.4426 3.4302 3.7799 3.7799 3.7799 3.4302 3.4302 3.4302 3.4302 3.7799 4.0736 4.0676 4.0349 4.0349 3.7798 3.7798 3.7798 3.7798 3.7798 3.7798 3.0870 3.0870 3.1832 3.2617 3.4187 3.4187 4.0220 4.0220 3.4139 3.8461 3.9791
3.5691 3.2125 3.2335 3.2617 3.6002 3.3153 4.0050 3.9652 4.0050 4.0354 4.0354 3.7611 3.3939 3.3628 3.3592 3.3539 3.3473 3.3401 3.3328 3.3448 3.6627 3.5141 3.6761 3.6020 3.7553 3.7553 3.7773 3.7773 3.7480 4.0993 4.1140 4.1140 4.1140 3.8041 3.8041 3.8041 3.8041 3.8041 3.8041 4.1140 4.3689 3.7799 3.7799 3.7799 3.7799 3.4302 3.4302 3.4302 3.9823 3.9823 4.0736 4.0676 4.0676 4.0676 3.7798 3.7798 3.7798 3.7798 3.7798 3.7798 3.5226 3.2376 3.5952 3.5952 3.3350 3.4187 4.0220 4.0220 3.4187 3.3938 3.3938
3.5872 3.5291 3.5897 3.2731 3.6161 3.6760 3.9560 3.9652 4.0050 3.7611 4.0738 4.0277 3.3993 3.3883 3.3795 3.3673 3.3494 3.3417 3.3339 3.3459 3.2954 3.2269 3.6020 3.6668 3.7553 3.6668 3.9134 3.9134 3.7553 4.0600 4.1287 4.1287 4.1287 4.1287 3.8081 3.8081 3.8081 4.1287 4.1287 4.1287 4.1274 4.0736 4.0736 4.0736 4.0736 4.0318 3.4302 3.7789 3.7799 3.4302 3.4302 4.0676 4.0676 4.0676 3.7798 3.7798 3.7798 3.7798 3.7798 3.7798 3.2376 3.5952 3.5235 3.5235 3.7366 3.3436 3.4187 3.4187 3.4187 3.4187 3.3938
3.8174 3.5974 3.7091 3.2808 3.6289 3.6892 3.7011 3.3420 3.3420 3.9255 3.9255 4.0277 3.3993 3.3911 3.3826 3.3704 3.3512 3.3430 3.3348 3.3469 3.2960 3.2353 3.6668 3.6668 3.7553 3.6668 3.8940 3.7553 3.7553 4.0981 4.1287 4.1287 4.1287 3.8081 3.8081 3.8081 3.8081 4.1287 4.1287 4.1287 4.1274 4.1274 4.1274 4.1274 4.1274 4.0840 4.1274 4.0913 4.0840 4.0840 4.0840 4.0943 4.0943 3.9732 3.7798 3.2376 3.0870 3.0870 3.2376 3.4585 3.0870 3.5952 3.5235 3.5235 3.2839 3.3225 3.3682 3.3963 3.4069 3.4077 3.4041
3.8174 3.6830 3.7355 3.3420 3.3420 3.6645 3.3292 3.3420 3.3420 3.3993 3.9255 4.0277 3.3993 3.3928 3.3847 3.3727 3.3525 3.3441 3.3356 3.3480 3.2974 3.4926 3.6590 3.6668 3.7553 3.6668 3.6668 3.6668 4.1117 4.0981 4.1287 4.1287 4.1287 4.1287 3.8081 3.8081 3.8081 4.1287 4.1287 4.1287 3.8174 4.1274 4.1274 4.1274 4.1274 4.1274 4.1274 4.0913 4.0840 4.1274 4.1274 4.0942 4.0942 4.0942 3.2088 3.1692 3.1472 3.1495 3.1598 3.8980 3.3902 3.2691 3.5763 3.2512 3.2630 3.3517 3.3629 3.3734 3.3825 3.3894 3.3935
3.8174 3.5515 3.3420 3.9575 3.3420 3.3202 3.3304 3.3420 3.3420 3.3993 3.3993 3.3993 3.3993 3.3933 3.3857 3.3741 3.3535 3.3450 3.3364 3.6430 3.5927 3.4929 3.6833 3.7515 3.7553 3.6668 3.6668 3.6668 3.8307 4.1117 4.1287 3.8081 3.8081 3.8081 3.8081 3.8081 3.8081 4.1287 4.1287 4.1287 3.8174 4.0913 4.1274 4.1274 4.1274 4.1274 4.1274 4.1274 3.8174 3.8174 4.1274 4.0942 4.0942 4.0942 3.7717 3.1565 3.5029 3.5029 3.6536 3.8746 3.8746 3.8302 3.8719 3.8719 3.7063 3.7689 3.3452 3.3558 3.3649 3.3715 3.3747
3.8174 3.5515 3.2872 3.9575 3.3420 3.3219 3.3306 3.3355 3.8633 3.3950 3.3946 3.9181 3.9168 3.3906 3.3857 3.3748 3.3542 3.3457 3.6516 3.6443 3.5966 3.4933 3.6668 3.7515 3.7553 3.8307 3.8307 3.8307 3.8307 3.8307 3.8602 4.1287 4.0901 3.8081 4.1287 3.8081 3.8081 4.1287 4.1287 4.1287 4.1274 4.1274 4.1274 4.1274 4.1274 4.1274 4.1274 4.1274 4.1274 4.1274 4.1274 4.0942 4.0942 4.0942 3.4440 3.2567 3.5029 3.6451 3.6479 4.0942 4.0942 4.0090 4.0090 4.0090 3.7282 3.3587 3.3678 3.3584 3.3658 3.3708 3.3722
3.8174 3.5515 3.2820 3.3066 3.3420 3.3229 3.3300 3.8570 3.3916 3.3907 3.3898 3.3896 3.9105 3.3875 3.3846 3.3747 3.3548 3.3464 3.6532 3.6458 3.6022 3.2352 3.6054 3.6054 3.6792 3.8228 3.8307 3.8307 3.8307 3.8307 3.8602 3.8602 4.1287 3.8081 3.8081 4.1287 4.1287 4.1287 4.1287 4.1287 4.1274 4.0913 4.1274 4.1274 4.1274 4.1274 4.1274 4.1274 4.1274 3.8174 4.1274 4.0942 4.0942 4.0942 3.4237 3.0450 3.6451 3.6451 3.6479 3.6479 3.5886 4.0090 4.0090 4.0090 4.0090 3.3775 3.9683 3.9399 3.8572 3.8617 3.3699
3.8174 3.2478 3.2785 3.7489 3.3291 3.3229 3.3285 3.3304 3.3875 3.3856 3.3842 3.3841 3.3845 3.3837 3.3826 3.3741 3.3554 3.3471 3.6549 3.6478 3.6094 3.2377 3.5138 3.6647 3.6931 3.7464 3.7464 3.8228 3.8307 3.8602 3.8602 3.7800 3.7765 4.0901 4.1287 4.1287 4.1287 4.1287 4.1287 4.1287 4.1274 4.0913 4.1274 4.1274 4.1274 4.1274 4.1274 4.1274 4.1274 4.1274 4.0942 4.0942 4.0942 4.0575 3.5920 3.6479 3.6451 3.6479 3.6479 3.6479 3.6479 4.0090 4.0090 4.0090 4.0090 3.7282 4.0090 4.0090 4.0079 3.9548 3.9525
3.7179 3.0256 3.2846 3.3079 3.3301 3.3216 3.3261 3.3268 3.7343 3.7299 3.7268 3.7271 3.3762 3.3737 3.3804 3.3734 3.3560 3.3480 3.6571 3.6502 3.6179 3.5990 3.5852 3.5764 3.2844 3.7797 3.7464 3.8307 3.8307 3.8602 3.8602 3.8602 3.6976 3.0772 4.0296 4.1287 4.1287 4.1287 3.8081 3.8081 4.1274 4.1274 4.1274 4.1274 4.1274 4.1274 4.1274 3.6303 3.6303 4.1274 4.0575 4.0942 4.0942 4.0942 3.6479 3.5920 3.6646 3.6451 3.6479 3.6479 4.0942 4.0090 4.0090 4.0090 4.0090 3.9274 4.0090 4.0090 4.0090 3.9683 3.9506
3.2810 3.2555 3.3446 3.3446 3.3446 3.3446 3.3446 3.3436 3.4461 3.7611 3.7580 3.7193 3.3761 3.3738 3.3695 3.3638 3.3568 3.3492 3.6598 3.6532 3.6391 3.6263 3.6156 3.6075 3.2886 3.7464 3.7464 3.8307 3.8307 3.8529 3.8602 3.6976 3.6976 3.6976 3.6942 4.1287 4.1287 4.1287 4.1287 4.1287 4.1274 4.1373 4.0340 3.6933 3.6933 4.1373 3.6933 3.6933 3.6933 3.6303 4.0942 4.0942 4.0575 4.0575 3.9966 3.7399 4.1050 3.6479 3.6479 3.6479 4.0942 4.0090 4.0090 4.0090 3.6541 4.0276 4.0090 4.0090 3.7282 3.7282 4.0090
3.3226 3.3195 3.3446 3.3446 3.3446 3.9644 3.9644 3.3446 3.7822 3.7547 3.7521 3.7539 3.4299 3.4280 3.4238 3.4185 3.4120 3.4048 3.7039 3.7020 3.6887 3.6764 3.6659 3.6110 3.2897 3.0960 3.1026 3.1026 3.1026 3.1428 3.6976 3.6976 3.6976 3.6942 3.6369 3.6369 4.1287 3.6976 3.6335 3.6335 3.6933 3.6905 3.6933 3.6933 3.6933 3.6933 3.6933 3.6933 3.6933 3.6933 4.0942 4.0942 4.0942 3.8100 4.0942 3.2087 4.0942 4.0575 3.9966 3.6479 4.0942 4.0090 4.0090 4.0090 3.7259 3.6569 4.0090 4.0090 4.0090 4.0090 4.0090
3.9907 3.3277 3.2998 3.6752 4.0088 4.0088 4.0088 4.0088 3.7998 3.7305 3.6847 3.7527 3.4303 3.4287 3.4246 3.4197 3.4136 3.4067 3.7080 3.7064 3.6933 3.6812 3.6706 3.6618 3.3273 3.1202 3.3185 3.3186 3.7857 3.6945 3.7246 3.7246 3.7246 3.0843 3.7246 3.6976 3.6976 3.6976 3.6976 3.6976 3.6933 3.6933 3.6339 3.6339 3.6933 3.6933 3.6933 3.6933 3.6933 3.6933 3.6479 4.0942 4.0942 4.0942 4.0942 4.0942 4.0942 4.0942 3.9966 3.6479 4.0942 3.7282 4.0090 4.0090 3.7259 3.7216 3.9121 3.9756 4.0090 4.0090 4.0090
3.7991 3.8442 3.2708 3.7897 3.6752 4.0088 3.9721 4.0088 4.1164 4.1164 3.5063 3.7560 3.7625 3.7694 3.4256 3.4211 3.4154 3.4089 3.7242 3.7115 3.6987 3.6867 3.6759 3.6668 3.3227 3.3149 3.3094 3.5981 3.5915 3.5399 3.7169 3.6649 3.7206 3.0843 3.6899 3.7246 3.7246 3.7246 3.7246 3.7246 3.6978 3.6978 3.6978 3.6978 3.6978 3.6978 3.6978 3.6933 3.6933 3.6933 3.6479 4.0942 4.0942 4.0942 4.0942 4.0942 4.0942 4.0942 4.1050 3.6479 3.9966 3.9756 4.0090 4.0209 3.7259 3.6569 3.9121 4.0090 4.0090 4.0090 4.0090
3.4994 3.6927 3.6818 3.7440 3.6647 3.6358 3.8746 4.0088 4.1164 4.1164 3.7004 3.6340 3.4526 3.4228 3.7746 3.7765 3.4365 3.4312 3.4405 3.4271 3.7069 3.9077 3.6526 3.8221 3.6173 3.6049 3.5920 3.5820 3.5751 3.5567 3.6899 3.7206 3.2825 3.2825 3.2825 3.7246 3.7246 3.7246 3.7246 3.6978 3.6369 3.6369 3.6369 3.6369 3.6369 3.6949 3.6978 3.6978 3.6978 3.6978 3.6605 4.0967 3.8012 3.8012 4.0967 4.0967 4.0967 3.8012 4.0967 3.6180 4.0090 4.0090 4.0090 3.9683 3.7216 3.2573 3.6327 3.9274 3.9274 3.9756 4.0090
3.6017 3.6017 3.7269 3.7570 3.7950 3.8312 3.8703 4.0510 4.1437 4.1437 4.0866 4.2643 4.1437 3.7998 3.4394 3.7853 3.4423 3.4373 3.4466 3.4327 3.7157 3.8272 3.7198 3.7198 3.6295 3.2733 3.2735 3.5413 3.6931 3.5448 3.5904 3.2825 3.2825 3.2825 3.2825 3.6649 3.6649 3.6649 3.6649 3.5200 3.5200 3.0793 3.0793 3.0793 3.0793 3.2758 3.5219 3.5264 3.5379 3.5616 3.5691 3.6123 3.6478 3.3790 3.3926 3.4115 3.8012 4.0585 4.0484 3.8521 3.7478 3.6411 3.6411 3.3453 3.3453 3.7958 3.3754 3.1189 3.8467 3.8467 3.7549
5.8053 3.7458 3.7593 3.7921 3.8217 3.8297 3.8453 3.7150 4.1437 4.1437 4.1437 4.2643 4.1437 4.1164 4.1164 3.7998 3.4475 3.4423 3.4515 3.4378 3.4711 3.9098 3.7198 3.7245 3.7198 3.5318 3.6885 3.7245 3.7245 3.6649 3.5399 3.6615 3.0843 3.2825 3.2825 3.6649 3.6649 3.6649 3.6649 3.5200 3.2758 3.0793 3.0793 3.0793 3.0793 3.2760 3.2772 3.5556 3.5693 3.5390 3.5171 3.6605 3.6661 3.6240 3.6240 4.0484 4.0484 4.0484 4.0484 4.0484 3.6814 3.8171 3.8171 3.8171 3.8171 3.8171 3.7549 3.1189 3.7520 3.8260 3.8260
5.8053 5.8053 3.7735 3.8676 3.8365 3.8427 3.8568 3.9688 4.1167 4.1437 4.1437 4.2643 4.4462 4.1164 4.1164 4.1164 3.4526 3.9798 3.4711 3.4711 4.3794 3.4711 3.6885 3.7245 3.7198 3.6582 3.7245 3.7245 3.7245 3.6649 3.5399 3.7246 3.6649 3.0843 3.5399 3.5493 3.6715 3.6706 3.6703 3.2788 3.2785 3.2782 3.2779 3.2777 3.6743 3.6122 3.5217 3.5415 3.7093 3.6173 3.6605 3.6661 3.6661 3.6661 3.6661 3.6661 3.6661 3.5903 3.5903 3.6661 3.6915 3.8260 3.8260 3.8260 3.8260 3.7549 3.7549 3.8260 3.8260 3.8260 3.8217
5.8053 5.8053 5.8053 5.8053 3.8676 3.8676 3.8776 3.9909 4.1437 4.1437 4.1437 4.2643 4.1437 4.1164 4.1164 4.1164 4.1164 4.1164 4.1410 4.1004 3.8079 3.8079 3.8079 3.6582 3.7245 3.6582 3.7245 3.7245 3.7245 3.6649 3.5478 3.7246 3.7246 3.6649 3.6467 3.6598 3.6543 3.6515 3.5429 3.5221 3.2767 3.2764 3.2762 3.5200 3.6711 3.6758 3.5273 3.5322 3.6298 3.6112 3.4849 3.5934 3.6661 3.6661 3.6661 3.6661 3.6661 3.6661 3.5934 3.5934 4.0314 3.2505 3.8396 4.1088 4.1088 3.8467 3.8217 3.8217 3.8260 3.8260 3.8260
