test/test_data/tcaap/monthly_mean_over_all_Feb__actual_et__2015-01-01_to_2019-12-31__180_by_260__inches.asc
NCOLS        180
NROWS        260
XLLCORNER     476375.000
YLLCORNER    4970875.000
CELLSIZE        100.000
NODATA_VALUE -9999.
[rows 58 to 86 of 260, columns 0 to 66 of 180]
0.47944 0.49645 0.49645 0.49645 0.49201 0.49645 0.49691 0.49108 0.48689 0.47288 0.48107 0.49536 0.49641 0.49691 0.58130 0.58130 0.50401 0.50087 0.50087 0.50031 0.50031 0.50031 0.49570 0.49570 0.49570 0.50132 0.50132 0.50238 0.49650 0.49082 0.49536 0.49593 0.49593 0.49593 0.49593 0.49593 0.49593 0.48898 0.48898 0.48898 0.48898 0.57557 0.47303 0.50949 0.51400 0.51693 0.52276 0.52161 0.51684 0.50235 0.50235 0.50235 0.50235 0.51684 0.51534 0.53512 0.52886 0.51283 0.51953 0.50773 0.51757 0.51757 0.51519 0.51519 0.49108 0.51519 0.50700
0.47969 0.49575 0.49646 0.49646 0.49646 0.49646 0.49692 0.48912 0.48690 0.47289 0.47926 0.48224 0.49692 0.49692 0.58131 0.58131 0.50413 0.50088 0.49572 0.50032 0.50032 0.50032 0.49572 0.49572 0.49572 0.49572 0.46849 0.45623 0.44989 0.44989 0.49594 0.49594 0.49594 0.49594 0.49594 0.49594 0.49594 0.48899 0.48899 0.48899 0.47875 0.45917 0.47289 0.50906 0.51340 0.51628 0.52244 0.52197 0.51685 0.51685 0.51685 0.51685 0.51685 0.51685 0.50945 0.50945 0.50945 0.50648 0.51954 0.50682 0.51758 0.51520 0.53122 0.51520 0.51048 0.50701 0.48138
0.48041 0.49577 0.49647 0.49647 0.49647 0.49693 0.49693 0.48913 0.48691 0.48635 0.47989 0.46818 0.50364 0.49195 0.58133 0.58133 0.50148 0.49573 0.49573 0.50033 0.50033 0.50033 0.49573 0.49573 0.49573 0.49573 0.46885 0.46804 0.44990 0.44990 0.49595 0.49595 0.49595 0.49595 0.49595 0.49595 0.49595 0.48900 0.48900 0.48232 0.44199 0.44874 0.49771 0.50907 0.51576 0.51865 0.51893 0.51813 0.51286 0.51686 0.51686 0.51686 0.51686 0.50649 0.50649 0.50122 0.50122 0.50649 0.51291 0.50683 0.50683 0.51708 0.51759 0.51759 0.51521 0.53117 0.48139
0.46586 0.46390 0.47910 0.47910 0.47910 0.48056 0.48056 0.46420 0.48036 0.47291 0.46992 0.47266 0.46312 0.46721 0.46954 0.46936 0.50149 0.49574 0.49574 0.49574 0.50035 0.50035 0.49574 0.49574 0.49574 0.49574 0.46843 0.45434 0.44991 0.49125 0.49597 0.49597 0.49597 0.49125 0.49125 0.49484 0.49484 0.48233 0.48233 0.48233 0.44200 0.45119 0.46242 0.50378 0.57562 0.48852 0.48683 0.51287 0.51287 0.51688 0.51688 0.50650 0.50650 0.50650 0.50650 0.50650 0.50123 0.50650 0.51085 0.51085 0.51957 0.51957 0.51957 0.51761 0.51761 0.51957 0.51957
0.46529 0.46370 0.47911 0.49660 0.49660 0.49655 0.49655 0.48056 0.49513 0.48056 0.47025 0.47355 0.46743 0.47169 0.58197 0.58197 0.49767 0.49767 0.49767 0.49575 0.49575 0.49575 0.49575 0.49575 0.49575 0.49575 0.45625 0.44991 0.49126 0.49126 0.49126 0.49126 0.49126 0.49126 0.49126 0.49126 0.49126 0.48234 0.48234 0.44201 0.44201 0.45403 0.46652 0.51294 0.51858 0.50450 0.48659 0.51321 0.51689 0.51689 0.51689 0.50651 0.50651 0.50651 0.50651 0.50651 0.50651 0.50651 0.51086 0.51086 0.51086 0.51958 0.52086 0.51583 0.51762 0.51762 0.51762
0.46289 0.48960 0.49732 0.49732 0.49281 0.49728 0.49728 0.49260 0.49260 0.49728 0.45300 0.46057 0.53545 0.58198 0.58198 0.58198 0.49768 0.49768 0.49768 0.49768 0.49768 0.49768 0.49768 0.49768 0.49768 0.50271 0.50396 0.49800 0.45320 0.49286 0.49765 0.49543 0.49127 0.49599 0.49599 0.49599 0.49127 0.48235 0.47009 0.44365 0.44780 0.45671 0.46744 0.47405 0.52167 0.52167 0.52167 0.51307 0.48423 0.51690 0.51690 0.50065 0.56831 0.56831 0.50652 0.50652 0.50652 0.50652 0.51087 0.51087 0.51087 0.50556 0.51131 0.51131 0.50544 0.50544 0.50544
0.46290 0.48293 0.49684 0.49733 0.49733 0.49729 0.49729 0.49729 0.49729 0.49729 0.46076 0.47050 0.54176 0.58200 0.58200 0.50395 0.49769 0.49769 0.49769 0.49769 0.49769 0.49769 0.49769 0.46286 0.46286 0.50317 0.50398 0.49766 0.45320 0.49287 0.49766 0.49287 0.49709 0.49766 0.49766 0.49766 0.49766 0.45554 0.45584 0.44572 0.45170 0.45666 0.46230 0.49683 0.50417 0.50452 0.50452 0.48428 0.48424 0.51691 0.51290 0.50653 0.50653 0.56832 0.50653 0.50653 0.50653 0.50653 0.51088 0.51088 0.51088 0.51088 0.50545 0.50545 0.50545 0.50618 0.51054
0.46290 0.49685 0.49734 0.49244 0.49244 0.49659 0.49659 0.49809 0.50396 0.49731 0.49223 0.46910 0.58202 0.58202 0.50410 0.50351 0.46287 0.49770 0.49770 0.50213 0.49770 0.49770 0.46287 0.47374 0.47415 0.50319 0.49577 0.49248 0.49248 0.49288 0.49768 0.49768 0.49768 0.49710 0.49768 0.49767 0.49577 0.45578 0.44527 0.45156 0.45648 0.46210 0.48858 0.49470 0.51556 0.51556 0.51903 0.51178 0.48798 0.48798 0.48798 0.48357 0.48798 0.51178 0.51178 0.50655 0.50655 0.50655 0.51089 0.51089 0.48758 0.51766 0.50546 0.50584 0.50597 0.49115 0.51055
0.47914 0.49736 0.49736 0.49736 0.49664 0.49660 0.49732 0.50398 0.50398 0.49732 0.49224 0.46513 0.58204 0.58204 0.50411 0.50275 0.46288 0.46288 0.49771 0.49771 0.49771 0.49771 0.49771 0.48586 0.47253 0.49489 0.50227 0.50227 0.49249 0.49289 0.49769 0.49289 0.49769 0.49769 0.49769 0.49769 0.48501 0.44643 0.44881 0.45243 0.45723 0.46262 0.49506 0.50386 0.51904 0.51501 0.51504 0.51187 0.51191 0.51105 0.51179 0.51498 0.51498 0.51498 0.50286 0.50286 0.50286 0.50286 0.50893 0.51813 0.50570 0.50346 0.50346 0.50346 0.50346 0.50346 0.51363
0.49582 0.49737 0.49737 0.49737 0.49737 0.49661 0.49733 0.49733 0.50399 0.50399 0.49564 0.47201 0.58205 0.58205 0.50399 0.49772 0.49772 0.46288 0.46288 0.49772 0.49772 0.49772 0.49772 0.48519 0.46767 0.49153 0.50228 0.49580 0.48962 0.46479 0.49770 0.49770 0.49770 0.49770 0.49770 0.49770 0.48502 0.48413 0.45070 0.45456 0.45917 0.46405 0.49621 0.50388 0.51496 0.51508 0.51514 0.51210 0.51242 0.51192 0.51193 0.51518 0.51499 0.51499 0.51499 0.51499 0.51499 0.51476 0.51476 0.50571 0.50571 0.50348 0.50348 0.50348 0.50348 0.50348 0.50348
0.49286 0.49689 0.49689 0.49738 0.49738 0.49663 0.49734 0.49734 0.50400 0.50400 0.49998 0.49446 0.58207 0.58207 0.50355 0.49773 0.49773 0.49773 0.46289 0.49773 0.49773 0.49773 0.49773 0.48560 0.45678 0.49154 0.49251 0.49251 0.48397 0.49291 0.49771 0.49771 0.49771 0.49771 0.49771 0.49581 0.57141 0.57141 0.45316 0.45728 0.46165 0.46593 0.48114 0.48642 0.51504 0.51504 0.51534 0.51291 0.51349 0.51289 0.51348 0.51734 0.51745 0.51340 0.51181 0.51181 0.51501 0.51816 0.51816 0.51816 0.51816 0.51634 0.51483 0.51634 0.50349 0.50349 0.51634
0.49287 0.49287 0.48966 0.49739 0.49668 0.49577 0.49735 0.49735 0.49735 0.50247 0.46818 0.48559 0.58209 0.58209 0.50356 0.49774 0.49774 0.49774 0.46290 0.48686 0.49774 0.49774 0.49774 0.48810 0.46100 0.49155 0.49807 0.49252 0.49252 0.49772 0.49772 0.49715 0.49772 0.49772 0.49772 0.57858 0.57142 0.57142 0.49581 0.48742 0.46400 0.46774 0.47549 0.48893 0.51505 0.51505 0.51505 0.51325 0.51399 0.51374 0.51522 0.51569 0.51584 0.51620 0.51183 0.51183 0.51173 0.51818 0.51818 0.51818 0.51636 0.51308 0.51818 0.51636 0.51636 0.48909 0.50350
0.49288 0.47917 0.49669 0.49669 0.49670 0.49571 0.49568 0.49737 0.49665 0.49568 0.46708 0.58210 0.58210 0.58210 0.50416 0.49776 0.49776 0.49776 0.49776 0.49776 0.48687 0.46291 0.49776 0.49776 0.48779 0.50172 0.49583 0.49253 0.49253 0.49716 0.49774 0.49716 0.49774 0.49774 0.49774 0.57859 0.57144 0.57144 0.49084 0.46188 0.46581 0.47550 0.50913 0.51591 0.51591 0.51506 0.51506 0.51340 0.51420 0.51444 0.51247 0.51450 0.56438 0.51989 0.51184 0.51503 0.51503 0.51819 0.51819 0.51819 0.51637 0.56726 0.51637 0.51637 0.51637 0.50351 0.50351
0.49798 0.49671 0.49671 0.49671 0.49574 0.49667 0.49666 0.49738 0.49666 0.49648 0.46570 0.58212 0.58212 0.58212 0.50404 0.48688 0.48704 0.49846 0.49777 0.50221 0.50125 0.51261 0.48082 0.46291 0.46708 0.49495 0.50234 0.50234 0.49718 0.49775 0.49775 0.49775 0.49775 0.49775 0.49718 0.49254 0.48052 0.48052 0.48568 0.49850 0.50239 0.47550 0.50914 0.51448 0.51911 0.51911 0.51507 0.51331 0.51405 0.56439 0.56439 0.52144 0.52406 0.51990 0.50913 0.51505 0.51505 0.51820 0.51820 0.51639 0.51639 0.51311 0.51639 0.51639 0.51639 0.51639 0.51639
0.49799 0.49799 0.49220 0.49728 0.49572 0.49669 0.49740 0.49740 0.49740 0.49669 0.46996 0.58207 0.58207 0.58214 0.50419 0.48689 0.48710 0.50314 0.50519 0.50802 0.51221 0.49699 0.48083 0.46292 0.46975 0.49810 0.50235 0.49586 0.49719 0.49719 0.49776 0.49776 0.49776 0.49776 0.49776 0.49776 0.48761 0.48588 0.49049 0.49936 0.46754 0.47359 0.47551 0.52043 0.51912 0.51912 0.51538 0.51303 0.51362 0.51757 0.51893 0.52164 0.56441 0.56441 0.51186 0.51506 0.51506 0.51822 0.51640 0.51640 0.51640 0.51640 0.51640 0.51640 0.51640 0.51640 0.51640
0.49800 0.49800 0.49221 0.49632 0.49670 0.49741 0.49741 0.49741 0.49741 0.49741 0.48149 0.58209 0.58209 0.58209 0.50407 0.47645 0.47678 0.49179 0.49140 0.49513 0.48653 0.48965 0.48441 0.48441 0.48490 0.49256 0.49587 0.49256 0.49720 0.49777 0.49777 0.49777 0.49777 0.49777 0.49777 0.49777 0.48762 0.48626 0.49086 0.50393 0.47981 0.47315 0.51928 0.51510 0.51510 0.51510 0.51198 0.51267 0.51308 0.51448 0.51292 0.51362 0.56443 0.56443 0.51400 0.51508 0.51508 0.50578 0.50355 0.51641 0.51641 0.51641 0.51641 0.51641 0.51641 0.51641 0.51641
0.49801 0.49801 0.49222 0.49730 0.49742 0.49742 0.49742 0.49742 0.49742 0.49742 0.48062 0.58211 0.58211 0.58211 0.50408 0.49968 0.47669 0.49112 0.49355 0.48267 0.48371 0.47646 0.49968 0.46518 0.47646 0.49773 0.49773 0.49020 0.49051 0.49111 0.49111 0.49111 0.49111 0.49111 0.49111 0.49111 0.48870 0.48510 0.49262 0.50512 0.48056 0.50156 0.51864 0.51511 0.51511 0.51513 0.51192 0.51235 0.51258 0.51368 0.51430 0.51476 0.56444 0.51476 0.51606 0.51519 0.51509 0.50580 0.48914 0.51643 0.51643 0.51643 0.51643 0.51643 0.51643 0.51643 0.51643
0.49803 0.49803 0.49223 0.49803 0.49744 0.49744 0.49744 0.49744 0.49744 0.49744 0.49744 0.49744 0.58213 0.58213 0.50423 0.50574 0.50348 0.50533 0.50761 0.50154 0.50264 0.49969 0.49969 0.46519 0.52588 0.49774 0.49774 0.48868 0.49112 0.48538 0.49112 0.49112 0.49112 0.49112 0.49112 0.49112 0.48781 0.47990 0.47285 0.48509 0.48704 0.50378 0.51644 0.51644 0.51644 0.49138 0.48898 0.48914 0.48923 0.51294 0.51331 0.51359 0.56446 0.56446 0.51622 0.51508 0.51510 0.49046 0.49046 0.51316 0.51374 0.51374 0.50357 0.50357 0.51644 0.51644 0.51644
0.49804 0.49804 0.49804 0.49804 0.49745 0.49745 0.49745 0.49745 0.49745 0.50411 0.49191 0.49745 0.58214 0.58214 0.50425 0.50575 0.49069 0.50461 0.50667 0.50780 0.50874 0.48856 0.49970 0.46520 0.51611 0.49775 0.49775 0.49554 0.48869 0.49114 0.49114 0.49114 0.49113 0.49113 0.49113 0.49113 0.50148 0.49344 0.49670 0.48670 0.48819 0.48987 0.49095 0.51646 0.51646 0.49130 0.48902 0.48908 0.48914 0.51256 0.51277 0.51292 0.50865 0.51276 0.51570 0.51510 0.51200 0.49175 0.49175 0.49175 0.51581 0.51676 0.50358 0.50358 0.51645 0.51645 0.51645
0.49805 0.49805 0.49805 0.49805 0.49154 0.49746 0.49746 0.49746 0.49746 0.50412 0.45907 0.49675 0.58216 0.58216 0.50412 0.50577 0.50452 0.49617 0.50561 0.50661 0.50754 0.48857 0.49971 0.46521 0.51612 0.49694 0.49091 0.49091 0.48497 0.48540 0.49115 0.49115 0.49115 0.49115 0.49115 0.52478 0.51647 0.48500 0.49966 0.50190 0.50366 0.49055 0.49115 0.51642 0.51647 0.49134 0.48901 0.48906 0.48913 0.48925 0.48936 0.48942 0.48941 0.48929 0.48908 0.51170 0.51164 0.49176 0.50508 0.50508 0.51570 0.51570 0.51601 0.51301 0.51570 0.51570 0.51570
0.49806 0.49806 0.49806 0.49806 0.49155 0.49676 0.49747 0.49747 0.49747 0.49747 0.48725 0.49676 0.49155 0.58218 0.58219 0.50578 0.49972 0.49071 0.49626 0.49049 0.49127 0.48858 0.49972 0.46521 0.48446 0.48497 0.49777 0.49777 0.48497 0.49116 0.49116 0.49179 0.48497 0.49116 0.52304 0.52001 0.52001 0.50549 0.50743 0.50389 0.50517 0.50726 0.51642 0.51170 0.51636 0.49138 0.48903 0.48907 0.48915 0.48924 0.48935 0.48941 0.48938 0.48923 0.48899 0.51152 0.51111 0.49077 0.49061 0.50510 0.51753 0.51572 0.51572 0.51572 0.51572 0.51572 0.51572
0.49808 0.49808 0.49808 0.49808 0.49677 0.49677 0.49749 0.49639 0.49749 0.49749 0.47020 0.48168 0.49677 0.58220 0.58221 0.53660 0.50561 0.50454 0.49624 0.48975 0.49028 0.48859 0.49974 0.49974 0.45898 0.48498 0.49779 0.49779 0.48498 0.49056 0.49117 0.49441 0.49849 0.50552 0.52053 0.51649 0.52002 0.51202 0.51459 0.51851 0.50630 0.50719 0.51705 0.51647 0.51650 0.51650 0.50762 0.50762 0.50784 0.48927 0.48938 0.48944 0.48940 0.48922 0.48894 0.51159 0.50835 0.48725 0.48975 0.50226 0.51754 0.51573 0.51573 0.51573 0.51304 0.50777 0.51245
0.49809 0.49809 0.49809 0.49809 0.49678 0.49581 0.49581 0.49640 0.49750 0.49750 0.48137 0.48125 0.49678 0.58221 0.58223 0.58223 0.50580 0.50510 0.49620 0.47651 0.49975 0.49975 0.49975 0.49975 0.45899 0.48499 0.49780 0.49780 0.48874 0.49058 0.49118 0.50273 0.50593 0.51112 0.51666 0.51651 0.52004 0.52004 0.51707 0.50657 0.50716 0.50745 0.51719 0.51650 0.51653 0.51651 0.51205 0.51205 0.51205 0.48928 0.48938 0.48943 0.48937 0.48917 0.48886 0.51507 0.50836 0.48726 0.48915 0.48947 0.51186 0.51557 0.51248 0.51246 0.51305 0.50979 0.51755
0.49810 0.49810 0.49810 0.49739 0.49680 0.49583 0.49583 0.49751 0.49751 0.49751 0.49607 0.46876 0.45910 0.58223 0.58224 0.58224 0.51823 0.50392 0.50457 0.50457 0.50457 0.49976 0.49976 0.46524 0.45899 0.49095 0.49781 0.49560 0.49119 0.48544 0.49119 0.50540 0.50870 0.51477 0.51915 0.52010 0.51708 0.51204 0.51212 0.50895 0.47866 0.50788 0.51692 0.51677 0.51652 0.51654 0.51206 0.50765 0.50765 0.50767 0.48917 0.48938 0.48930 0.49001 0.48989 0.51509 0.50837 0.48727 0.51053 0.51053 0.51124 0.51190 0.51247 0.50290 0.50513 0.51479 0.51757
0.48779 0.49107 0.49107 0.49027 0.50011 0.49901 0.49901 0.49681 0.49752 0.49752 0.49159 0.45911 0.49197 0.58225 0.58226 0.58226 0.58226 0.47790 0.49977 0.50458 0.50458 0.49977 0.49977 0.48861 0.45900 0.49561 0.49561 0.48876 0.49120 0.49120 0.49120 0.50800 0.51126 0.51402 0.51629 0.52086 0.52064 0.49174 0.49181 0.47869 0.47870 0.47870 0.51735 0.51712 0.51680 0.51653 0.51210 0.51222 0.51471 0.51457 0.48905 0.48930 0.48920 0.48968 0.48947 0.51168 0.50839 0.50839 0.51054 0.51054 0.51054 0.51577 0.51577 0.50291 0.50514 0.50981 0.51480
0.48781 0.48781 0.49108 0.49108 0.48352 0.49902 0.49902 0.50013 0.50096 0.50096 0.49467 0.46242 0.47140 0.50096 0.58367 0.58367 0.58367 0.48495 0.50328 0.49978 0.49978 0.49978 0.49978 0.48862 0.45901 0.48877 0.48877 0.49122 0.49122 0.48546 0.48877 0.51044 0.51356 0.51606 0.51801 0.52174 0.51787 0.51773 0.51518 0.51524 0.51531 0.47873 0.51777 0.51764 0.51714 0.51680 0.51208 0.51208 0.50767 0.50768 0.50767 0.51232 0.51217 0.51185 0.51142 0.51079 0.50840 0.50315 0.51056 0.51056 0.51481 0.51579 0.51308 0.51481 0.49182 0.50782 0.51250
0.48782 0.49110 0.49110 0.49507 0.50097 0.49468 0.49903 0.49903 0.49468 0.50097 0.48572 0.49857 0.49507 0.49972 0.58368 0.58368 0.48496 0.50329 0.50329 0.50329 0.50329 0.50329 0.50329 0.47480 0.45353 0.48882 0.49382 0.49382 0.49382 0.47946 0.49128 0.50898 0.52143 0.51991 0.52057 0.51660 0.51469 0.51529 0.51566 0.51643 0.51665 0.47875 0.51837 0.51818 0.51794 0.51254 0.51210 0.51210 0.50768 0.50768 0.50775 0.51224 0.51210 0.51181 0.51142 0.51018 0.50841 0.51113 0.51677 0.53595 0.53594 0.53359 0.53273 0.56653 0.50984 0.50721 0.51251
0.49111 0.49030 0.49030 0.49508 0.49978 0.49469 0.49904 0.49904 0.49469 0.50015 0.49858 0.49858 0.49508 0.50040 0.58370 0.58370 0.48497 0.50330 0.50330 0.50330 0.50330 0.50330 0.50330 0.50330 0.46087 0.49989 0.48927 0.49384 0.49292 0.50449 0.50610 0.51364 0.52191 0.52191 0.52191 0.51861 0.51861 0.51861 0.48255 0.48255 0.48255 0.48263 0.47876 0.51915 0.51895 0.51284 0.51235 0.51211 0.51537 0.51537 0.50772 0.51215 0.51205 0.51183 0.51151 0.51021 0.51164 0.51114 0.51791 0.51791 0.51791 0.53313 0.53381 0.56655 0.51311 0.51252 0.51638
0.49001 0.49032 0.49032 0.50016 0.50016 0.48355 0.48355 0.49906 0.49906 0.50016 0.50016 0.50016 0.49509 0.49921 0.58372 0.58372 0.50331 0.50331 0.50331 0.50331 0.50331 0.50331 0.50331 0.48498 0.49462 0.49385 0.49385 0.49351 0.51782 0.51327 0.51086 0.51572 0.52418 0.52192 0.52192 0.51863 0.51863 0.51863 0.48256 0.48256 0.48256 0.48256 0.51851 0.51935 0.51926 0.51524 0.51714 0.51454 0.51448 0.51789 0.51448 0.51448 0.51441 0.51428 0.51167 0.48825 0.51764 0.51793 0.51312 0.51793 0.51583 0.51355 0.49120 0.53518 0.51250 0.51253 0.51623
