test/test_data/tcaap/monthly_variance_over_all_Aug__actual_et__2015-01-01_to_2019-12-31__180_by_260__inches.asc
NCOLS        180
NROWS        260
XLLCORNER     476375.000
YLLCORNER    4970875.000
CELLSIZE        100.000
NODATA_VALUE -9999.
[rows 29 to 57 of 260, columns 67 to 133 of 180]
0.90477 0.90477 0.90477 0.90477 0.87996 0.91810 0.91810 0.95031 0.95031 0.95031 0.95031 0.95031 0.90727 0.93260 0.93050 0.93895 0.92493 0.92493 0.92493 0.92493 0.92493 0.84414 0.92949 0.92231 1.0134 1.0222 1.0222 0.98647 0.98647 0.98647 0.98647 0.98647 0.96517 0.93786 0.98647 0.98647 1.0011 0.93463 0.93382 0.92280 0.95061 0.95497 0.96451 0.97672 0.96696 0.97571 0.98497 1.2538 1.2538 0.95810 0.95810 0.95810 0.88624 0.92922 0.92922 0.92922 1.2538 1.2543 1.2543 1.2543 1.2552 1.2552 1.2552 1.2552 1.2552 1.2552 0.93393
0.93860 0.93860 0.93860 0.92634 0.92526 0.91811 0.93180 0.95032 0.95032 0.95032 0.95032 0.95032 0.93050 0.95032 0.93261 0.93895 0.92494 0.92494 0.92494 0.92494 0.92494 0.89717 0.91498 1.0134 1.0134 1.0222 1.0823 0.98647 0.98647 0.98647 0.98647 0.98647 0.93786 0.93786 0.98647 0.98647 0.93463 0.93463 0.92621 0.92621 0.91642 0.92332 0.93596 0.95037 0.97572 0.97572 0.98498 1.2538 1.2538 0.95810 0.90053 0.90754 0.88624 0.90754 0.90754 0.92922 1.2538 1.2543 1.2543 1.2543 1.2543 1.2543 1.2543 1.2543 1.2543 1.2543 0.92740
0.93860 0.93860 0.93860 0.93860 0.95032 0.93180 0.93180 0.93180 0.95032 0.93261 0.90131 0.93261 0.93261 0.93261 0.93261 0.93896 0.92494 0.92494 0.92494 0.92494 0.92494 0.79216 0.92232 1.0134 0.95112 0.88008 0.98648 0.98648 0.98648 0.96638 0.99339 0.98648 0.98648 0.98648 0.98648 0.89372 0.93464 0.93464 0.92621 0.92621 0.93464 0.91159 0.91159 0.92621 0.97572 0.99602 0.98498 1.2538 1.2538 0.95810 0.90754 0.90754 1.0666 0.92922 0.92922 0.92922 1.2538 1.2543 1.2543 1.2543 1.2543 1.2543 1.2543 1.2543 1.2543 0.91839 0.92740
0.93861 0.93861 0.93861 0.93861 0.95032 0.95032 0.95035 0.95032 0.95032 0.83215 0.90275 0.91660 1.0421 0.93716 0.93896 0.93896 0.93896 0.93896 0.93896 0.93896 0.93896 0.93896 0.92232 0.95112 0.92429 0.90875 0.96574 0.97891 0.96425 0.96639 0.98821 0.98648 0.96639 0.98648 0.98648 0.89779 0.92622 0.93464 0.93464 0.93464 0.93464 0.93464 0.99603 0.94894 0.99603 0.99603 1.2538 1.2538 1.2538 1.2538 0.95811 0.90754 1.0181 0.92923 0.92923 0.92923 1.2543 1.2543 1.2543 1.2543 1.2543 1.2543 1.2543 1.2543 1.2543 0.91839 0.92741
0.91317 0.93861 0.93861 0.93861 0.95033 0.95033 0.95033 0.95033 0.95033 0.82857 0.83215 0.75958 0.77653 0.73541 0.79292 0.93896 0.93896 0.90947 0.90947 0.93764 0.93896 0.93896 1.0176 0.98994 0.98994 0.94769 0.97373 0.96010 0.96282 0.96086 0.98066 0.96632 0.96639 0.98649 0.98649 0.97093 0.96107 0.97735 0.91160 0.91160 0.89779 0.99042 0.99042 0.99603 0.99603 0.99603 1.2538 1.2538 1.2538 1.2538 0.95811 1.0142 0.94282 0.92923 0.92923 0.92923 1.2543 1.2543 1.2543 1.2543 1.2543 1.2543 1.2543 1.2543 1.2543 0.92999 0.92741
0.93862 0.93862 0.91696 0.91696 0.93181 0.95033 0.95033 0.95033 0.94813 0.77654 0.83807 0.75438 0.73542 0.73542 0.74864 0.79293 0.90947 0.90947 0.90947 0.97751 0.97751 0.93897 0.94041 0.98995 0.96855 0.95734 0.95169 0.95657 0.96086 0.96086 0.96086 0.96086 0.98649 0.98649 0.98649 0.96770 0.94562 0.95915 0.95915 0.95915 0.95915 0.99042 0.99042 0.99604 0.99604 0.99604 1.2539 1.2539 1.2539 1.2539 1.2539 0.95811 0.90755 0.90755 0.90755 0.92924 1.2543 1.2543 1.2543 1.2543 1.2543 1.2543 1.2543 1.2543 1.2543 1.2543 0.94151
0.94610 0.84231 0.95337 0.93173 0.93906 0.97214 0.95034 0.95034 0.89767 1.1062 0.99590 1.0919 1.1062 1.1062 0.75562 0.96768 0.94757 0.95400 0.93897 0.93897 0.93897 0.93897 0.89976 0.96856 0.95822 0.95743 0.95205 0.96086 0.96086 0.96086 0.96086 0.96640 0.96640 0.96640 0.89460 0.91157 0.91157 0.95915 0.95915 0.95915 0.95915 0.95915 0.99604 1.0014 0.99604 1.2517 1.2539 1.2539 1.2539 1.2539 1.2539 0.95812 0.95812 0.92924 0.92924 0.94420 1.2543 1.2543 1.2543 1.2543 1.2543 1.2543 1.2543 1.2543 1.2543 1.2543 0.95187
0.94610 0.84232 0.95338 0.93174 0.95288 0.96933 0.97214 0.97214 1.1267 1.1267 1.1032 1.1267 1.1267 1.1267 1.0485 1.0361 1.0340 0.96115 0.95661 0.93898 0.93898 0.79293 0.96856 0.94474 0.94989 0.95102 0.95502 0.96095 0.96087 0.96087 0.96087 0.96640 0.96087 0.94447 0.89461 0.92009 0.92009 0.95916 0.95916 0.95916 0.95916 0.99605 0.99605 0.99605 0.99605 1.0420 1.2539 1.2539 1.2539 1.2539 1.2539 0.95812 0.87341 0.92924 0.94421 0.94421 0.92742 0.91841 1.2543 1.2543 1.2543 1.2543 1.2543 1.2543 1.2543 1.2543 1.2543
0.96554 0.96554 0.96554 0.96933 0.97215 0.92597 0.93107 0.77537 0.76595 0.75528 1.1032 1.1447 1.0939 0.97049 0.97376 0.97376 0.97376 0.97135 0.98571 0.95763 0.95763 0.95763 0.95399 0.96175 0.96636 0.97490 0.97866 0.98560 0.98590 0.87856 0.96087 0.96087 0.96087 0.92034 0.94409 0.92010 0.92010 0.95916 0.95916 0.95916 0.99605 0.99605 0.99605 0.99605 0.99605 0.99605 0.95279 1.2539 1.2539 1.2539 1.2539 0.95406 0.88627 0.94421 0.94421 0.94421 0.92743 0.92743 0.96616 0.98855 1.0062 1.2543 1.2543 1.2543 1.2543 1.2543 1.2543
0.96554 0.96554 0.95338 0.96933 0.97215 0.92206 0.86043 0.76945 0.76308 0.75528 1.1033 1.0939 1.0939 0.97049 0.97376 0.97376 0.97376 0.97376 0.97376 0.95581 0.95764 0.95764 0.95729 0.97449 0.96604 0.97101 0.97490 0.98435 0.98534 0.98520 0.98576 0.98998 0.94790 0.94790 0.94790 0.95067 0.95067 0.91373 0.99052 0.99052 1.0280 1.0280 0.99605 0.99605 0.99605 0.98501 0.93878 0.95279 1.2539 1.2539 0.95406 0.95406 0.88627 0.94421 0.94421 0.94421 0.92743 0.92743 0.92743 0.99388 1.0185 1.0185 1.2543 1.2543 1.2543 0.91841 0.93138
0.95339 0.95339 0.95339 1.0067 1.0198 0.86043 0.84996 0.84996 0.84996 0.75528 1.1033 1.0939 1.0939 0.95362 0.95764 0.95764 0.95764 0.95764 0.95582 0.95764 0.95764 0.95764 0.93055 0.95343 0.96151 0.96650 0.97053 0.98147 0.98365 0.98282 0.97945 0.97335 0.94790 0.94790 0.94790 0.95068 0.95068 1.0072 0.99053 0.99053 0.99053 1.0280 1.0280 1.0280 1.0280 1.0030 1.0030 0.97947 0.97947 0.96832 0.96832 0.96832 0.89446 0.93711 0.94422 0.94422 0.92743 0.92743 0.92743 0.90638 0.92743 0.92549 1.2544 1.2544 0.92549 0.91126 0.93138
0.96555 0.96247 0.94540 0.95290 1.0323 0.85182 0.95500 0.95500 0.95500 0.84996 1.1268 1.0853 1.0853 0.95283 0.80856 0.90509 0.95582 0.95764 0.95764 0.95764 0.95764 0.95764 0.86384 0.94916 0.95736 0.96229 0.96627 0.96884 0.97002 0.96990 0.96852 0.96369 0.94791 0.94791 0.94791 0.95068 0.95068 1.0073 0.99053 0.99053 0.99053 1.0185 1.0240 1.0054 1.0280 1.0030 1.0030 0.97947 0.97947 1.0243 0.96832 0.96832 0.91681 0.93712 0.95274 0.95274 0.93155 0.93155 0.93155 0.91133 0.91133 0.93155 0.93155 0.93155 0.93155 0.92963 0.91300
0.96556 1.0236 1.0236 0.97565 0.96935 0.95363 0.97216 1.0323 1.0323 1.0323 1.0393 1.1125 1.2548 1.2548 0.91787 0.81002 0.86384 0.95765 0.95765 0.95765 0.95765 0.95765 0.95765 0.94632 0.95448 0.95923 0.96297 0.96522 0.96610 0.96585 0.96466 0.95585 0.95078 0.94791 0.94791 0.94905 0.94905 1.0073 0.99054 0.99054 0.99054 0.97736 0.97969 0.98039 0.98106 0.99680 1.0030 1.0030 1.0030 1.0030 0.96832 0.96832 0.96832 0.93712 0.95274 0.95274 0.93156 0.93156 0.93156 0.91133 0.91133 0.91133 0.91133 0.93156 0.93156 0.93156 0.90896
0.96556 1.0236 1.0236 0.99213 0.96935 0.97217 0.97217 1.0323 1.0323 1.0323 1.1125 1.1125 1.1033 0.91446 0.95583 0.95765 0.92931 0.92778 0.92846 0.95765 0.95765 0.95765 0.95765 0.86385 0.93827 0.95771 0.96112 0.96293 0.96340 0.96294 0.96192 0.95097 0.94914 0.94942 0.95058 0.97502 0.92805 0.99054 0.99054 0.99054 0.99054 0.97680 0.86694 0.86449 0.98106 1.0030 1.0030 1.0030 1.0030 1.0030 0.96833 0.96833 0.96833 1.0614 0.94303 0.95275 0.93156 0.93156 0.93156 0.91134 0.93156 0.91134 0.93156 0.93156 0.93156 0.93156 0.93138
0.96556 1.0236 1.0236 0.96936 0.97217 0.97217 0.97217 0.97217 0.97217 1.0198 1.2548 1.1033 1.1033 0.95583 0.95583 0.95583 0.94818 0.92846 0.95766 0.95766 0.95766 0.95766 0.95766 0.95766 0.93360 0.97524 0.97882 0.98045 0.96269 0.96208 0.96131 0.95023 0.95028 0.95331 0.95741 0.96946 0.97556 0.98277 0.99055 0.99055 0.99230 0.86901 0.86763 0.86510 0.86201 1.0030 0.99680 1.0030 1.0030 1.0030 0.97948 0.96833 0.96833 1.0985 1.0387 0.95275 0.93156 0.93156 0.93156 0.93156 0.93156 0.93156 0.93156 0.93156 0.93156 0.93156 0.93138
0.96557 1.0338 0.96248 0.97218 0.96080 1.2548 1.2548 1.2548 0.97218 0.96936 1.2548 1.2548 1.0393 0.95584 0.95584 0.95584 0.95584 0.95766 0.97379 0.95766 0.95766 0.95766 0.95766 0.97379 0.95416 0.96007 0.96320 0.98272 0.96466 0.96414 0.96371 0.96393 0.96497 0.96684 0.97832 0.98181 0.98554 0.99073 0.99279 0.99336 0.99383 0.86900 0.86802 0.86675 0.86330 1.0030 1.0030 1.0030 1.0030 1.0030 1.0030 0.95181 0.96833 1.0985 1.1558 1.0104 0.93157 0.93157 0.93157 0.93157 0.93157 0.93157 0.91536 0.93157 0.93157 0.93157 0.93330
1.0154 1.0154 0.95341 1.2548 1.2548 1.2548 1.2548 0.96080 0.96080 1.2548 1.2548 1.1033 1.0393 0.95584 0.95584 0.97538 1.2536 0.95584 0.95767 0.95767 0.95767 0.95767 0.95767 0.97379 0.97659 0.98236 0.96746 0.98751 0.96955 0.96941 0.96940 0.97010 0.97154 0.97354 0.98508 0.98803 0.99100 0.99883 0.99891 0.99809 0.99730 0.86871 0.86815 0.86714 0.86514 1.0030 1.0030 1.0030 1.0030 1.0030 1.0030 0.95245 0.74974 0.98400 1.1558 1.0192 0.98855 0.92965 0.93157 0.91634 0.93157 0.93048 0.91422 0.91536 0.93157 0.93157 0.93330
0.99641 1.0150 0.96483 1.2572 1.2572 1.2572 1.2572 1.2572 1.2572 1.1235 1.1235 1.0471 1.0393 0.95585 0.97380 0.97380 1.2536 1.2536 0.95585 0.95585 0.97539 0.95767 0.95767 0.97380 0.97660 1.0311 0.87988 0.97531 0.97621 0.97653 0.97689 0.97777 0.97901 0.98054 0.99232 1.0028 1.0054 1.0036 1.0032 0.99840 0.99809 0.86825 0.86809 0.86737 0.97948 1.0030 1.0030 1.0030 1.0030 1.0030 1.0030 0.95245 0.95245 0.98400 1.1558 1.0443 1.0443 1.0745 1.1453 1.1453 1.2499 1.1453 1.0451 0.93158 0.93158 0.93158 1.0762
0.99642 0.99642 0.96483 0.96779 1.2572 1.2572 1.2572 1.2572 1.2572 1.1235 1.0564 1.0825 1.0825 0.98018 0.96789 1.0961 1.2525 1.2525 0.95110 0.95110 0.95110 0.95110 0.95110 0.96788 1.0079 1.0079 1.0079 0.88124 0.98260 0.98311 0.98351 0.98414 0.98500 0.98590 0.99828 1.0054 1.0054 1.0054 1.0049 1.0003 0.86714 0.86773 0.86793 0.86751 0.97924 1.0030 1.0030 1.0030 0.97950 0.97950 0.83913 0.95245 0.95245 0.95182 0.96834 0.73408 1.0468 0.73408 1.1453 1.2499 1.2499 1.1453 0.96774 0.99277 0.91635 1.0346 1.0326
1.0296 1.0255 0.99642 0.99787 0.99787 0.98951 1.2572 1.2572 1.2572 1.0623 1.0825 0.96006 1.0237 1.0961 1.0961 1.0961 1.2525 1.2525 0.95110 0.95110 0.95110 0.95110 0.95110 0.95886 1.0068 1.0025 1.0065 1.0278 0.87179 0.98785 0.98820 0.98858 0.98902 0.98951 0.99340 1.0233 1.0280 1.0280 1.0280 1.0049 0.86385 0.86726 0.86776 0.86761 0.86656 0.97653 1.2499 1.2499 1.2499 0.95182 0.95246 0.95246 0.95246 0.95246 0.74974 0.90109 0.90109 0.90109 0.72735 1.2499 1.2499 0.96775 0.96521 0.90839 1.1094 1.0684 1.0639
1.0297 1.0255 1.0296 1.0296 0.99788 0.99788 1.2572 1.2572 1.2572 1.0623 0.95220 1.0238 1.0238 1.0961 1.0961 1.0961 1.2525 1.2525 0.95111 0.96789 0.96789 0.95111 0.95111 0.95886 1.0006 1.0070 1.0326 1.0101 0.98956 0.87012 0.99223 0.99229 0.99234 0.99238 0.99599 1.0236 1.0234 0.97540 0.97540 0.85402 0.85586 0.85938 0.86015 0.86024 0.85936 0.98714 1.2451 1.2451 0.97951 1.0031 0.95246 0.95526 0.95246 0.95246 0.79265 0.88353 0.98530 0.77268 0.73025 0.72712 0.73408 0.73408 0.77268 0.87550 0.77268 0.77268 1.1413
1.0256 1.0256 1.0296 1.0296 0.97968 0.96780 0.96445 1.2572 1.2572 1.2572 0.95220 1.0441 0.94886 0.98019 1.0961 1.1889 1.2525 1.2525 1.2525 0.96790 0.96790 0.95111 0.95111 0.96609 0.87413 1.0058 1.0094 1.0172 0.99879 0.87202 0.99255 0.99497 0.99462 0.99425 0.99760 0.99757 0.99721 0.97541 0.97541 0.85403 0.85588 0.85756 0.86501 0.78326 0.86701 0.98083 0.99410 0.97602 0.97602 1.0195 0.97602 0.97602 0.97602 0.97602 0.77948 0.75984 0.75984 0.95072 0.88329 0.72703 0.72785 0.72703 0.75278 0.90879 0.75278 0.76989 0.90306
1.0304 1.0256 1.0296 1.0296 0.92605 0.96781 0.96781 0.94753 1.2572 1.2572 1.2572 1.0203 0.95221 1.0502 0.96502 1.1084 1.2525 1.2525 1.2525 1.2525 1.0961 0.95112 0.95112 0.96610 0.96610 0.87202 1.0122 1.0517 1.0315 1.0501 0.96610 0.97019 0.99601 0.99348 0.99711 1.0407 0.85403 1.0507 1.0507 1.0443 1.0352 0.99295 1.0169 0.92128 0.80875 1.0201 1.0464 1.0464 1.0464 0.97602 1.0464 0.99411 1.0370 1.0464 1.0400 1.0216 1.0216 1.0216 1.0409 0.98373 0.82751 0.98053 1.0022 0.93273 0.95471 0.99075 0.91012
1.0101 1.0256 1.0296 1.0296 0.96781 0.96781 0.94733 1.2572 0.94299 0.93327 1.2572 1.0627 1.0471 0.96502 0.95454 1.1084 1.1084 1.1513 1.2526 1.2526 1.2526 0.95112 0.95887 0.96610 0.96610 0.96610 0.96610 1.2496 1.2496 1.2496 1.0368 0.78238 0.97457 0.86875 0.97541 0.99712 0.99712 1.0507 1.0443 1.0443 1.0407 1.0507 1.0443 1.0443 0.95790 0.97313 1.0465 1.0465 1.0465 1.0465 1.0465 1.0370 1.0370 1.0465 1.0400 1.0216 1.0280 1.0280 1.0972 1.1523 1.1523 0.99305 1.1182 1.0424 1.0424 1.0152 0.97677
1.0256 1.0256 1.0296 1.0296 1.0296 0.96782 0.94887 0.95566 0.95566 1.2572 1.2572 1.2572 1.0835 0.96503 0.96503 1.1437 1.0617 1.0617 1.2526 1.2526 1.2526 0.92015 0.95888 0.96610 0.96610 0.96610 1.2496 1.2496 1.2496 1.2496 1.2496 0.97458 0.77320 1.0005 0.85403 0.85403 1.0045 1.0443 1.0443 1.0498 1.0407 1.0507 1.0443 1.0443 0.95790 1.0400 1.0465 1.0465 1.2452 1.0465 1.0465 1.0416 1.0371 1.0465 1.0400 1.0216 1.0280 1.0280 1.1523 1.1523 1.1523 1.1523 1.1523 1.1523 1.0424 1.0152 1.2477
1.0256 1.0256 1.0296 1.0296 0.94754 0.94754 0.96782 0.96782 1.2572 1.2572 1.2572 1.0471 0.96632 0.95378 1.0434 1.1503 1.1084 0.97422 0.97422 1.2526 1.0527 0.95888 0.95888 0.96611 0.96611 0.96611 1.2496 1.2496 1.2496 1.2496 1.2496 1.2496 1.0368 0.96611 0.99713 0.85404 0.84809 1.0507 1.0507 1.0407 1.0407 1.0507 1.0507 1.0443 1.0400 1.0400 1.0400 1.0400 1.0347 1.2452 1.0371 1.0371 1.0371 1.0465 1.0400 1.0216 1.0280 1.0280 1.1523 1.1523 1.1523 1.1523 1.1523 1.1523 1.0358 1.2477 1.2477
1.0256 1.0256 1.0296 1.0296 0.94755 0.96782 0.96782 0.96782 1.2572 1.2572 1.2572 1.0609 0.95455 0.95378 0.94901 1.1503 0.95829 0.96983 0.98021 1.1503 1.0885 0.95888 0.95888 0.96611 0.96611 0.96611 1.2497 1.2497 1.2497 1.2497 1.2497 1.2497 1.0387 1.0368 0.97249 0.99713 0.99713 1.0508 1.0508 1.0407 1.0407 1.0508 1.0508 1.0443 1.0400 1.0400 1.0400 1.0400 1.0465 1.2452 1.0371 1.0465 1.0465 1.0400 1.0400 1.0280 1.0280 0.97593 1.0168 1.1523 1.1523 1.1523 1.1523 1.1523 1.1589 1.2477 1.2477
1.0234 1.0234 1.0221 1.0221 1.0221 0.95968 0.96783 0.96783 1.2572 1.2572 1.2572 1.2572 1.0656 0.95379 0.94902 0.94902 0.96667 0.98021 0.98021 1.0603 0.96007 0.95889 0.95889 0.96612 0.96612 0.96612 1.2497 1.2497 1.2497 1.2497 1.2497 1.2497 1.2497 1.0352 0.85758 0.99297 0.99713 1.0508 1.0407 1.0407 1.0508 1.0508 1.0508 1.0443 1.0400 1.0400 1.0371 1.0400 1.0400 1.0465 1.2452 1.2452 1.0371 1.1014 1.0216 1.0280 1.0280 0.97593 1.0280 1.0216 1.0598 1.0854 1.1523 1.1523 0.95871 1.2477 1.2477
0.99515 1.0234 1.0221 1.0221 1.0157 0.95615 0.95968 0.95968 1.2534 1.2534 1.2534 1.2534 1.2522 1.2522 0.93060 0.93839 0.96513 0.97336 0.96984 0.98752 0.96482 0.95889 0.95889 0.96612 0.96612 0.96612 1.2497 1.2497 1.2497 1.2497 1.2497 1.2497 1.2497 1.1412 1.0352 0.85758 1.0608 1.0508 1.0407 1.0407 1.0407 1.0407 1.0407 1.0443 1.0400 1.0400 1.0371 1.0400 1.0400 1.0553 1.0617 1.2452 1.0371 1.0400 1.0216 1.0216 1.0216 1.0280 1.0280 1.0216 1.0216 1.0235 0.95871 0.95871 0.95871 0.93200 1.2477
