test/test_data/tcaap/monthly_variance_over_all_Jun__actual_et__2015-01-01_to_2019-12-31__180_by_260__inches.asc
NCOLS        180
NROWS        260
XLLCORNER     476375.000
YLLCORNER    4970875.000
CELLSIZE        100.000
NODATA_VALUE -9999.
[rows 210 to 239 of 260, columns 67 to 133 of 180]
0.96507 0.96507 0.94063 0.96507 0.96507 0.96507 0.96507 0.96507 0.97030 1.4513 1.4474 1.4474 1.0255 1.0164 1.0164 1.0164 1.0202 0.98802 1.0164 1.0164 1.0218 1.0218 1.0218 1.0218 1.0218 1.0218 1.0218 1.0418 1.0418 1.0418 1.0187 1.0324 1.0324 1.0324 1.0407 0.91072 0.91072 0.93117 0.93117 0.93117 0.93117 1.0339 1.0348 1.0348 1.0348 1.0348 1.0348 1.0321 1.0321 1.0321 0.89620 1.0246 1.0279 1.0279 1.0279 1.0195 0.96336 1.0195 1.0279 1.0279 1.0279 1.0279 1.0279 1.0381 1.0381 1.0381 1.0381
0.96507 0.96507 0.94063 0.96507 0.96507 0.96507 0.96507 0.96507 0.96507 1.4513 1.4474 1.4474 1.0188 1.0164 1.0164 1.0164 0.93808 0.98802 1.0164 1.0164 1.0218 0.94449 0.94449 1.0218 1.0218 1.0218 1.0418 1.0418 1.0418 1.0418 1.0100 1.0324 1.0324 1.0324 1.0543 0.97897 0.91072 0.93117 0.93117 0.93117 1.0339 1.0348 1.0348 1.0348 1.0348 1.0348 1.0348 1.0348 1.0321 1.0321 0.89620 1.0246 1.0279 1.0279 1.0279 1.0279 1.0279 1.0195 1.0279 1.0279 1.0279 1.0279 1.0381 1.0381 1.0381 1.0381 1.0381
0.96507 0.94063 0.96507 0.96507 0.96507 0.96507 0.96507 0.96507 0.96507 1.1455 1.4474 1.4474 1.4474 1.0164 1.0164 1.0164 0.91512 0.91637 1.0164 1.0164 1.0218 0.94449 0.94449 1.0097 1.0418 0.96267 1.0418 1.0418 1.0270 0.96267 1.0270 1.0543 1.0324 1.0626 1.0543 1.0543 0.93117 0.91072 0.91072 1.0232 1.0339 1.0348 1.0348 1.0246 1.0348 0.96477 1.0348 1.0348 1.0081 1.0321 1.0081 0.96477 1.0279 1.0279 1.0279 1.0279 1.0279 1.0279 1.0279 1.0279 1.0195 1.0195 1.0315 1.0315 1.0381 1.0121 1.0121
0.96507 0.96507 0.96507 0.96507 0.96507 0.94063 0.77967 0.94063 0.94063 1.1455 1.4474 1.4474 1.4474 1.0164 1.0164 1.0164 0.91512 0.91888 1.0164 1.0164 1.0218 1.0218 1.0418 1.0418 1.0418 1.0418 1.0418 1.0418 1.0418 1.0418 1.0418 1.0543 1.0543 1.0543 1.0543 1.0543 1.0543 0.88139 1.0339 1.0339 1.0339 1.0348 1.0348 1.0348 1.0348 1.0348 1.0348 1.0348 1.0321 1.0321 1.0081 1.0246 1.0279 1.0279 1.0279 1.0279 1.0031 0.94562 0.94562 0.94562 0.94562 0.94354 1.0484 1.1670 1.0224 0.96265 1.0151
0.96133 0.96133 0.96133 0.96133 0.96133 0.93516 0.90065 0.93516 0.93516 1.4513 1.4474 1.4474 1.0026 0.99377 1.0164 1.0164 0.91512 1.0164 1.0164 1.0164 1.0218 1.0218 1.0418 1.0418 1.0418 0.96267 0.96267 0.96267 1.0418 1.0418 1.0418 1.0543 1.0543 1.0543 1.0543 1.0543 1.0543 1.0232 1.0339 1.0324 1.0324 1.0348 1.0348 1.0348 1.0348 1.0348 1.0348 1.0348 1.0348 1.0348 1.0348 1.0246 0.90669 0.79413 0.95944 0.95944 0.92549 0.94562 0.94562 0.94562 0.79413 0.79413 0.86031 0.86031 0.86031 0.86031 0.86031
1.0597 0.96133 0.96133 0.96133 0.96133 0.96133 0.95755 0.94514 0.96133 1.4508 1.4487 1.4487 1.4487 1.0026 1.0145 1.0145 0.91222 0.99190 1.0145 1.0145 1.0330 1.0218 1.0218 1.0218 1.0218 1.0218 0.94449 1.0218 1.0418 1.0418 1.0418 1.0543 1.0543 1.0543 1.0543 1.0543 1.0543 1.0543 1.0339 1.0324 1.0626 1.0348 1.0348 1.0348 1.0348 0.96477 0.96477 0.96477 1.0348 1.0348 1.0246 1.0246 1.0195 0.93532 0.79413 0.79413 0.79413 0.79413 0.79413 0.79413 0.80248 0.81182 0.86031 0.86031 1.0560 1.0560 1.0560
1.0452 0.93416 0.96133 0.96133 0.96133 0.96133 0.95755 0.94514 0.94514 0.95541 1.4487 1.4487 1.4487 1.0026 1.0145 1.0145 0.91222 0.99190 1.0145 1.0145 1.0330 1.0330 1.0330 1.0330 1.0330 1.0330 1.0330 1.0330 1.0330 1.0537 1.0536 1.0334 1.0339 1.0339 1.0543 1.0543 1.0543 1.0484 1.0324 1.0324 1.0626 1.0348 1.0348 1.0348 1.0348 1.0348 1.0348 1.0348 1.0348 1.0348 1.0348 1.0348 1.0279 1.0279 1.0279 0.79413 0.79413 0.79413 0.92549 0.92549 0.93350 0.92304 0.86031 1.0560 1.0151 1.0151 1.0560
1.0452 1.0452 0.96133 0.96133 0.96133 0.96133 0.96133 0.93416 0.95755 0.96695 1.4487 1.4487 1.4487 1.0026 1.0145 1.0145 0.99190 0.99190 1.0145 1.0145 1.0330 1.0330 1.0330 1.0330 1.0330 1.0330 1.0330 1.0330 1.0330 1.0330 1.0334 1.0334 1.0334 1.0334 1.0334 1.0536 1.0628 0.99971 1.0324 1.0324 1.0334 1.0427 1.0427 1.0427 1.0348 1.0348 1.0348 1.0348 1.0348 1.0348 1.0348 1.0279 1.0279 1.0279 1.0279 0.79413 0.79413 0.92549 0.92549 0.92549 0.93004 0.95175 1.0560 1.0560 1.0151 1.0151 1.0560
1.0452 1.0452 1.0452 0.96133 0.96133 0.96133 0.96133 0.96133 0.96133 0.96695 1.4487 1.4487 1.4487 1.4487 1.0145 1.0145 0.99190 1.0145 1.0145 1.0145 1.0330 1.0330 1.0330 1.0330 1.0330 1.0330 1.0330 1.0330 1.0330 1.0330 1.0334 1.0334 1.0334 1.0222 1.0222 1.0334 1.0334 1.0324 1.0324 1.0334 1.0334 1.0427 1.0427 1.0427 1.0427 1.0427 1.0427 1.0427 1.0427 1.0427 1.0427 1.0272 1.0272 1.0272 1.0272 0.77773 0.79413 0.92549 0.92549 0.92626 0.92891 0.92549 0.91251 1.0797 1.0560 1.0560 1.0560
1.0452 1.0452 1.0452 0.96133 0.96133 0.93516 0.96133 0.96133 0.96133 0.96886 1.4487 1.4487 1.4487 1.4487 0.99110 1.0145 1.0145 1.0145 1.0145 1.0145 1.0330 1.0330 1.0330 1.0330 1.0330 1.0330 1.0330 1.0330 1.0330 1.0330 1.0334 1.0334 1.0334 1.0334 1.0334 1.0334 1.0334 0.88294 1.0201 1.0334 1.0334 1.0427 1.0427 1.0427 1.0427 1.0427 1.0427 1.0427 1.0427 1.0427 1.0346 1.0272 1.0272 1.0272 0.95565 0.77773 0.92124 0.92693 0.92590 0.92697 0.92765 0.92124 0.91609 1.0535 1.0260 1.0260 1.0260
1.0452 0.88850 1.0224 0.93416 0.96133 0.93516 0.93516 0.93516 0.93516 0.96886 1.4487 1.4487 1.4487 1.4487 0.99110 1.0145 0.99190 1.0145 1.0145 1.0145 1.0330 0.96699 0.96699 0.96699 0.96699 0.96699 0.96699 0.96699 0.96699 0.96699 0.96236 0.96236 0.96236 1.0222 1.0222 0.96236 0.96236 1.0222 0.96236 0.96236 1.0222 1.0346 1.0346 0.97811 0.97811 1.0346 0.97811 1.0427 1.0427 0.97811 0.97811 1.0272 1.0183 1.0183 0.95565 0.83144 0.92124 0.89674 0.93608 0.78440 0.93816 0.90371 0.91609 0.92360 0.88773 0.83492 1.0260
1.0452 0.88850 1.0452 1.0452 1.0631 0.93516 0.93516 0.93516 0.93516 1.4487 1.4487 1.4487 1.4487 1.1577 1.0145 1.0145 0.99190 1.0145 1.0145 1.0145 1.0330 0.96699 0.96699 0.96699 0.96699 0.96699 0.96699 0.83551 0.83551 1.0378 0.98468 0.97819 0.96236 1.0334 1.0334 1.0334 1.0334 0.82177 0.94874 1.0334 0.96236 0.97811 0.97811 0.97811 0.97811 1.0427 1.0427 1.0427 1.0427 1.0427 1.0427 1.0021 0.98515 0.97476 0.84924 0.84038 0.93741 0.94335 0.97141 0.97743 0.96569 0.96291 0.96668 0.98399 1.0405 1.0260 0.98544
1.0452 1.0452 1.0452 1.0452 0.96133 0.95917 0.95917 0.95917 0.96704 1.4487 1.4487 1.4487 1.4487 1.0223 1.0145 1.0145 0.99190 1.0145 1.0145 1.0330 1.0330 0.96699 0.87591 0.96699 0.96699 0.96699 0.96699 0.83551 0.83551 1.0378 0.84338 0.97818 0.97818 1.0334 1.0334 1.0334 1.0334 0.82177 0.94874 0.94874 0.97811 0.97811 0.97811 0.97811 0.97811 1.0427 1.0427 1.0427 1.0427 1.0427 1.0427 1.0272 1.0272 0.91828 0.82556 0.93348 0.94669 0.96780 0.98396 0.98857 0.99933 0.99765 0.99223 1.0140 1.0151 0.83492 1.0260
1.0452 1.0452 1.0452 1.0452 0.96133 0.95917 0.95917 0.96704 1.1406 1.4487 1.4487 1.4487 1.4487 1.0145 1.0145 1.0145 1.0145 1.0145 1.0145 1.0330 1.0330 0.96699 0.96699 0.96699 0.96699 0.96699 0.96699 0.83551 0.83551 1.0378 0.84338 0.98468 0.96236 1.0334 1.0334 1.0334 1.0334 1.0370 0.94874 0.94874 1.0427 1.0427 0.97811 0.97811 0.97811 1.0427 1.0427 1.0427 1.0423 1.0423 1.0427 1.0272 1.0272 0.91753 0.90325 0.83896 0.80545 0.86249 1.0225 1.0340 1.0375 1.0288 1.0405 1.0405 0.97084 0.83492 1.0260
1.0497 1.0497 1.0497 1.0452 0.93416 0.96133 0.96133 0.96133 1.1406 1.4487 1.4487 1.4487 1.4487 0.94674 0.94674 0.99190 1.0145 1.0145 1.0145 1.0330 1.0330 0.96699 0.88245 0.99822 0.96699 0.97928 0.83551 0.83551 0.83551 1.0377 1.0324 1.0536 1.0334 1.0334 1.0334 1.0334 1.0334 1.0081 0.94874 0.94874 1.0427 1.0427 1.0427 1.0427 1.0427 1.0427 1.0427 1.0422 1.0422 1.0427 1.0427 1.0272 0.91828 0.91828 0.91828 0.96867 1.0092 1.0147 1.0497 1.0497 1.0497 1.0260 1.0260 0.98544 1.0260 1.0260 0.98544
1.0497 1.0497 1.0497 1.0497 0.96606 0.96606 0.96606 0.96606 1.1454 1.4495 1.4495 1.4495 1.4495 1.0039 0.94674 0.99190 1.0145 1.0145 1.0145 1.0330 1.0330 1.0330 1.0377 1.0377 1.0410 1.0410 1.0506 1.0377 1.0377 1.0377 1.0536 1.0536 1.0334 1.0334 1.0334 1.0334 1.0334 0.97443 0.94874 0.94874 1.0427 1.0427 1.0427 1.0427 1.0427 1.0346 1.0422 1.0422 1.0422 1.0427 1.0427 1.0272 0.90252 0.91828 1.0628 1.0628 1.0628 1.0628 1.0377 1.0377 1.0377 1.0260 0.98544 0.98544 1.0260 1.0260 1.0260
1.0497 1.0497 1.0497 1.0497 0.96606 0.96606 0.96606 0.96606 1.4508 1.4495 1.4495 1.4495 1.4495 1.0122 1.0122 0.99005 1.0122 1.0039 1.0122 1.0306 1.0306 0.96528 0.83188 0.83188 1.0512 1.0385 1.0410 1.0410 1.0537 1.0537 1.0536 1.0536 1.0536 1.0334 1.0334 1.0334 1.0334 1.0222 0.94874 0.94874 0.95837 1.0427 1.0427 1.0427 1.0427 1.0422 1.0422 1.0422 1.0427 1.0427 1.0427 1.0272 0.90252 0.91828 1.0377 1.0628 1.0377 1.0377 1.0377 1.0377 1.0377 1.0260 1.0260 1.0260 1.0260 1.0260 1.0260
1.0497 1.0497 1.0497 1.0497 0.96606 0.96606 0.96606 0.96606 1.4508 1.4495 1.4495 1.4495 1.0039 1.0122 1.0122 0.99005 1.0122 1.0122 1.0122 1.0306 1.0306 0.96528 1.0609 1.0512 1.0512 1.0512 1.0512 1.0512 1.0512 1.0512 1.0681 1.0681 1.0681 1.0681 1.0467 1.0467 1.0467 0.97680 0.96236 0.94490 1.0427 1.0427 1.0427 1.0427 1.0427 1.0422 1.0427 1.0427 1.0427 1.0427 1.0427 1.0272 0.90252 0.91828 1.0377 1.0377 1.0377 1.0377 1.0377 1.0377 0.84418 1.0260 1.0260 1.0260 1.0260 1.0260 1.0260
1.0633 1.0497 1.0497 1.0497 0.96606 0.96420 0.96420 0.97331 0.97236 1.4495 1.4495 1.4495 1.0039 0.95475 0.96443 0.89166 0.99005 1.0122 1.0122 1.0306 1.0306 0.98700 1.0609 1.0512 1.0512 1.0512 1.0512 1.0512 1.0512 1.0681 1.0681 1.0681 1.0681 1.0681 1.0467 1.0467 1.0467 0.97680 0.97680 1.0567 1.0522 1.0475 1.0475 1.0522 1.0522 1.0411 1.0411 1.0411 1.0411 1.0411 1.0427 1.0272 0.91828 1.0377 1.0377 1.0377 1.0377 1.0377 1.0377 0.84418 0.84418 0.97084 0.98543 0.98543 0.98543 0.83491 0.88772
1.0633 1.0497 1.0497 1.0497 1.0648 0.96420 0.97331 0.95928 0.95750 1.4495 1.4495 1.4495 0.95884 0.94238 0.92869 0.91165 0.89166 0.90121 1.0022 1.0176 0.89335 0.98700 1.0609 1.0512 1.0512 1.0512 1.0512 1.0306 1.0306 1.0467 1.0681 1.0681 1.0681 1.0681 1.0681 1.0467 1.0467 0.97679 0.94384 1.1002 1.0979 1.0979 1.1925 1.0891 1.0979 1.0047 0.97153 1.0411 1.0411 1.0411 1.0265 0.91354 1.0345 1.0345 1.0345 1.0345 1.0345 1.0345 1.0345 1.0208 1.0066 0.99083 1.0107 0.99663 1.0013 0.88772 1.4427
1.0497 1.0497 1.0497 1.0671 0.97331 0.97331 0.95928 0.95928 0.83326 1.4495 1.4495 1.4495 0.94533 0.93258 0.92401 0.90732 0.93473 0.94798 0.85645 0.87542 0.89335 0.88503 0.89335 0.88692 0.88692 1.0405 1.0306 1.0306 1.0306 1.0467 1.0681 0.99429 1.0681 1.0681 1.0467 1.0373 1.0373 0.97679 0.90365 1.1002 1.0979 1.0963 1.1925 1.1925 1.0979 1.0411 1.0411 1.0411 1.0411 1.0411 1.0265 0.91354 1.0345 1.0345 1.0345 1.0345 1.0345 0.83263 0.88782 0.88434 0.88044 0.86826 0.99604 0.86938 0.88057 1.4510 1.4510
1.0270 1.0270 0.96420 0.97331 1.1454 1.0220 0.95928 0.97246 0.90476 1.4495 1.4495 1.4495 0.94533 0.95060 0.95394 0.95707 0.96040 0.98975 0.94522 0.87444 0.99880 0.88115 0.88094 0.87444 1.0196 1.0306 1.0306 1.0306 1.0306 1.0467 1.0467 1.0681 1.0681 1.0681 1.0467 1.0467 1.0467 0.97679 0.90365 1.0513 1.0979 1.1048 1.0963 1.0963 1.1925 1.0411 1.0411 1.0411 1.0411 1.0411 1.0361 0.92097 1.0345 1.0345 1.0345 0.83263 1.0345 0.99005 1.0186 1.0133 0.87879 1.0108 1.0083 1.0336 1.0431 1.4510 1.4510
1.0132 1.0497 0.94995 1.0526 0.97331 1.0220 0.95928 0.95928 0.90476 1.4495 1.4495 0.84442 0.94533 0.95313 0.95772 0.96201 0.96567 0.99243 0.98975 0.96528 0.99880 0.99880 1.0176 1.0306 1.0068 1.0350 1.0306 1.0306 1.0306 1.0467 1.0467 1.0681 1.0681 1.0681 1.0467 1.0467 1.0467 1.0567 1.0567 1.1002 1.0979 1.0979 1.0979 1.0963 1.0963 1.0411 1.0411 1.0411 1.0411 1.0411 0.90183 0.91354 1.0345 1.0345 1.0345 0.88782 0.97548 0.97548 1.0679 1.0118 1.0108 1.0045 0.99883 0.82304 1.4510 1.4510 1.4510
1.0270 0.96420 1.1079 1.0866 1.1031 1.1490 0.95928 1.0866 0.77465 0.83325 1.4495 1.4495 0.84442 0.97423 0.98480 0.96706 0.97106 1.0050 0.98975 1.0196 1.0196 1.0196 1.0306 1.0306 0.92668 0.92668 1.0068 1.0306 1.0306 1.0467 1.0467 1.0681 1.0681 1.0681 1.0467 1.0467 1.0467 1.0567 1.1089 1.1002 1.0979 1.0979 1.0979 1.0963 1.0963 1.0411 1.0411 1.0522 1.0522 1.0411 1.0265 0.91354 0.83262 1.0345 0.83262 0.88706 0.88670 0.97548 1.0417 0.87114 0.99407 0.99883 0.82303 1.1922 1.4510 1.4510 1.4510
0.94109 0.96420 0.93084 1.1079 1.1911 1.1490 0.77686 0.77686 0.77465 0.77465 1.4495 1.4495 0.85220 1.0291 0.98658 0.97093 0.97570 1.0183 1.0137 0.98351 1.0196 1.0196 1.0306 1.0306 0.92668 0.92668 1.0350 1.0306 1.0306 1.0467 1.0467 1.0681 1.0681 0.97679 0.97679 1.0467 1.0467 1.0567 1.1089 1.0979 1.0979 1.0979 1.0962 1.0891 1.0979 1.0979 1.0522 1.0411 1.0522 0.94105 0.91354 0.91354 0.83262 0.82494 1.0455 0.88635 0.88458 0.96763 0.87507 0.86910 1.0054 0.82303 1.1922 1.1922 1.4510 1.4510 1.4510
0.96220 0.96220 0.92553 0.91053 1.0982 1.1433 1.1433 0.77213 0.77465 1.4495 1.4495 1.4495 0.84911 0.94533 0.97979 0.97255 0.97810 0.97200 1.0137 1.0877 1.0406 1.0196 1.0196 1.0196 0.90673 0.92668 0.92668 0.92629 1.0306 1.0467 1.0467 1.0681 1.0681 1.0467 1.0467 1.0467 1.0467 1.0567 1.1156 1.0979 1.0979 1.0962 1.0979 1.0979 1.0979 1.0979 1.0522 1.0522 1.0522 0.93360 0.91500 1.0569 0.83262 0.88782 1.0184 0.88070 0.88173 0.87779 0.87274 0.83262 0.82303 1.1922 1.1922 1.1922 1.4510 1.4510 1.2045
0.94664 0.94664 0.94664 0.92553 1.0982 1.0777 1.0777 0.93899 0.93601 0.93601 1.4514 1.4514 0.83628 0.94788 0.99984 0.96662 0.97301 0.97399 0.98877 1.0026 1.0406 1.0196 1.0196 1.0306 0.92668 0.92668 0.92668 0.92668 1.0306 1.0467 1.0467 1.0681 1.0467 0.97679 0.97679 0.97679 0.97679 0.97679 1.0304 1.0112 1.0979 1.1131 1.0979 1.0979 1.0979 1.0979 1.0475 1.0522 0.91850 0.91850 0.92097 1.0345 1.0345 0.88326 0.88627 0.88141 0.88234 0.87969 0.88781 0.83262 1.1922 1.1922 1.1922 1.1922 1.4510 1.4510 1.2045
0.94664 0.94664 0.94664 0.94664 0.92553 0.92787 1.1433 1.1433 0.93601 0.93601 1.4514 0.86774 0.86774 0.88430 0.94061 0.97179 0.86750 0.87561 0.89228 0.83446 1.0026 1.0122 1.0122 1.0225 0.91377 0.91377 0.91377 0.91377 0.91377 0.91228 0.92789 1.0393 1.0467 0.97679 0.97679 0.97679 0.97679 0.97679 0.97679 0.97153 1.0979 1.1131 1.1131 1.0979 1.0979 1.0979 1.0522 0.98572 0.91850 1.0740 1.0345 1.0345 1.0345 0.83261 1.0062 0.88729 0.88606 0.88781 1.1966 1.1966 1.1922 1.1922 1.1922 1.4510 1.4510 1.4510 1.1908
0.94664 0.94664 0.94664 0.94664 0.94497 0.92553 0.93653 0.95558 0.91028 0.99640 1.4514 0.86774 0.86774 0.86774 0.90185 1.0224 1.0224 1.0477 1.0625 1.0347 1.0625 1.0122 1.0225 1.0225 0.99945 0.91377 0.91377 0.93789 0.91377 0.95074 0.95074 0.92789 1.0393 1.0393 0.96185 0.96185 0.96185 0.96185 0.96185 0.95117 1.0883 1.1035 1.1035 1.1035 1.0979 1.0979 1.0342 0.77984 1.0740 0.86011 1.0345 1.0345 1.0345 0.97442 0.97548 0.97548 0.88781 1.0626 1.1966 1.1966 1.1922 1.1922 1.1922 1.4510 1.4510 1.4510 1.2714
0.94664 0.94664 0.94664 0.94664 0.94664 0.94497 0.92553 0.93653 1.0147 1.0147 1.4514 0.90143 1.0628 1.0628 1.0628 0.96041 1.0224 0.98336 0.99830 1.0347 1.0625 1.0625 1.0225 1.0225 1.0225 0.93789 0.93789 0.93789 0.91649 0.95074 0.92789 0.92789 1.0393 1.0393 1.0393 0.96185 0.96185 0.96185 0.96185 0.95117 1.0957 1.0875 1.1035 1.0963 1.0883 1.0414 0.91826 1.0642 0.99452 0.83515 1.0191 0.94872 0.97342 0.94872 1.0369 0.81301 0.83261 1.1966 1.1966 1.1966 1.1922 1.1922 1.1922 1.4510 1.4510 1.2429 1.2352
