test/test_data/tcaap/monthly_mean_over_all_Dec__actual_et__2015-01-01_to_2019-12-31__180_by_260__inches.asc
NCOLS        180
NROWS        260
XLLCORNER     476375.000
YLLCORNER    4970875.000
CELLSIZE        100.000
NODATA_VALUE -9999.
[rows 174 to 202 of 260, columns 67 to 133 of 180]
0.35432 0.35432 0.34410 0.34259 0.34323 0.35140 0.35395 0.35629 0.36106 0.36003 0.36985 0.36947 0.36985 0.36981 0.36981 0.36861 0.36119 0.35970 0.35948 0.35914 0.35867 0.35810 0.35745 0.35609 0.35107 0.34373 0.34789 0.34188 0.34923 0.34923 0.34929 0.34929 0.34885 0.36944 0.36836 0.36836 0.36836 0.36709 0.36709 0.36709 0.36709 0.36709 0.36709 0.36835 0.37546 0.36499 0.36499 0.36499 0.36499 0.35859 0.35859 0.35859 0.36512 0.36512 0.36628 0.36688 0.36688 0.36688 0.36557 0.36557 0.36557 0.36557 0.36557 0.36557 0.34451 0.35365 0.35382
0.35433 0.35433 0.34412 0.34412 0.34412 0.35133 0.35637 0.35713 0.36233 0.36651 0.36906 0.36949 0.36986 0.36863 0.37020 0.36977 0.36140 0.36098 0.36059 0.35997 0.35884 0.35825 0.35757 0.35622 0.35002 0.33919 0.34189 0.34341 0.34925 0.34341 0.35796 0.35796 0.34925 0.36806 0.36535 0.36535 0.36535 0.36535 0.36408 0.36408 0.36408 0.36535 0.36535 0.36535 0.36683 0.36630 0.36630 0.36630 0.36630 0.36597 0.35861 0.36495 0.36501 0.35861 0.35861 0.36689 0.36689 0.36689 0.36559 0.36559 0.36559 0.36559 0.36559 0.36559 0.35366 0.35384 0.34832
0.35435 0.35435 0.34413 0.34413 0.35914 0.35699 0.35946 0.35781 0.36331 0.36733 0.36804 0.36124 0.36124 0.36927 0.36927 0.36978 0.36142 0.36110 0.36074 0.36015 0.35898 0.35837 0.35767 0.35635 0.35011 0.34075 0.34342 0.34342 0.34926 0.34342 0.35793 0.34926 0.34926 0.36836 0.36536 0.36536 0.36536 0.36409 0.36409 0.36409 0.36409 0.36536 0.36536 0.36536 0.36685 0.36685 0.36685 0.36685 0.36685 0.36652 0.36685 0.36656 0.36652 0.36652 0.36652 0.37181 0.37181 0.36577 0.36561 0.35368 0.34241 0.34241 0.35368 0.35882 0.34241 0.35385 0.34834
0.36754 0.35437 0.35903 0.35916 0.35916 0.35761 0.36122 0.36125 0.36125 0.36580 0.36074 0.36125 0.36125 0.36143 0.36929 0.36980 0.36143 0.36119 0.36085 0.36028 0.35909 0.35847 0.35776 0.35648 0.35033 0.34192 0.34301 0.34344 0.34928 0.34344 0.34344 0.34344 0.36861 0.36838 0.36538 0.36538 0.36538 0.36538 0.36411 0.36411 0.36411 0.36538 0.36538 0.36538 0.36557 0.36687 0.36687 0.36687 0.36687 0.36687 0.36687 0.36658 0.36653 0.36687 0.36687 0.37183 0.37183 0.37183 0.36023 0.35878 0.35760 0.35772 0.35823 0.36492 0.36088 0.35911 0.35743
0.36755 0.36755 0.35918 0.35918 0.35918 0.35676 0.36127 0.36948 0.36127 0.36034 0.36080 0.36127 0.36127 0.36145 0.36145 0.36145 0.36145 0.36122 0.36091 0.36037 0.35917 0.35855 0.35784 0.35759 0.35183 0.34196 0.34472 0.34903 0.34929 0.34345 0.34345 0.34345 0.35403 0.36862 0.36540 0.36413 0.36413 0.36413 0.36413 0.36413 0.36413 0.36540 0.36540 0.36540 0.36559 0.36660 0.36688 0.36688 0.36688 0.36688 0.36688 0.36688 0.36559 0.36559 0.36688 0.37185 0.37185 0.37185 0.36881 0.35809 0.34699 0.34699 0.36025 0.37043 0.37043 0.37153 0.37238
0.36757 0.36757 0.35919 0.35919 0.35919 0.35678 0.35836 0.36950 0.36128 0.36044 0.36083 0.36103 0.36855 0.36131 0.36129 0.36885 0.36877 0.36113 0.36093 0.36042 0.35924 0.35862 0.36077 0.35773 0.35236 0.34201 0.34347 0.34905 0.34931 0.35405 0.35405 0.35405 0.35405 0.35405 0.35061 0.36542 0.36513 0.36414 0.36542 0.36414 0.36414 0.36541 0.36541 0.36541 0.36690 0.36690 0.36690 0.36690 0.36690 0.36690 0.36690 0.36690 0.36690 0.36690 0.36690 0.37187 0.37187 0.37187 0.36450 0.34552 0.34700 0.34868 0.34886 0.37187 0.37187 0.37298 0.37298
0.36252 0.36403 0.35908 0.35921 0.35921 0.35679 0.35797 0.35965 0.36130 0.36050 0.36081 0.36818 0.36119 0.36115 0.36112 0.36111 0.36838 0.36102 0.36090 0.36044 0.35929 0.35869 0.36092 0.35790 0.35307 0.34078 0.34200 0.34200 0.34801 0.35383 0.35407 0.35407 0.35407 0.35407 0.35063 0.35063 0.36543 0.36416 0.36416 0.36543 0.36543 0.36543 0.36543 0.36543 0.36692 0.36663 0.36692 0.36692 0.36692 0.36692 0.36692 0.36692 0.36692 0.36562 0.36692 0.37188 0.37188 0.37188 0.36369 0.34482 0.34870 0.34870 0.34888 0.34888 0.34780 0.37300 0.37300
0.36404 0.36254 0.35517 0.35923 0.35923 0.35558 0.35770 0.36411 0.36079 0.36051 0.36077 0.36085 0.36104 0.36096 0.36089 0.36089 0.36091 0.36087 0.36083 0.36042 0.35934 0.35876 0.36109 0.35811 0.35397 0.34124 0.34381 0.34694 0.34905 0.35288 0.35288 0.35385 0.35408 0.35064 0.35064 0.34947 0.34944 0.36516 0.36545 0.36545 0.36545 0.36545 0.36545 0.36545 0.36693 0.36665 0.36693 0.36693 0.36693 0.36693 0.36693 0.36693 0.36693 0.36693 0.37190 0.37190 0.37190 0.37169 0.34785 0.34889 0.34871 0.34889 0.34889 0.34889 0.34889 0.37302 0.37302
0.36547 0.36547 0.36287 0.35560 0.35797 0.34998 0.35821 0.35975 0.36085 0.36046 0.36068 0.36071 0.36710 0.36680 0.36660 0.36662 0.36054 0.36041 0.36074 0.36040 0.35940 0.35885 0.36130 0.35836 0.35498 0.35270 0.35091 0.34994 0.34853 0.35325 0.35289 0.35410 0.35410 0.35066 0.35066 0.35066 0.33977 0.33468 0.36490 0.36547 0.36547 0.36547 0.36419 0.36419 0.36695 0.36695 0.36695 0.36695 0.36695 0.36695 0.36695 0.33953 0.33953 0.36695 0.37171 0.37192 0.37192 0.37192 0.34891 0.34786 0.35336 0.34873 0.34891 0.34891 0.37192 0.37303 0.37303
0.36127 0.36127 0.36436 0.36655 0.36766 0.36571 0.36999 0.36999 0.36999 0.36999 0.36999 0.36997 0.36194 0.36611 0.36589 0.36611 0.36055 0.36044 0.36021 0.35990 0.35947 0.35895 0.36155 0.35867 0.35728 0.35594 0.35473 0.35378 0.34916 0.35291 0.35291 0.35411 0.35411 0.35044 0.35067 0.33978 0.33978 0.33978 0.33948 0.36548 0.36548 0.36548 0.36548 0.36548 0.36697 0.36719 0.36640 0.34107 0.34107 0.36719 0.34107 0.34107 0.34107 0.33955 0.37194 0.37194 0.37173 0.37173 0.37152 0.35430 0.37208 0.34892 0.34892 0.34892 0.37193 0.37305 0.37305
0.38948 0.36128 0.35742 0.37129 0.36943 0.36934 0.37001 0.37001 0.37001 0.37753 0.37753 0.37001 0.36753 0.36568 0.36549 0.36562 0.36125 0.36116 0.36094 0.36065 0.36026 0.35978 0.36170 0.35908 0.35775 0.35644 0.35524 0.35421 0.34933 0.34785 0.34865 0.34865 0.34865 0.34536 0.33980 0.33980 0.33980 0.33950 0.33831 0.33831 0.36550 0.33979 0.33827 0.33827 0.34109 0.34079 0.34109 0.34109 0.34109 0.34109 0.34109 0.34109 0.34109 0.34109 0.37195 0.37195 0.37195 0.37094 0.37195 0.36034 0.37195 0.37175 0.37154 0.34894 0.37195 0.37307 0.37307
0.40478 0.36758 0.35966 0.37131 0.38314 0.36960 0.36863 0.36086 0.37798 0.37798 0.37798 0.37798 0.36864 0.36390 0.36001 0.36555 0.36128 0.36121 0.36100 0.36073 0.36037 0.35993 0.36207 0.35952 0.35824 0.35698 0.35580 0.35477 0.34896 0.34599 0.34761 0.34762 0.34988 0.34251 0.34349 0.34349 0.34349 0.33842 0.34349 0.33981 0.33981 0.33981 0.33981 0.33981 0.34110 0.34110 0.33962 0.33962 0.34110 0.34110 0.34110 0.34110 0.34110 0.34110 0.34895 0.37197 0.37197 0.37197 0.37197 0.37197 0.37197 0.37197 0.37155 0.34895 0.37197 0.37206 0.37309
0.40480 0.40466 0.36753 0.36088 0.37325 0.37235 0.36708 0.36950 0.36088 0.37800 0.37763 0.37800 0.37022 0.37022 0.34217 0.36581 0.36626 0.36672 0.36107 0.36083 0.36050 0.36009 0.36115 0.36000 0.35880 0.35758 0.35641 0.35538 0.34828 0.34705 0.34615 0.34669 0.34613 0.34071 0.34308 0.34203 0.34321 0.33843 0.34244 0.34351 0.34351 0.34351 0.34351 0.34351 0.33981 0.33981 0.33981 0.33981 0.33981 0.33981 0.33981 0.34112 0.34112 0.34112 0.34897 0.37199 0.37199 0.37199 0.37199 0.37199 0.37199 0.37199 0.37213 0.34897 0.37157 0.37290 0.37310
0.40482 0.40468 0.40468 0.35965 0.35876 0.36597 0.36527 0.36680 0.36798 0.36016 0.37711 0.37802 0.37024 0.37024 0.34523 0.34375 0.36225 0.36094 0.36709 0.36721 0.36160 0.36136 0.35986 0.35902 0.35960 0.35799 0.35366 0.35253 0.34894 0.34735 0.34619 0.34532 0.34472 0.34217 0.34245 0.34323 0.33928 0.33928 0.33928 0.34352 0.34352 0.34352 0.34352 0.33982 0.33875 0.33875 0.33875 0.33875 0.33875 0.33964 0.33982 0.33982 0.33982 0.33982 0.34838 0.37162 0.37060 0.37060 0.37162 0.37162 0.37162 0.37060 0.37162 0.34825 0.37312 0.37312 0.37312
0.40484 0.40470 0.40470 0.40470 0.35967 0.35967 0.36573 0.36763 0.36983 0.37174 0.37362 0.37823 0.37045 0.37045 0.36984 0.37540 0.37045 0.36869 0.36175 0.36779 0.36187 0.36165 0.36020 0.35941 0.36043 0.35490 0.34333 0.34333 0.34182 0.34023 0.34026 0.34169 0.34264 0.34117 0.34092 0.33930 0.33930 0.33930 0.33930 0.34206 0.34206 0.34206 0.34206 0.33769 0.33769 0.33565 0.33565 0.33565 0.33565 0.33642 0.33787 0.33830 0.33938 0.34151 0.35313 0.35740 0.36065 0.36125 0.36216 0.36317 0.37062 0.37143 0.37139 0.36550 0.35700 0.34865 0.34865
0.36908 0.36901 0.40472 0.40472 0.40472 0.36695 0.36778 0.36969 0.37127 0.37168 0.37246 0.36125 0.37046 0.37046 0.37046 0.37542 0.37046 0.37027 0.37027 0.36870 0.36209 0.36188 0.36046 0.35973 0.36128 0.35981 0.34334 0.34364 0.34334 0.34085 0.34256 0.34364 0.34364 0.34207 0.34075 0.34203 0.33847 0.33931 0.33931 0.34207 0.34207 0.34207 0.34207 0.33771 0.33644 0.33566 0.33566 0.33566 0.33566 0.33647 0.33667 0.34101 0.34220 0.33950 0.34906 0.34841 0.34869 0.34795 0.34795 0.37141 0.37141 0.37141 0.37141 0.37141 0.33893 0.35019 0.35019
0.36910 0.36902 0.38517 0.40474 0.40474 0.40474 0.36864 0.37353 0.37204 0.37234 0.37303 0.37564 0.37013 0.37048 0.37048 0.37543 0.38171 0.37029 0.37029 0.37029 0.36229 0.36935 0.36129 0.36129 0.37580 0.36129 0.34258 0.34365 0.34336 0.34217 0.34365 0.34365 0.34365 0.34208 0.34077 0.34357 0.34208 0.33849 0.34077 0.34158 0.34269 0.34261 0.34258 0.33696 0.33691 0.33687 0.33681 0.33677 0.33951 0.33860 0.33789 0.33974 0.34207 0.33896 0.34843 0.34870 0.34870 0.34870 0.34870 0.34870 0.34870 0.34763 0.34763 0.34870 0.33922 0.35042 0.35042
0.36912 0.36904 0.36904 0.36082 0.40476 0.40476 0.40476 0.40476 0.37355 0.37355 0.37401 0.37656 0.37050 0.37050 0.37050 0.37545 0.37050 0.37031 0.37031 0.37031 0.37031 0.37031 0.36869 0.36840 0.36741 0.36741 0.36741 0.34218 0.34367 0.34218 0.34367 0.34367 0.34367 0.34210 0.34147 0.34358 0.34358 0.34210 0.34176 0.34272 0.34232 0.34212 0.34105 0.33794 0.33661 0.33657 0.33654 0.33774 0.33929 0.33964 0.33844 0.33890 0.34015 0.33837 0.34659 0.34767 0.34872 0.34872 0.34872 0.34872 0.34872 0.34872 0.34767 0.34767 0.36530 0.35385 0.36401
0.36914 0.36906 0.36906 0.36906 0.35498 0.40478 0.40478 0.40478 0.40478 0.37388 0.37611 0.37041 0.37547 0.37051 0.37547 0.37547 0.37547 0.37032 0.37032 0.37032 0.37032 0.36995 0.36871 0.36842 0.38053 0.36842 0.34219 0.34219 0.34219 0.34219 0.34219 0.34219 0.34211 0.33852 0.33852 0.34211 0.34211 0.34079 0.34079 0.34079 0.34079 0.34079 0.34079 0.33780 0.33777 0.33658 0.33653 0.33775 0.33775 0.33775 0.33775 0.33775 0.33775 0.33775 0.34660 0.34769 0.34769 0.34769 0.34769 0.34769 0.34769 0.34769 0.34769 0.34769 0.36471 0.36471 0.36471
0.36946 0.37281 0.37281 0.37281 0.37281 0.37136 0.40626 0.40626 0.40626 0.40481 0.37358 0.34436 0.38177 0.37549 0.38177 0.37549 0.37549 0.37034 0.37034 0.37034 0.37034 0.37034 0.36844 0.34955 0.36745 0.36872 0.34217 0.34370 0.34370 0.34221 0.34217 0.34271 0.35470 0.35401 0.33853 0.34361 0.34209 0.34213 0.34213 0.34318 0.34318 0.34318 0.34081 0.33776 0.33656 0.33665 0.33649 0.33776 0.33776 0.33776 0.33776 0.33776 0.33776 0.34662 0.34875 0.34770 0.34875 0.34875 0.34857 0.34857 0.34875 0.34770 0.34875 0.34875 0.36487 0.36556 0.36576
0.36948 0.37283 0.37283 0.37283 0.37283 0.37283 0.37137 0.38919 0.40628 0.40628 0.40628 0.35283 0.35307 0.38528 0.37968 0.37968 0.37526 0.37512 0.37512 0.37512 0.37512 0.37036 0.36874 0.36874 0.36746 0.36874 0.36874 0.36817 0.36874 0.36746 0.36841 0.36874 0.36828 0.36856 0.35694 0.33854 0.34210 0.34214 0.34363 0.34363 0.34363 0.34210 0.33938 0.33651 0.33657 0.33651 0.33573 0.33888 0.33992 0.33992 0.33965 0.33888 0.33888 0.34858 0.34690 0.34803 0.34876 0.34876 0.34876 0.34876 0.34876 0.34876 0.34876 0.34876 0.36578 0.36578 0.36578
0.36950 0.37284 0.37284 0.37284 0.37254 0.37284 0.37284 0.35928 0.40630 0.40630 0.40630 0.40173 0.35197 0.35197 0.35285 0.37527 0.37527 0.37513 0.37456 0.37513 0.37513 0.37485 0.36874 0.36874 0.36874 0.36854 0.36874 0.36874 0.36874 0.36874 0.36874 0.36854 0.36729 0.36858 0.36858 0.35843 0.34216 0.34216 0.34216 0.34364 0.34910 0.34390 0.34044 0.33702 0.33668 0.33652 0.33890 0.33890 0.33995 0.33994 0.33995 0.33890 0.33890 0.34773 0.34543 0.34749 0.34770 0.34878 0.34878 0.34878 0.34878 0.34878 0.34770 0.37134 0.36580 0.36477 0.36580
0.36811 0.37144 0.37255 0.37144 0.37255 0.37144 0.37255 0.36032 0.37338 0.40632 0.40632 0.36661 0.36669 0.35273 0.35273 0.35154 0.35052 0.37386 0.35687 0.37515 0.37515 0.37486 0.36775 0.36876 0.36876 0.36856 0.36876 0.36856 0.36855 0.36876 0.36876 0.36855 0.36731 0.36731 0.36710 0.36689 0.34140 0.34140 0.34140 0.34032 0.34172 0.34078 0.33993 0.33709 0.33803 0.33781 0.33995 0.33891 0.33995 0.33995 0.33995 0.33891 0.33995 0.34879 0.34879 0.34852 0.34879 0.34879 0.34879 0.37177 0.37177 0.37157 0.37135 0.37177 0.36581 0.36581 0.36561
0.36953 0.37288 0.37288 0.37288 0.37288 0.37288 0.37288 0.37257 0.35942 0.40634 0.40634 0.40178 0.36567 0.35124 0.35305 0.35305 0.35305 0.37459 0.37517 0.37517 0.37517 0.37517 0.36878 0.36776 0.36776 0.36878 0.36776 0.36878 0.36878 0.36878 0.36878 0.36878 0.36732 0.36732 0.36712 0.34178 0.34141 0.34141 0.34141 0.34141 0.34141 0.33908 0.33994 0.33710 0.33799 0.33893 0.33997 0.33997 0.33997 0.33997 0.33997 0.33979 0.33997 0.33973 0.34077 0.34050 0.34077 0.34881 0.34881 0.34881 0.37179 0.37179 0.37179 0.37179 0.36583 0.36562 0.36583
0.37289 0.37289 0.37289 0.37289 0.37289 0.37289 0.37148 0.37148 0.38261 0.40636 0.40636 0.40180 0.36831 0.35199 0.35306 0.35306 0.37461 0.37461 0.37519 0.37490 0.37519 0.36859 0.36879 0.36879 0.36879 0.36879 0.36879 0.36879 0.36879 0.36859 0.36859 0.36859 0.36633 0.36633 0.36714 0.34228 0.34246 0.34142 0.34246 0.34246 0.34246 0.34142 0.34142 0.33895 0.33981 0.33999 0.33999 0.33999 0.33999 0.33980 0.33999 0.33980 0.33999 0.34079 0.34079 0.33975 0.33975 0.33975 0.34079 0.34061 0.36670 0.36649 0.36670 0.36670 0.36577 0.36577 0.36658
0.37291 0.37291 0.37291 0.37291 0.37291 0.37149 0.37149 0.37149 0.37149 0.40638 0.40638 0.40182 0.37075 0.38057 0.35308 0.35308 0.37521 0.37391 0.37391 0.37391 0.37391 0.36861 0.36881 0.36881 0.36861 0.36881 0.36881 0.36881 0.36861 0.36881 0.36881 0.36881 0.36715 0.36715 0.36750 0.34247 0.34247 0.34144 0.34247 0.34247 0.34247 0.34247 0.34000 0.34000 0.33896 0.34000 0.34000 0.34000 0.34000 0.34000 0.34000 0.34000 0.34000 0.34080 0.34080 0.36651 0.35580 0.33866 0.34080 0.36671 0.36671 0.36671 0.36671 0.36680 0.36680 0.36680 0.36660
0.37293 0.37293 0.37293 0.37293 0.37151 0.37293 0.37293 0.37293 0.37293 0.40640 0.40640 0.40184 0.40184 0.36938 0.35310 0.35310 0.37522 0.37393 0.37393 0.37393 0.37393 0.36883 0.36883 0.36883 0.36883 0.36883 0.36883 0.36883 0.36862 0.36883 0.36883 0.36883 0.36737 0.36737 0.36651 0.34249 0.34249 0.34145 0.34249 0.34145 0.34249 0.34249 0.34001 0.34001 0.34001 0.34001 0.33898 0.34001 0.34001 0.34001 0.34001 0.34001 0.34001 0.34063 0.36673 0.36673 0.36673 0.36673 0.36673 0.36673 0.36673 0.36673 0.36653 0.36682 0.36682 0.36682 0.36662
0.37295 0.37295 0.37295 0.37295 0.37153 0.37295 0.37295 0.37295 0.37295 0.35989 0.40642 0.40186 0.40186 0.38061 0.35311 0.37051 0.37524 0.37394 0.37394 0.37394 0.37394 0.36885 0.36885 0.36885 0.36885 0.36885 0.36885 0.36885 0.36864 0.36884 0.36884 0.36884 0.36719 0.36719 0.34066 0.34250 0.34250 0.34147 0.34147 0.34232 0.34250 0.34250 0.34003 0.34003 0.34003 0.34003 0.33985 0.33899 0.34003 0.33985 0.34003 0.34003 0.34003 0.34065 0.36675 0.36654 0.36675 0.36675 0.36675 0.36654 0.36675 0.36572 0.36675 0.36684 0.36684 0.36663 0.36582
0.37296 0.37296 0.37296 0.37296 0.37296 0.37296 0.37296 0.37296 0.37296 0.38634 0.40645 0.40188 0.40188 0.35269 0.35159 0.37082 0.37468 0.37396 0.37396 0.37396 0.37396 0.36785 0.36886 0.36886 0.36886 0.36886 0.36886 0.36886 0.36866 0.36886 0.36886 0.36886 0.36741 0.34145 0.34252 0.34252 0.34252 0.34148 0.34252 0.34252 0.34234 0.34252 0.34004 0.34004 0.34004 0.34004 0.34004 0.34004 0.34004 0.34004 0.34004 0.34004 0.34004 0.36677 0.36677 0.36677 0.36677 0.36677 0.36677 0.36677 0.36677 0.36574 0.36676 0.36685 0.36685 0.36685 0.36685
