test/test_data/tcaap/monthly_mean_over_all_Aug__actual_et__2015-01-01_to_2019-12-31__180_by_260__inches.asc
NCOLS        180
NROWS        260
XLLCORNER     476375.000
YLLCORNER    4970875.000
CELLSIZE        100.000
NODATA_VALUE -9999.
[rows 160 to 191 of 260, columns 71 to 141 of 180]
3.3147 3.3577 3.0398 3.0462 3.0543 3.5253 3.6764 3.6764 3.6764 3.6764 3.6919 3.0382 3.3196 3.3785 3.3785 3.3785 3.3785 3.3785 3.3171 3.3740 3.3874 3.2291 3.0107 3.0125 2.8144 2.7916 3.0262 3.0104 3.0006 3.0006 3.3660 3.3472 3.3472 3.3472 3.6195 3.6195 3.6654 3.6654 3.6195 3.6654 3.6654 3.6654 3.6890 3.7596 3.5947 3.9104 3.9104 3.9104 3.4192 3.9104 3.9104 3.7493 4.9451 4.9451 4.9451 4.9451 3.6004 3.6364 3.5861 3.5861 3.6084 3.6084 3.5605 3.5436 3.0188 3.4963 3.5890 3.5890 3.5890 3.5890 3.5890
3.3085 3.0507 3.0516 3.3068 3.2150 3.2686 3.6764 3.6764 3.6764 3.6764 3.6919 3.6919 2.8592 3.3785 3.3785 3.3785 3.3785 3.3785 3.3171 3.3740 3.3502 3.0085 3.0103 3.0153 3.0153 3.0232 3.0251 3.0006 3.0006 3.3660 3.3660 3.3472 3.3472 3.3472 3.6654 3.6654 3.6654 3.6654 3.3472 3.3472 3.6654 3.6654 3.8588 3.8588 3.5947 3.5947 3.6890 3.6890 3.6890 3.6890 3.9104 3.4958 4.9452 4.9452 4.9452 4.9452 3.6084 3.6084 3.5861 3.6084 3.6084 3.6084 3.6084 3.5890 3.4964 3.2485 3.2944 3.2944 3.2485 3.4762 3.1193
3.3172 3.0651 3.3178 3.2941 3.3163 3.6299 3.7361 3.6843 3.6843 3.7563 3.6596 3.6596 3.6919 3.4583 3.3785 3.3785 3.3771 3.3771 3.4475 3.3740 3.3463 3.0145 3.0182 3.0233 3.0265 3.0197 3.0065 3.0006 3.0006 3.3660 3.3660 3.3472 3.3472 3.3472 3.6655 3.6655 3.6655 3.3472 3.6655 3.6655 3.6655 3.6655 3.8588 4.2194 3.5947 3.6891 3.6891 3.6891 3.6891 3.9105 3.6241 3.3214 3.7046 4.9452 4.9452 4.9452 3.6084 3.6084 3.6084 3.6084 3.3515 3.3515 3.6084 3.2944 3.2944 3.2944 3.2944 3.2944 3.2944 3.2486 3.2507
3.3109 3.3049 3.3073 3.3304 3.2267 3.4103 3.7361 3.6843 3.6843 3.6843 3.6596 3.4298 3.5817 3.4347 3.3711 3.3620 3.3037 3.3295 3.3693 3.3651 3.3712 3.4012 3.0243 3.0292 3.0265 3.0166 3.0053 3.0006 3.3661 3.0006 3.0006 3.3472 3.3472 3.3472 3.6655 3.6196 3.3472 3.3472 3.6655 3.6655 3.6655 3.6390 4.1272 4.1272 4.1272 3.6390 3.7165 3.6891 3.6891 3.9105 3.3917 3.3517 3.2911 4.9452 4.9452 4.9452 4.9452 3.6084 3.6084 3.3515 3.3515 3.3515 3.2944 3.2944 3.2944 3.2944 3.2944 3.2944 3.2944 2.8448 2.8448
3.3043 3.2960 3.2960 3.2267 2.8675 3.3170 3.7361 3.6844 3.6844 3.6844 3.6596 3.3685 3.4371 3.3620 3.3620 3.3037 3.3653 3.3295 3.3295 3.3653 3.3689 3.0099 3.0209 3.0292 3.0287 3.0200 3.0049 3.3638 3.3638 3.0049 3.0049 3.3290 3.3290 3.3290 3.5942 3.6196 3.6655 3.6655 3.6655 3.6655 3.6655 3.6390 4.1272 3.6891 4.1272 4.1272 3.5858 3.6891 3.6891 3.6891 3.2934 3.6390 3.6085 4.9453 4.9453 4.9453 4.9453 4.9453 3.6085 3.6085 3.6085 3.5606 3.4964 3.4964 3.2944 3.2508 3.2944 3.2508 3.1872 3.3405 3.5891
3.2979 3.2888 3.2871 3.0441 3.3170 3.3170 3.3170 2.8675 3.0272 3.6844 3.6597 3.3012 3.3653 3.3653 3.2828 3.3295 3.3653 3.3653 3.3653 3.3653 3.3760 3.3125 3.0211 3.0294 3.0286 3.0049 3.0049 3.3638 3.3638 3.0049 3.3638 3.3290 3.6416 3.3290 3.6416 3.6416 3.6416 3.6416 3.6416 3.6416 3.6416 3.6291 3.5729 3.9763 4.0997 4.0997 3.6462 3.6891 3.6891 3.6891 3.6390 3.6390 3.6085 3.6085 4.9453 4.9453 4.9453 4.9453 3.6085 3.0198 3.0204 3.0224 3.0188 3.3405 2.7495 3.2944 2.9880 2.9880 4.9396 4.9396 3.5891
3.2925 3.2834 3.2808 3.0441 3.0449 3.3170 3.3170 3.0412 3.0697 3.0709 2.8014 3.3296 3.7237 3.6597 3.6597 3.6597 3.6597 3.4386 3.4386 3.4386 3.3156 3.0076 3.0215 3.0296 3.0287 3.0190 3.0050 3.3638 3.3638 3.3627 3.3629 3.3290 3.3290 3.3290 3.3290 3.3290 3.3290 2.9817 3.4944 3.4944 3.4944 3.4831 2.9731 2.9731 3.6797 3.6462 3.6462 3.4831 3.6310 3.5278 3.6291 3.3189 3.6115 3.6115 3.6591 3.6316 3.6115 3.6591 3.5709 3.4811 3.0197 3.0197 3.3406 3.3406 3.4964 3.5437 3.9021 4.9396 4.9396 4.9396 3.5891
3.2880 3.2794 3.2773 3.0451 3.0446 3.0486 3.2762 3.0634 3.0656 2.8336 2.8121 3.0408 3.0364 3.0101 3.0101 3.0101 3.0101 3.0396 3.3904 3.3491 3.0202 3.0185 3.0222 3.0295 3.0287 3.4185 3.0050 3.3638 3.3638 3.3607 3.3610 2.9827 2.9828 3.3278 3.3278 3.3278 2.9827 2.9824 3.4934 3.4941 3.4945 3.4831 2.9731 2.9731 3.6462 3.6462 3.6462 3.6437 3.6260 3.3529 3.2722 3.3196 3.6115 3.6115 3.6115 3.6115 3.6115 3.6115 3.6115 3.3432 3.3432 3.3432 3.5871 3.5134 3.4886 3.5871 3.6325 3.5871 4.9448 3.5871 3.5871
3.2846 3.2772 3.2267 3.0456 3.0461 2.8676 3.2417 3.4039 3.0363 2.7460 3.0417 3.4774 3.6021 3.0247 3.0179 3.0175 3.0264 3.0424 3.0325 3.0240 3.0218 3.0241 3.0255 3.0290 3.0290 3.0222 3.0137 3.3638 3.3638 3.3568 3.3571 2.9887 2.9883 3.3230 3.3238 3.3248 2.9847 2.9835 2.9825 2.9818 2.9817 3.3189 3.3189 2.9731 2.9731 2.9731 2.9731 2.9731 3.3189 3.1695 3.2750 3.3189 3.3432 3.3432 3.3432 3.3432 3.6115 3.6115 3.6115 3.6115 3.6115 3.6115 3.5609 3.5609 3.5134 3.5871 3.5871 3.5871 3.3308 3.3308 3.5871
3.2962 3.2267 3.3170 2.8676 3.2267 3.0413 3.6650 3.7070 3.4039 3.9265 3.0190 3.0336 3.0321 3.0227 3.0175 3.0185 3.0272 3.0421 3.0349 3.0297 3.0229 3.0245 3.0252 3.0280 3.0296 3.0286 3.4009 3.5088 3.5063 3.3499 3.3161 2.9961 3.3171 3.3179 3.3192 3.3211 2.9876 2.9853 2.9835 3.4924 3.4944 3.5828 2.9731 2.9731 2.9731 3.3190 3.5828 3.5828 3.3190 3.3190 3.6292 3.6115 3.6115 3.5889 3.5889 3.5889 3.5889 3.5007 3.6115 3.6115 3.6115 3.5889 3.5609 3.5609 3.5609 3.6141 3.5368 3.5871 3.3329 3.3308 3.5871
3.2832 3.2641 3.3170 3.0413 3.0413 3.0665 3.6569 3.7070 3.7070 3.6978 3.6463 3.3553 3.0414 3.0323 3.0346 3.0394 3.3352 3.3209 3.3015 3.0326 3.0260 3.0247 3.0248 3.0265 3.0293 3.0294 3.3629 3.3744 3.4846 3.3338 3.3032 3.3055 3.3082 3.3121 3.3144 2.9953 2.9911 2.9874 2.9846 3.4908 3.4936 3.4833 3.4832 2.9731 2.9731 3.3190 3.5828 3.5828 2.9731 2.9731 3.6292 3.6115 3.6115 3.6115 3.6115 3.5889 3.5889 3.5889 3.5889 3.5889 3.5889 3.5889 3.5610 3.5610 3.5610 3.5610 3.4813 3.3308 3.3361 3.3308 3.5871
3.3044 3.3776 3.2459 3.0506 3.0631 3.0364 3.6569 3.7070 3.7070 3.3667 3.3670 3.3598 3.0392 3.0420 3.0421 3.0423 3.0423 3.0408 3.0391 4.9534 4.9504 4.9504 4.9504 3.0249 3.0266 3.0223 3.0223 3.0293 3.0289 3.0287 3.0047 3.0047 3.0047 3.0047 3.0047 3.0000 3.3179 3.3219 3.3253 3.3275 2.9822 3.4832 3.4832 2.9732 2.9732 3.3190 3.5828 3.5828 2.9739 3.3190 3.6292 3.6116 3.6116 3.6116 3.6116 3.6116 3.5889 3.5889 3.5889 3.5889 3.5889 3.5889 3.4814 3.4814 3.5610 3.0023 3.5610 3.0023 3.0054 3.3358 3.3308
3.3645 3.3731 3.2619 3.0812 3.0871 3.0679 3.6570 3.7070 3.8140 3.3667 3.3678 3.3632 3.0369 3.0399 3.0414 3.0421 3.0424 3.0414 3.0395 3.0378 3.0266 4.9504 4.9504 4.9504 3.0224 3.3752 3.3752 2.8169 2.8135 3.0247 2.9998 2.9883 2.9883 2.9985 3.0009 3.0022 3.3169 3.3212 3.3249 3.3273 2.9818 2.9732 2.9732 3.3190 3.3190 3.3190 3.3190 2.9732 2.9732 3.3190 3.6292 3.6116 3.3432 3.5710 3.3432 3.3432 3.0199 3.3432 3.3432 3.3582 3.0199 3.0199 3.0024 3.0024 3.4814 3.4070 3.0024 3.0024 3.0043 3.3372 3.3330
3.3013 3.3035 3.3179 3.0852 3.0767 3.0584 3.6600 3.4165 3.6676 3.3900 3.3915 3.3881 3.0429 3.0459 3.0476 3.0505 3.0543 3.0419 3.0399 3.0380 3.0267 3.2942 3.2716 3.0213 3.3752 3.3752 3.3752 2.8169 2.8094 3.0050 3.3291 3.1745 3.1745 3.3291 2.9818 3.3291 3.3291 3.3291 3.3291 3.3291 2.9818 2.9732 3.3190 3.3190 3.3190 2.9732 2.9732 2.9732 2.9732 3.3190 3.6292 3.6116 3.5710 3.5710 3.3432 3.3432 3.3432 3.3432 3.3432 3.3432 2.8497 2.8497 2.7491 3.0081 3.0024 3.0024 3.5610 3.5610 3.0037 3.3828 3.5369
3.3477 3.0846 3.0869 3.0819 3.3740 3.0528 3.7081 3.6676 3.7081 3.6458 3.6458 3.3900 3.0298 3.0439 3.0458 3.0488 3.0528 3.0573 3.0621 3.0260 3.2801 3.1933 3.3400 3.2826 3.4189 3.4189 3.4559 3.4559 3.4115 3.6832 3.6418 3.6418 3.6418 3.3291 3.3291 3.3291 3.3291 3.3291 3.3291 3.6418 3.8809 3.3190 3.3190 3.3190 3.3190 2.9732 2.9732 2.9732 3.5112 3.5112 3.6293 3.6116 3.6116 3.6116 3.3433 3.3433 3.3433 3.3433 3.3433 3.3433 3.2034 2.7597 3.3017 3.3017 3.0380 3.0024 3.5610 3.5610 3.0024 3.0103 3.0103
3.3768 3.3392 3.3760 3.0763 3.3839 3.4113 3.6613 3.6676 3.7082 3.3901 3.6945 3.6354 3.0276 3.0322 3.0362 3.0416 3.0515 3.0563 3.0614 3.0261 3.0192 2.9883 3.2826 3.3467 3.4189 3.3467 3.5595 3.5595 3.4189 3.6071 3.6547 3.6547 3.6547 3.6547 3.3571 3.3571 3.3571 3.6547 3.6547 3.6547 3.5982 3.6293 3.6293 3.6293 3.6293 3.5731 2.9732 3.3188 3.3190 2.9732 2.9732 3.6116 3.6116 3.6116 3.3433 3.3433 3.3433 3.3433 3.3433 3.3433 2.7597 3.3017 3.2365 3.2365 3.3876 3.0333 3.0024 3.0024 3.0024 3.0024 3.0103
3.5616 3.3805 3.4731 3.0713 3.3915 3.4136 3.4157 3.0414 3.0414 3.5361 3.5361 3.6354 3.0276 3.0310 3.0349 3.0402 3.0504 3.0555 3.0608 3.0263 3.0193 2.9947 3.3467 3.3467 3.4189 3.3467 3.5230 3.4189 3.4189 3.6522 3.6547 3.6547 3.6547 3.3571 3.3571 3.3571 3.3571 3.6547 3.6547 3.6547 3.5982 3.5982 3.5982 3.5982 3.5982 3.5397 3.5982 3.5491 3.5397 3.5397 3.5397 3.5921 3.5921 3.4900 3.3433 2.7597 2.8498 2.8498 2.7597 3.0285 2.8498 3.3017 3.2365 3.2365 3.0240 3.0400 3.0210 3.0094 3.0059 3.0056 3.0068
3.5616 3.4537 3.4921 3.0414 3.0414 3.4074 3.0468 3.0414 3.0414 3.0276 3.5362 3.6354 3.0276 3.0303 3.0339 3.0392 3.0496 3.0549 3.0602 3.0265 3.0195 3.1830 3.3407 3.3467 3.4189 3.3467 3.3467 3.3467 3.6670 3.6522 3.6547 3.6547 3.6547 3.6547 3.3571 3.3571 3.3571 3.6547 3.6547 3.6547 3.2897 3.5982 3.5982 3.5982 3.5982 3.5982 3.5982 3.5491 3.5397 3.5982 3.5982 3.5921 3.5921 3.5921 2.7359 2.7661 2.7872 2.7850 2.7763 3.4569 3.0237 2.9919 3.2180 2.9823 2.9892 3.0292 3.0236 3.0186 3.0147 3.0119 3.0104
3.5616 3.3412 3.0414 3.6600 3.0414 3.0507 3.0463 3.0414 3.0414 3.0276 3.0276 3.0276 3.0276 3.0301 3.0334 3.0385 3.0490 3.0543 3.0598 3.2856 3.2427 3.1832 3.3612 3.4161 3.4190 3.3468 3.3468 3.3468 3.4752 3.6670 3.6547 3.3571 3.3571 3.3571 3.3571 3.3571 3.3571 3.6547 3.6547 3.6547 3.2897 3.5492 3.5982 3.5982 3.5982 3.5982 3.5982 3.5982 3.2897 3.2897 3.5982 3.5922 3.5922 3.5922 3.3044 2.7790 3.1741 3.1741 3.2185 3.3959 3.3959 3.3593 3.4289 3.4289 3.2832 3.3180 2.9823 2.9770 2.9728 2.9700 2.9687
3.5616 3.3412 3.0673 3.6601 3.0414 3.0500 3.0462 3.0441 3.5641 3.0293 3.0295 3.5306 3.5296 3.0312 3.0335 3.0382 3.0486 3.0539 3.3332 3.2865 3.2463 3.1833 3.3468 3.4161 3.4190 3.4752 3.4752 3.4752 3.4752 3.4752 3.4770 3.6548 3.6067 3.3571 3.6548 3.3571 3.3571 3.6548 3.6548 3.6548 3.5982 3.5982 3.5982 3.5982 3.5982 3.5982 3.5982 3.5982 3.5982 3.5982 3.5982 3.5922 3.5922 3.5922 3.0161 2.9769 3.1742 3.2839 3.2845 3.5922 3.5922 3.5623 3.5623 3.5623 3.2973 2.9757 2.9716 2.9758 2.9724 2.9704 2.9698
3.5616 3.3412 3.0705 3.0568 3.0414 3.0496 3.0465 3.5599 3.0308 3.0312 3.0316 3.0317 3.5250 3.0326 3.0340 3.0383 3.0483 3.0534 3.3343 3.2877 3.2513 2.9947 3.2859 3.2859 3.3433 3.4702 3.4752 3.4752 3.4752 3.4752 3.4770 3.4770 3.6548 3.3572 3.3572 3.6548 3.6548 3.6548 3.6548 3.6548 3.5982 3.5492 3.5982 3.5982 3.5982 3.5982 3.5982 3.5982 3.5982 3.2898 3.5982 3.5922 3.5922 3.5922 3.0286 2.8212 3.2839 3.2839 3.2846 3.2846 3.2419 3.5623 3.5623 3.5623 3.5623 2.9677 3.5113 3.4944 3.4199 3.4227 2.9707
3.5617 3.0846 3.0728 3.4706 3.0469 3.0496 3.0472 3.0464 3.0326 3.0335 3.0342 3.0342 3.0340 3.0344 3.0349 3.0386 3.0480 3.0529 3.3356 3.2891 3.2577 2.9966 3.1933 3.3325 3.3537 3.3916 3.3916 3.4702 3.4752 3.4771 3.4771 3.4002 3.3962 3.6067 3.6548 3.6548 3.6548 3.6548 3.6548 3.6548 3.5982 3.5492 3.5982 3.5982 3.5982 3.5982 3.5982 3.5982 3.5982 3.5982 3.5922 3.5922 3.5922 3.5479 3.2440 3.2846 3.2840 3.2846 3.2846 3.2846 3.2846 3.5623 3.5623 3.5623 3.5623 3.2973 3.5623 3.5623 3.5616 3.5031 3.5017
3.4807 2.8288 3.0689 3.0562 3.0465 3.0502 3.0483 3.0480 3.3840 3.3820 3.3807 3.3808 3.0377 3.0388 3.0359 3.0389 3.0476 3.0524 3.3372 3.2909 3.2651 3.2484 3.2361 3.2298 3.0177 3.4285 3.3916 3.4752 3.4752 3.4771 3.4771 3.4771 3.3471 2.8481 3.5444 3.6548 3.6548 3.6548 3.3572 3.3572 3.5983 3.5983 3.5983 3.5983 3.5983 3.5983 3.5983 3.2391 3.2391 3.5983 3.5479 3.5922 3.5922 3.5922 3.2846 3.2440 3.3025 3.2840 3.2846 3.2846 3.5922 3.5623 3.5623 3.5623 3.5623 3.4488 3.5623 3.5623 3.5623 3.5113 3.5006
3.0180 3.0265 2.9841 2.9841 2.9841 2.9841 2.9841 2.9845 3.0311 3.3822 3.3807 3.3774 3.0377 3.0387 3.0407 3.0435 3.0472 3.0517 3.3392 3.2932 3.2825 3.2722 3.2631 3.2560 3.0186 3.3916 3.3916 3.4752 3.4752 3.4730 3.4771 3.3471 3.3471 3.3471 3.3432 3.6548 3.6548 3.6548 3.6548 3.6548 3.5983 3.6136 3.4898 3.2914 3.2914 3.6136 3.2914 3.2914 3.2914 3.2391 3.5922 3.5922 3.5479 3.5479 3.4924 3.3603 3.6046 3.2846 3.2846 3.2846 3.5922 3.5623 3.5623 3.5623 3.3177 3.6339 3.5623 3.5623 3.2974 3.2974 3.5623
2.9940 2.9956 2.9841 2.9841 2.9841 3.6207 3.6207 2.9841 3.3914 3.3793 3.3781 3.3789 3.0394 3.0405 3.0430 3.0464 3.0503 3.0545 3.3494 3.3177 3.3077 3.2983 3.2899 3.2591 3.0188 2.8105 2.8045 2.8045 2.8045 2.8346 3.3471 3.3471 3.3471 3.3432 3.2905 3.2905 3.6548 3.3471 3.2881 3.2881 3.2915 3.2893 3.2915 3.2915 3.2915 3.2915 3.2915 3.2915 3.2915 3.2915 3.5923 3.5923 3.5923 3.3205 3.5923 2.7360 3.5923 3.5479 3.4924 3.2846 3.5923 3.5623 3.5623 3.5623 3.3907 3.3210 3.5623 3.5623 3.5623 3.5623 3.5623
3.5481 2.9915 3.0068 3.4053 3.6752 3.6752 3.6752 3.6752 3.3955 3.3674 3.3353 3.3784 3.0392 3.0401 3.0425 3.0456 3.0493 3.0534 3.3525 3.3210 3.3113 3.3020 3.2937 3.2865 3.0453 2.8518 3.0444 3.0444 3.4112 3.3032 3.3320 3.3320 3.3320 2.8380 3.3320 3.3472 3.3472 3.3472 3.3472 3.3472 3.2915 3.2915 3.2414 3.2414 3.2915 3.2915 3.2915 3.2915 3.2915 3.2915 3.2846 3.5923 3.5923 3.5923 3.5923 3.5923 3.5923 3.5923 3.4924 3.2846 3.5923 3.2974 3.5623 3.5623 3.3907 3.3876 3.4630 3.5194 3.5623 3.5623 3.5623
3.4793 3.5434 3.0249 3.5035 3.4053 3.6752 3.6310 3.6752 3.6915 3.6915 3.2086 3.3799 3.3828 3.3859 3.0419 3.0447 3.0482 3.0521 3.3335 3.3247 3.3153 3.3062 3.2979 3.2906 3.0448 3.0440 3.0416 3.2325 3.2291 3.1714 3.3247 3.2757 3.3285 2.8380 3.2986 3.3320 3.3320 3.3320 3.3320 3.3320 3.3238 3.3238 3.3238 3.3238 3.3238 3.3238 3.3238 3.2915 3.2915 3.2915 3.2846 3.5923 3.5923 3.5923 3.5923 3.5923 3.5923 3.5923 3.6046 3.2846 3.4925 3.5194 3.5624 3.5776 3.3907 3.3210 3.4630 3.5624 3.5624 3.5624 3.5624
3.2698 3.4237 3.4155 3.4637 3.3553 3.3717 3.5260 3.6752 3.6915 3.6915 3.3687 3.3148 3.0282 3.0436 3.3883 3.3891 3.0358 3.0387 3.0329 3.0403 3.3214 3.5019 3.2785 3.4395 3.2465 3.2364 3.2294 3.2243 3.2207 3.1789 3.2986 3.3285 2.9873 2.9873 2.9873 3.3320 3.3320 3.3320 3.3320 3.3238 3.2715 3.2715 3.2715 3.2715 3.2715 3.3218 3.3238 3.3238 3.3238 3.3238 3.2995 3.6074 3.3241 3.3241 3.6074 3.6074 3.6074 3.3241 3.6074 3.2628 3.5624 3.5624 3.5624 3.5114 3.3876 2.9860 3.2942 3.4489 3.4489 3.5194 3.5624
3.3422 3.3422 3.4479 3.4758 3.5075 3.5340 3.5619 3.7092 3.7388 3.7388 3.6722 3.8227 3.7388 3.3955 3.0343 3.3922 3.0329 3.0354 3.0295 3.0371 3.3277 3.4271 3.3632 3.3632 3.2771 3.0162 3.0163 3.2032 3.3359 3.1736 3.1783 2.9874 2.9874 2.9874 2.9874 3.2758 3.2758 3.2758 3.2758 3.1757 3.1757 2.8225 2.8225 2.8225 2.8225 2.9785 3.1769 3.1798 3.1872 3.1996 3.2072 3.2355 3.2604 2.9953 2.9945 2.9842 3.3241 3.5659 3.5574 3.4060 3.2959 3.2500 3.2500 3.0058 3.0058 3.3801 2.9998 2.7932 3.3297 3.3297 3.3734
4.9850 3.4654 3.4779 3.5053 3.5271 3.5330 3.5443 3.4393 3.7388 3.7388 3.7388 3.8228 3.7388 3.6915 3.6915 3.3955 3.0305 3.0329 3.0270 3.0344 3.0183 3.4718 3.3632 3.3668 3.3632 3.1969 3.3309 3.3668 3.3668 3.2758 3.1714 3.2731 2.8380 2.9874 2.9874 3.2758 3.2758 3.2758 3.2758 3.1757 2.9785 2.8225 2.8225 2.8225 2.8225 2.9786 2.9793 3.1969 3.2029 3.1879 3.1789 3.2995 3.3031 3.2824 3.2824 3.5574 3.5574 3.5574 3.5574 3.5574 3.3031 3.4320 3.4320 3.4320 3.4320 3.4320 3.3735 2.7932 3.3703 3.4389 3.4389
4.9850 4.9850 3.4909 3.5601 3.5379 3.5424 3.5525 3.6421 3.7089 3.7388 3.7388 3.8228 3.9496 3.6915 3.6915 3.6915 3.0283 3.5405 3.0184 3.0184 3.8766 3.0184 3.3309 3.3668 3.3632 3.3041 3.3668 3.3668 3.3668 3.2758 3.1714 3.3321 3.2758 2.8380 3.1714 3.1756 3.2812 3.2805 3.2802 2.9803 2.9802 2.9800 2.9798 2.9796 3.3027 3.2524 3.1769 3.1895 3.3291 3.2300 3.2995 3.3031 3.3031 3.3031 3.3031 3.3031 3.3031 3.2606 3.2606 3.3031 3.3049 3.4390 3.4389 3.4389 3.4389 3.3735 3.3735 3.4389 3.4389 3.4389 3.4359
4.9850 4.9850 4.9850 4.9850 3.5601 3.5601 3.5670 3.6571 3.7388 3.7388 3.7388 3.8228 3.7388 3.6915 3.6915 3.6915 3.6915 3.6915 3.6654 3.6240 3.3773 3.3773 3.3773 3.3041 3.3668 3.3041 3.3668 3.3668 3.3668 3.2758 3.1750 3.3321 3.3321 3.2758 3.2283 3.2383 3.2341 3.2320 3.1728 3.1771 2.9790 2.9789 2.9788 3.1758 3.3003 3.3039 3.1805 3.1836 3.2419 3.2239 3.1597 3.2630 3.3031 3.3031 3.3031 3.3031 3.3031 3.3031 3.2630 3.2630 3.5155 2.7056 3.3324 3.6167 3.6167 3.3297 3.4359 3.4359 3.4390 3.4390 3.4390
