test/test_data/tcaap/monthly_variance_over_all_Jul__actual_et__2015-01-01_to_2019-12-31__180_by_260__inches.asc
NCOLS        180
NROWS        260
XLLCORNER     476375.000
YLLCORNER    4970875.000
CELLSIZE        100.000
NODATA_VALUE -9999.
[rows 0 to 29 of 260, columns 0 to 68 of 180]
0.74565 1.0614 1.5553 1.5553 1.0420 0.99733 0.99961 0.98021 1.0562 1.0314 1.0300 1.0300 1.0273 1.0273 1.0273 0.94017 0.94199 1.0266 0.95404 0.95404 0.74154 0.75046 0.75046 0.75137 0.82480 0.82480 0.75137 0.75137 0.75212 0.75212 0.75212 1.0110 1.0066 1.0066 1.0066 1.0238 1.0238 1.0066 1.0066 1.0066 1.0066 1.0255 1.0544 1.0544 1.0544 1.5409 1.5409 1.5409 1.5409 1.0281 1.0281 1.0281 1.0281 1.0550 1.0550 1.0550 1.0305 1.0305 1.0305 1.0305 1.0305 0.77820 0.77820 0.76837 0.76837 0.76837 0.76837 0.76837 0.76837
0.81983 0.81981 1.5553 1.5553 1.0318 1.0100 1.0100 0.98021 1.0562 1.0383 1.0369 1.0300 1.0300 1.0300 1.0178 1.0300 0.95502 0.96417 0.97610 0.97610 1.0310 1.1229 1.1229 1.1303 1.1303 1.5495 0.75137 0.75212 0.75212 1.0373 1.0373 1.0524 1.0524 1.0500 1.0524 1.0524 1.0524 1.0524 1.0524 1.0524 1.0284 1.0284 0.84966 1.0323 1.0544 1.5409 1.5409 1.5409 1.5409 1.5409 1.0281 1.0281 1.0318 1.0318 0.97550 1.0550 1.0305 1.0305 1.0305 1.0305 1.0305 1.0305 0.97550 1.0194 1.0194 1.0194 1.0194 1.0194 1.0194
0.98850 0.81983 1.5554 1.5554 1.0100 1.0100 0.94980 1.0100 1.0591 1.0314 1.0300 1.0300 1.0300 1.0273 0.99811 1.0163 0.99811 1.0407 1.1139 1.0251 1.1139 1.1672 1.1672 1.1229 1.2682 1.0140 1.0140 0.75212 1.0110 1.0373 1.0373 1.0524 1.0524 1.0524 1.0524 1.0524 1.0524 1.0524 1.0265 1.0265 1.0265 0.76094 0.76672 0.85109 0.85109 1.5415 1.5415 1.5415 1.5415 1.5415 1.0223 1.0223 1.0310 1.0310 0.85947 1.0406 1.0305 1.0305 1.0305 1.0305 1.0305 1.0305 1.0305 1.0194 1.0194 1.0194 1.0194 1.0194 1.0194
0.98850 1.0614 1.0475 1.5554 1.5554 1.0100 1.0100 1.0591 0.99718 1.0314 1.0300 1.0300 1.0300 1.0300 0.99811 1.0257 0.74218 1.1139 1.5517 1.5517 1.1139 1.1672 1.1672 1.1432 1.2682 0.99280 1.0140 0.78672 0.95002 0.75212 1.0227 1.0596 1.0524 1.0524 1.0524 1.0524 1.0524 1.0524 1.0524 1.0265 1.0265 1.0265 0.76672 0.76672 0.76672 0.76672 1.0020 1.0005 0.84966 0.84966 0.84966 0.76672 0.78008 0.78008 1.0406 1.0406 1.0406 1.0298 1.0298 1.0298 1.0298 1.0298 1.0298 1.0256 1.0256 1.0256 1.0256 1.0256 1.0194
1.0545 1.0933 1.0745 1.5554 1.5554 1.0100 1.0528 0.96883 1.0100 1.0314 1.0300 1.0300 1.0300 1.0300 1.0300 1.0273 0.99811 1.5517 1.5517 1.5517 1.1217 1.1432 1.1432 1.1502 1.1502 0.99182 0.96495 0.75212 0.75212 0.75212 1.0227 1.0596 1.0524 1.0524 1.0524 1.0524 1.0524 1.0524 1.0524 1.0524 1.0484 1.0265 1.0211 1.0211 1.0457 1.0223 1.0223 0.84966 0.84966 0.84966 0.84966 0.84966 0.78008 0.78008 0.78008 1.0298 1.0298 1.0298 1.0298 1.0298 1.0298 1.0298 1.0298 1.0256 1.0256 0.97540 1.0256 1.0256 1.0256
1.0501 1.0933 1.0933 1.5554 1.5554 1.5554 1.5554 1.0100 0.94980 1.0314 1.0300 1.0300 1.0300 1.0300 1.0300 1.0273 0.99811 1.5517 1.5517 1.5517 1.1347 1.1229 1.1229 1.1303 1.0227 0.97516 0.96495 1.0110 0.75212 0.75212 1.0437 1.0379 1.0265 1.0524 1.0524 1.0524 1.0524 1.0524 1.0524 1.0524 1.0524 1.0265 1.0211 1.0211 1.0457 1.0457 1.0223 0.76622 0.84966 0.76672 0.76672 1.0223 1.0310 0.85948 0.78008 1.0298 1.0406 1.0406 1.0527 1.0298 1.0298 1.0298 1.0298 1.0256 1.0256 1.0256 1.0256 1.0256 1.0256
1.1336 1.0435 1.0545 1.5554 1.5554 1.5554 1.5554 1.5554 1.0552 1.0314 1.0300 1.0300 1.0300 1.0300 0.99811 0.99811 1.2951 0.80836 1.1139 1.1448 1.1347 1.1229 1.1395 1.1303 1.1303 0.97516 0.97516 0.97516 0.75137 0.75137 1.0091 1.0265 1.0265 1.0524 1.0524 1.0524 1.0524 1.0524 1.0524 1.0524 1.0524 1.0265 1.0323 1.0421 1.0211 1.0457 1.0457 0.96260 0.96260 1.0223 1.0223 1.0223 1.0310 1.0310 0.96941 1.0490 1.0406 1.0406 1.0527 1.0298 1.0298 1.0298 1.0298 1.0256 1.0256 1.0256 1.0256 1.0256 1.0256
1.0545 1.0878 1.0878 1.5554 1.5554 1.1416 1.5554 1.5554 1.0552 1.0552 1.0300 1.0300 1.0300 1.0273 0.99811 0.99811 0.99811 0.94199 0.93878 0.94543 0.75137 0.75137 0.75137 0.75137 0.75137 0.75137 0.75137 0.75137 0.75212 0.75212 1.0227 1.0265 1.0265 1.0284 1.0284 1.0524 1.0524 1.0524 1.0524 1.0524 1.0524 1.0211 1.0323 1.0323 1.0421 1.0435 1.0435 0.96738 0.96738 0.76672 1.0223 1.0223 1.0310 1.0310 0.96941 0.78008 1.0178 1.0527 1.0298 1.0298 1.0298 1.0298 1.0402 1.0402 1.0256 1.0256 1.0256 1.0256 1.0256
1.0846 1.0925 1.0878 1.5554 1.5554 1.1416 1.1416 1.5554 1.0552 1.0552 1.0537 1.0300 1.0300 1.0286 0.99811 0.99811 0.99811 0.74218 0.99991 0.99991 0.75137 0.75137 0.75212 0.75212 0.75212 0.97098 0.75137 0.75137 0.75137 0.75137 1.0091 1.0265 1.0484 1.0284 1.0284 1.0524 1.0524 1.0524 1.0524 1.0592 1.0500 1.0211 1.0211 1.0323 1.0421 1.0435 1.0223 0.76672 0.96738 0.76672 0.96261 1.0001 1.0310 0.78008 0.98394 0.78008 1.0504 1.0527 1.0298 1.0298 1.0298 1.0298 1.0256 1.0256 1.0256 0.77367 0.77367 1.0256 0.97540
1.0846 1.0925 1.0925 1.0328 1.5520 1.1501 1.1501 1.5520 1.0486 1.0519 1.0405 1.0164 1.0164 1.0164 0.99811 1.0273 1.0300 0.99991 0.99991 0.99991 0.83332 0.75212 0.75212 0.75212 0.75137 0.75137 0.78671 0.75212 0.75212 0.75212 1.0091 1.0265 1.0379 1.0524 1.0524 1.0524 1.0524 1.0524 1.0524 1.0524 1.0524 1.0457 1.0211 1.0323 1.0323 1.0211 1.0223 1.0339 0.96738 0.96738 1.1526 1.1526 0.85948 0.98394 0.98394 0.81784 1.0310 1.0527 1.0527 1.0298 1.0298 1.0298 1.0256 1.0256 1.0256 1.0256 1.0256 1.0256 1.0256
1.0925 1.0925 1.0925 1.0925 1.5520 1.1501 1.1501 1.5520 1.0465 1.0404 1.0405 1.0164 1.0164 1.0075 1.0164 0.98878 1.0164 1.0164 0.99036 0.99036 0.99980 0.75019 0.75019 0.75033 0.75019 0.79056 0.78671 0.78671 0.75212 0.75212 1.0091 1.0265 1.0379 1.0524 1.0524 1.0524 1.0524 1.0524 1.0524 1.0524 1.0524 1.0457 1.0457 1.0457 1.0211 0.76672 0.96261 1.0339 1.0328 0.80468 0.80468 0.76672 0.85948 1.0504 1.0560 1.0504 1.0504 0.78008 1.0298 1.0298 1.0298 1.0298 1.0256 1.0256 1.0256 1.0256 1.0256 1.0256 1.0256
0.95739 0.95739 1.0925 1.0925 1.5521 1.1501 1.1501 1.5521 1.5521 1.1259 1.0033 0.98878 1.0164 1.0164 0.98878 1.0015 1.0164 1.0164 0.99036 0.99036 0.99980 0.75020 0.75020 0.75033 0.75033 0.75020 0.79056 0.75033 0.75033 0.99893 0.99893 1.0085 1.0085 1.0085 1.0315 1.0315 1.0315 1.0315 1.0524 1.0524 1.0524 1.0223 1.0223 1.0223 1.0223 0.76672 0.76672 1.0435 0.88357 0.76672 1.0211 1.0211 1.0406 1.0406 1.0527 1.0527 1.0527 1.0298 1.0298 0.78008 1.0298 1.0298 1.0256 1.0449 1.0581 1.0479 1.0256 1.0256 1.0256
1.0836 1.0836 1.0925 1.1964 1.0925 1.5521 1.1501 1.5521 1.5521 1.1169 1.1169 0.98878 0.98878 1.0565 0.98878 0.98878 1.0130 1.0130 1.0130 0.99036 0.75033 0.75033 0.83246 0.94994 0.94994 0.75020 0.75020 0.75033 0.75033 0.75033 0.99894 1.0085 1.0085 1.0085 1.0315 1.0085 1.0085 1.0276 1.0085 1.0315 1.0315 1.0235 1.0235 1.0235 1.0235 0.77108 0.97871 1.0226 1.0432 1.0374 1.0211 1.0211 1.0298 1.0298 1.0527 1.0370 1.0310 1.0298 1.0298 0.78008 0.78008 1.0298 1.0256 1.0256 1.0256 1.0256 1.0256 1.0256 1.0256
1.0328 1.0836 1.0925 1.0925 1.1043 1.0403 1.5521 1.1736 1.5521 1.1169 1.1169 1.1169 1.1112 1.0164 1.0164 0.98879 0.98879 1.0130 0.98879 0.73380 0.83289 0.99980 0.94229 0.75033 0.75033 0.75020 0.75020 0.75033 0.75033 0.99894 1.0085 1.0085 1.0085 1.0085 1.0276 1.0178 1.0085 1.0276 1.0085 1.0085 1.0315 1.0235 1.0235 1.0235 1.0235 1.0235 1.0226 1.0226 1.0321 0.80902 0.77108 1.0529 1.0529 1.0301 1.2856 1.0301 1.0301 1.0529 1.0619 1.0301 1.0301 0.78263 0.77367 1.0256 1.0256 1.0256 1.0256 1.0256 1.0256
1.0328 1.0328 1.0836 1.0925 1.1043 1.1043 1.0791 1.5521 1.5521 1.5513 1.0879 1.1169 1.0130 0.98879 1.0164 1.0164 1.0015 0.98879 0.94405 0.98879 0.75033 0.99981 0.99981 0.75033 0.75026 0.75020 0.75020 0.75033 0.75033 0.99894 1.0085 1.0085 1.0085 1.0085 1.0085 1.0085 1.0315 1.0315 1.0315 1.0315 1.0315 1.0235 1.0235 1.0235 1.0235 1.0432 1.0456 1.0456 0.97871 0.77108 0.77108 1.0529 1.0529 1.5376 1.2856 1.0470 1.0402 1.0529 1.0529 1.0301 1.0301 1.0301 0.77763 1.0214 1.0214 0.77763 1.0214 1.0214 1.0214
1.0328 1.0328 1.0328 1.0836 1.0925 1.0925 1.0925 1.0925 1.5521 1.5513 1.5513 1.1169 1.1169 0.98879 1.0232 1.1599 1.0164 0.73380 0.97495 0.94405 0.75033 0.99981 0.99981 0.99981 0.94229 0.75025 0.75020 0.75020 0.75033 0.95630 0.96339 0.96339 0.96339 1.0085 1.0085 1.0085 1.0178 1.0315 1.0315 1.0315 1.0315 1.0456 1.0456 1.0456 1.0235 0.77108 1.0226 0.96667 0.96667 1.0226 1.0226 1.0529 1.0529 1.5376 1.2856 1.1425 1.0301 1.0402 1.0619 1.0718 1.0301 1.0301 0.97203 0.77761 0.77758 0.77752 1.0422 1.0422 1.0629
1.0328 1.0328 1.0328 1.0836 1.0239 1.0272 1.0925 1.0925 1.0925 1.5513 1.5513 1.5513 1.1323 1.1169 0.98879 1.0793 1.0164 1.0164 0.98483 0.97758 0.98747 0.99981 0.99981 0.99981 0.99981 1.0109 0.75025 0.75025 0.75026 0.96999 0.97728 0.96339 0.96339 1.0085 1.0085 1.0085 0.75059 1.0178 1.0178 1.0085 1.0315 1.0456 1.0456 1.0456 0.77108 0.77108 0.77108 0.77108 0.77108 1.0226 1.0400 1.0529 1.0529 1.5376 1.2856 1.0470 1.5376 1.0301 1.0482 1.0301 1.0301 1.0301 1.0214 0.77762 0.77760 0.85884 1.0214 1.0214 1.0214
0.74531 0.74531 1.0328 1.0916 1.0239 1.0272 1.0272 1.0925 1.0925 1.0794 1.5513 1.5513 1.5513 1.1147 1.1169 0.98879 1.0164 1.0164 1.0015 0.81534 0.83289 0.98161 0.99981 0.99981 0.99981 0.83289 0.83249 0.75027 0.75033 0.75033 0.75059 0.75059 0.75059 1.0085 1.0085 0.96339 0.75059 1.0085 1.0085 1.0315 1.0315 1.0456 1.0456 1.0235 0.77108 0.77108 0.96485 0.77108 0.77108 1.0226 1.0226 1.0301 1.0301 1.5377 1.5377 1.5377 1.5377 1.5377 1.5377 1.5377 1.0301 1.0301 1.0214 0.98246 0.77763 0.77763 0.77754 0.98246 1.0214
1.0328 1.0328 1.0328 1.0836 1.0328 1.0272 1.0272 1.0925 1.0925 1.0794 1.0794 1.5513 1.5513 1.5513 1.0628 1.0840 1.0164 1.0164 0.98879 0.83289 0.83289 0.83289 0.99981 0.99981 0.75033 0.75033 0.75033 0.75029 0.75029 0.75033 0.75059 0.75059 0.75059 1.0085 0.95411 0.95411 0.75059 1.0085 1.0276 1.0315 1.0315 1.0456 1.0456 1.0235 0.77108 0.77108 0.77108 0.77108 1.0226 0.77108 1.0226 1.0301 1.0301 1.0301 1.5377 1.5377 1.5377 1.5377 1.5377 1.5377 1.0402 1.0301 1.0214 1.0214 0.98246 0.97553 0.97659 0.77763 0.77763
1.0287 1.0287 1.0404 1.0404 1.0404 1.0941 1.0236 1.0651 0.99033 1.0794 1.0794 1.0794 1.5513 1.5513 1.5513 1.5513 1.0164 0.98879 0.98879 1.0223 1.0203 0.99981 0.99981 0.99981 0.99981 0.99981 0.94229 0.75033 0.75033 1.0173 1.0178 1.0093 1.0093 0.75059 0.75059 0.75059 0.75059 0.96339 1.0085 0.75059 1.0235 1.0235 1.0235 1.0235 0.85306 0.77108 0.77108 0.77108 0.77108 0.96485 1.0226 1.0301 1.0301 1.0529 1.0529 1.5377 1.5377 1.5377 1.5377 1.5377 1.0402 1.0667 1.0629 1.0214 1.0457 1.0297 1.0643 1.0433 1.0433
1.0287 1.0287 1.0404 1.0404 1.0404 1.0236 1.0236 1.0236 0.98954 0.99189 0.99189 1.0458 1.0619 1.1171 1.5504 1.5504 1.5504 0.99518 1.0196 1.0303 1.0223 1.0223 0.99981 0.99981 0.99981 0.99981 0.99981 0.99981 0.99981 1.0223 1.0315 1.0093 1.0093 1.0093 1.0093 0.75059 0.75059 1.0291 1.0315 0.75059 0.77108 0.96485 0.96485 1.0235 0.77108 0.77108 0.77108 0.77108 0.77108 1.0321 1.0321 1.0301 1.0301 1.0489 1.0529 1.0529 1.0301 1.0301 1.0482 1.0301 1.0402 1.0422 1.0214 1.0214 1.0422 1.0618 1.0643 1.0643 1.0433
1.0287 1.0538 1.0538 1.0404 1.0287 1.0287 1.0236 1.0236 0.99348 0.99189 0.99189 1.0592 1.0458 1.0887 1.0887 1.5504 1.5504 1.0064 1.0196 1.0303 1.0303 1.0303 1.0085 1.0085 1.0085 1.0085 0.95516 0.95516 1.0085 1.0265 1.0316 1.0099 1.0093 1.0093 1.0093 1.0315 1.0315 1.0315 1.0315 1.0085 1.0226 0.97871 0.97871 0.96485 1.0235 1.0235 1.0235 0.85306 0.77108 1.0456 1.0456 1.0301 1.0301 1.0489 1.0402 1.0402 1.0402 1.0301 1.0301 1.0301 1.0619 1.0537 1.0214 0.97204 1.0618 1.0743 1.0743 1.0667 1.0667
1.0287 1.0287 1.0287 1.0287 1.0287 1.0287 1.0236 1.0236 0.99348 0.99189 0.98969 1.0806 1.0458 1.0685 1.1172 1.5504 1.5504 1.5504 1.0196 1.0303 1.0303 1.0185 1.0303 1.0085 1.0085 0.95516 0.95519 0.95516 0.95516 1.0265 1.0273 1.0099 1.0099 1.0316 1.0316 1.0316 1.0316 1.0316 1.0091 1.0091 1.0065 0.96753 0.96753 0.96753 1.0235 1.0235 1.0235 1.0328 0.96668 1.0226 1.0456 1.0489 1.0301 1.0489 1.0529 1.0402 1.0402 1.0301 1.0301 1.0301 1.0619 1.0667 0.77763 1.0214 1.0461 1.0743 1.0743 1.0667 1.0667
1.0287 1.0287 1.0287 1.0287 1.0287 1.0287 1.0100 1.0236 0.99348 0.99189 0.98969 1.0806 1.0458 1.0513 1.1172 1.1172 1.5504 1.5504 0.99616 1.0185 1.0185 1.0303 1.0085 1.0185 0.95959 0.95959 0.95516 0.95516 0.75355 1.0281 0.95310 1.0316 1.0316 1.0316 1.0316 1.0316 1.0316 1.0091 1.0091 1.0091 1.0065 0.96753 0.96753 0.96753 1.0073 1.0073 1.0073 1.0073 0.75844 1.0065 1.0065 1.0147 1.0391 1.0391 1.0391 1.0391 1.0301 1.0301 1.0301 1.0301 1.0482 1.0422 1.0667 1.0424 1.0128 1.5344 1.0421 1.0667 1.0422
0.75102 1.0287 1.1065 1.0287 1.0287 1.0287 1.0100 1.0236 0.99189 0.99189 0.98970 0.98970 0.96952 0.96952 1.0458 1.0990 1.5504 1.5504 1.0064 1.0303 1.0303 1.0303 1.0085 0.99034 0.99034 0.75355 0.75355 0.75355 0.83796 1.0077 1.0091 1.0091 1.0316 1.0316 1.0316 1.0180 1.0091 1.0091 1.0091 1.0091 1.0065 0.96753 0.96753 0.96753 0.75844 1.0272 1.0073 1.0272 0.96753 0.95124 1.0257 1.0391 1.0391 1.0459 1.0391 1.0391 1.0391 1.0355 1.0361 1.0361 1.0361 1.0217 1.0693 1.0693 1.0693 1.0315 1.0315 1.3146 1.5344
0.75102 1.0538 1.1065 1.0287 1.0287 1.0287 1.0287 1.0651 0.99189 0.99189 0.98970 0.98970 0.99189 0.99189 1.0414 1.0887 1.2175 1.5504 1.1034 1.0077 1.0303 1.0303 1.0303 0.83796 0.83796 0.75355 0.75355 0.75355 0.75355 1.0091 1.0091 1.0316 1.0316 1.0091 1.0180 1.0180 1.0091 1.0091 1.0091 1.0316 1.0299 0.96753 1.0175 0.99987 0.75844 0.75844 0.95124 1.0175 1.0272 0.95124 1.0391 1.0391 1.0391 1.0391 1.0355 1.0391 1.0391 1.0147 1.0147 1.0361 1.0609 1.0437 1.0437 1.2052 1.0693 1.0463 1.2469 1.0811 1.0811
0.75102 0.75102 1.1065 1.0287 1.0287 1.0287 1.0287 1.0287 1.0608 0.99189 0.96952 1.0458 1.0263 0.96952 1.0585 1.0585 1.2175 1.5504 1.0944 1.1335 1.0265 1.0265 1.0265 1.0303 0.83796 0.83796 0.75355 0.75355 0.75355 1.0091 1.0180 1.0316 1.0316 1.0180 1.0180 1.0091 1.0283 0.75862 1.0091 1.0316 1.0299 1.0073 0.99987 0.99987 0.84026 0.84026 0.84026 0.95124 1.0073 1.0299 1.0391 1.0391 1.0369 1.0391 1.0355 1.0266 1.0355 1.0147 1.0147 1.0361 1.0609 1.0693 1.0437 1.0437 1.0437 1.0437 1.5333 0.98581 0.98581
0.75102 0.75102 1.0287 1.0287 1.0287 1.0287 1.0287 1.0287 1.0263 1.0064 1.0263 1.0458 1.0263 0.96952 0.96952 1.0887 1.1367 1.5504 1.0753 1.0354 1.0303 1.0265 1.0265 1.0303 0.83796 0.75355 0.75355 0.83796 0.75355 0.75862 0.75862 0.75862 0.84244 0.99198 0.95900 0.97286 0.97286 0.95900 0.99198 1.0193 1.0178 0.97090 0.95746 0.84026 1.0073 1.0073 1.0073 0.75844 1.0073 1.0073 1.0156 1.0156 1.0156 1.0156 0.96206 0.77007 0.77007 1.0147 1.0147 1.0147 1.0391 1.0449 1.0449 1.0646 1.0449 1.0217 1.0217 1.0217 0.97498
1.0287 1.0287 0.75102 0.75102 1.0287 1.0287 1.0287 1.0287 1.0263 1.0263 0.73858 1.0360 1.0695 1.0695 0.99189 0.97999 1.5504 1.5504 1.0064 1.0303 1.0303 1.0303 1.0303 1.0303 1.0085 1.0085 1.0085 0.83796 1.0085 1.0099 1.1055 1.1055 0.87183 0.84244 1.0407 0.97286 0.97286 0.75779 1.0099 1.0193 0.95746 0.75844 0.75844 0.95124 1.0073 1.0178 0.75844 0.75844 0.75844 0.75844 0.77007 0.77007 0.77007 0.85304 0.96233 0.77007 0.77007 1.0147 1.0147 1.0147 1.0391 1.0449 1.0449 1.2004 1.1665 1.1665 1.0217 1.0217 1.0217
1.0165 1.0165 1.0287 1.0287 0.75103 0.75103 1.0287 1.0287 1.0263 1.0360 0.73858 1.0360 1.0360 1.0428 1.1001 1.1001 1.5504 1.5504 1.0064 1.0303 1.0303 1.0303 1.0303 1.0185 1.0085 1.0085 1.0085 1.0085 1.0085 1.0099 1.0099 1.0099 1.0099 1.0099 1.0193 1.0099 0.75863 1.0099 1.0099 0.75863 0.75844 0.75844 0.75844 1.0073 1.0073 1.0073 0.96754 0.96754 0.96754 0.75844 0.77007 0.77007 0.77007 0.85305 0.85312 0.77007 0.77007 1.0361 1.0147 0.96694 1.0147 1.0693 1.0663 1.0810 1.1665 1.1665 1.0693 1.0217 1.0217
