test/test_data/tcaap/monthly_variance_over_all_Aug__actual_et__2015-01-01_to_2019-12-31__180_by_260__inches.asc
NCOLS        180
NROWS        260
XLLCORNER     476375.000
YLLCORNER    4970875.000
CELLSIZE        100.000
NODATA_VALUE -9999.
[rows 87 to 115 of 260, columns 67 to 133 of 180]
1.0073 1.0073 1.0073 1.0073 1.0073 1.0073 1.0073 1.0073 1.2458 1.2458 0.82025 0.81934 0.91521 0.91521 1.0293 0.91831 0.96375 0.92118 0.74065 0.74672 0.77138 0.91342 0.92990 0.94546 0.94546 0.92990 0.92990 0.92990 0.92990 0.91342 1.2445 1.2456 1.2456 1.2456 1.2456 1.2456 1.2456 1.0044 1.0044 0.94830 0.97690 1.0080 1.0080 1.0080 1.0080 0.92261 0.97946 0.92261 0.80207 0.99562 1.0080 1.0080 1.0070 0.92591 0.92591 0.98790 1.0006 0.99484 1.0070 0.98790 0.98790 0.99484 0.98730 0.91914 0.99878 0.99878 0.99878
0.99472 0.99472 0.99472 0.99472 0.99472 0.99472 0.99472 0.98332 1.2445 1.2445 0.80732 0.81936 0.81735 0.97591 0.94216 1.2463 1.2463 0.92586 0.92251 0.76436 0.77138 0.91342 0.91342 0.94546 0.91990 0.91990 0.91990 0.94546 0.94546 0.94546 1.2446 1.2456 1.2456 1.2456 1.2456 1.2456 1.2456 1.0044 1.2456 1.2456 1.0044 1.0080 0.97947 1.0080 1.0080 0.92261 0.97947 0.95646 0.95646 1.0080 1.0080 1.0080 1.0070 0.92591 0.92591 1.0007 0.99485 1.0070 1.0070 0.99485 1.0070 1.0070 1.0051 1.0051 0.98731 0.99879 0.99879
0.95468 0.98078 0.98078 0.98078 0.99473 0.99473 0.98332 0.98332 1.2445 0.95634 0.96120 0.96277 0.96057 0.96541 0.94223 1.2442 0.91330 0.91346 0.91346 0.76438 0.74349 0.89751 0.89751 0.91343 0.91343 0.91343 0.92888 0.94547 0.94547 0.94547 1.2446 1.2456 1.2456 1.2456 1.2456 1.2456 1.2456 1.2456 1.2456 1.2456 1.0044 1.0080 1.0080 1.0080 1.0080 0.92261 0.95201 0.95646 0.95646 1.0271 1.0080 1.0080 1.0070 0.92591 0.92591 0.99485 0.99485 1.0070 1.0070 1.0070 1.0070 1.0070 0.98731 0.98731 1.0050 0.99879 0.99879
0.95468 0.98079 0.95468 0.98079 0.99473 0.98333 0.98333 0.95468 0.95468 0.95468 0.96092 0.96226 0.95816 0.96389 0.92897 0.91347 0.91351 0.91347 0.91347 0.90981 0.73830 0.89751 0.89751 0.89751 0.89751 0.91192 0.92533 0.92763 0.92763 0.92763 0.92763 1.2440 1.2440 1.2440 1.2440 1.2456 1.2456 1.2456 1.2456 1.2456 1.2456 0.99564 1.0080 1.0080 1.0080 0.92262 0.95201 1.0014 1.0271 1.0271 1.0080 1.0080 1.0070 0.92592 0.92592 0.99485 1.0070 1.0070 1.0070 1.0070 1.0070 1.0070 0.99880 1.0050 0.99880 0.99880 0.99880
0.93713 0.98079 0.98086 0.98079 0.95469 0.98079 0.98079 0.98079 0.98079 0.98450 0.95816 0.95816 0.98450 0.95816 0.93020 0.91347 0.91347 0.71140 0.92245 0.91812 0.91267 0.92764 0.91166 0.91166 0.92764 0.91166 0.92533 0.92764 0.92764 0.92764 1.2440 1.2440 1.2440 1.2440 1.2440 1.2440 1.2440 1.2440 1.2440 1.2440 1.2440 0.95901 0.98878 0.98878 0.98878 0.90265 0.98878 1.0080 1.0139 1.0139 1.0139 1.0080 1.0070 1.0070 1.0070 1.0070 1.0070 1.0070 1.0070 1.0716 1.0070 1.0070 0.99797 0.97517 0.99880 0.99880 0.99880
0.99474 0.99474 0.98080 0.98080 0.95469 0.98080 0.99474 0.99474 0.99474 0.99884 0.99884 0.98450 0.99884 0.98703 0.92958 0.72696 0.81656 0.92245 0.92245 0.91812 0.91267 0.92764 0.92764 0.92764 0.91166 0.91166 0.92764 0.92764 0.92764 0.92764 1.2440 1.2440 1.2440 1.2440 1.2440 1.2440 1.2440 1.2440 1.2440 1.2440 0.99304 0.98878 0.98878 0.98878 0.95902 0.99555 0.98878 0.98878 0.98878 0.97499 0.99519 0.98828 0.98828 0.98828 0.98828 0.98828 0.98828 0.98828 0.98828 1.2429 1.2429 0.98858 0.97517 0.97517 0.98732 0.99899 0.98732
0.99475 0.99475 0.98080 0.95469 0.95469 0.98080 0.99475 0.99475 0.99475 0.99884 0.99884 0.99884 0.99884 0.90806 0.72696 0.91004 0.76209 0.92246 0.91813 0.92246 0.91268 0.92764 0.91167 0.91167 0.92203 0.93814 0.92764 0.92764 0.92764 0.92764 0.90967 1.2440 1.2440 1.2440 0.80464 1.2440 1.2440 1.2440 1.2440 1.2440 0.96737 0.98879 0.98879 0.98879 0.90265 0.95002 1.0096 0.98879 0.98879 0.98054 0.98879 0.98829 0.98829 0.98829 0.98829 0.98829 0.98829 0.98829 0.98829 1.2411 1.2411 1.2411 1.2400 0.96663 0.96663 0.93645 0.95063
0.99475 0.99475 0.90531 0.98334 0.95470 1.2446 0.99475 0.99475 0.99475 0.99885 0.99885 0.99885 0.99885 0.90807 0.90807 0.90807 0.90976 0.76209 0.76209 0.92246 0.88718 0.91193 0.92765 0.91049 0.93815 0.92204 0.91268 0.92765 0.92765 0.92765 0.92864 1.2440 1.2440 1.2440 1.2440 0.80464 1.2440 1.2440 1.2440 1.2440 0.99304 0.98879 0.95903 0.98879 0.90266 1.0092 0.98879 0.98879 0.98879 0.98879 0.98879 0.98829 0.98829 0.98829 0.98829 0.98829 0.98829 0.98829 0.98829 0.98829 0.96172 0.90757 0.96067 0.96067 0.96663 0.97944 0.97944
0.99476 0.90531 0.90531 0.90531 1.2446 1.2446 0.98081 0.99476 0.99476 0.99885 0.98451 0.98436 0.98394 0.98275 0.99885 0.90807 0.90977 0.76209 0.92246 0.92246 0.90504 0.88609 0.86043 0.91168 0.91168 0.92765 0.92765 0.91268 0.91268 0.92628 0.92706 0.91952 1.2440 1.2440 1.2440 0.87717 0.87772 1.2440 1.2440 1.2440 0.97843 1.0528 1.0485 0.98880 0.97744 1.0024 0.98880 1.2429 1.2429 1.2429 0.99520 0.95847 0.98830 0.98830 0.98830 0.98830 0.98830 0.98830 0.98830 0.98830 0.98830 0.98830 0.96067 0.96664 0.97944 0.97944 0.97944
0.90532 0.90532 0.99476 0.99476 1.2446 0.98081 0.99476 0.99476 0.99476 0.95818 0.95812 0.95769 0.95645 0.81022 0.80763 0.90807 0.72399 0.76210 0.88456 0.88793 0.88948 0.90190 0.89754 0.91168 0.91168 0.92766 0.92766 0.92766 0.92766 0.88719 0.90407 0.90407 1.2440 1.2440 0.87747 0.80464 0.80463 0.88326 0.99305 0.99305 1.0055 1.1134 1.0017 0.90266 0.90266 1.2429 1.2429 1.2429 1.2429 1.2429 0.90266 0.95848 0.98830 0.98830 0.98830 0.98830 0.98830 0.98830 0.98830 0.98830 0.98830 0.98830 0.96664 0.97945 0.98610 0.99192 0.97945
0.98336 0.90532 0.98336 0.98336 0.98336 0.99476 0.99476 0.99476 0.98082 0.95819 0.95585 0.95417 0.95186 0.81335 0.81657 0.76210 0.76210 0.81657 0.89107 0.87796 0.91050 0.92766 0.91168 0.91168 0.92766 0.92766 0.92766 0.92766 0.92766 0.92629 0.88680 0.88680 0.92601 0.87747 0.80464 0.80464 0.80463 0.80456 0.99306 0.99306 1.0017 1.0664 0.90267 0.98881 0.90267 1.2429 1.2429 1.2429 1.2429 1.2429 1.2429 0.98831 0.98831 0.95848 0.95848 0.98831 0.97697 0.98831 0.80131 0.80131 0.98831 0.98831 0.97945 0.97945 0.98610 1.1096 0.97945
0.94586 0.94586 0.78859 0.98337 0.97441 0.99477 0.99477 0.99477 0.98082 0.95514 0.95302 0.95024 0.81476 0.81933 0.81658 0.81658 0.81792 0.88698 0.88457 0.91270 0.91050 0.92766 0.92766 0.92766 0.89754 0.89754 0.92766 0.92766 0.92766 0.88719 0.88680 0.88680 0.91800 1.2441 1.2441 0.80465 0.73829 0.89590 0.99306 0.99306 0.98881 0.90267 0.95904 0.95904 1.2429 1.2429 1.2429 1.2429 1.2429 1.2429 1.2429 1.2412 0.98831 0.97698 0.98831 0.98831 0.98064 0.98064 0.80131 0.80131 0.98831 0.97946 0.97946 0.98611 0.98611 1.0666 1.0666
0.97236 0.97236 0.97236 0.78859 0.78859 0.98337 0.98337 0.98337 0.98337 0.76722 0.76849 0.77370 0.77686 0.78058 0.78399 0.78682 0.86211 0.88457 0.88457 0.91270 0.87797 0.87797 0.88720 0.89755 0.91195 0.92767 0.91270 0.92767 0.92767 0.88720 0.90969 0.90969 1.2441 1.2441 1.2441 0.89590 0.89590 0.89590 0.92866 0.92866 0.71635 0.98881 0.98881 0.98881 0.92456 1.2429 1.2429 1.2429 1.2429 1.2429 1.2429 1.2412 0.98832 0.90846 0.97698 0.98832 0.98832 0.98832 0.98831 0.98831 0.90846 0.90288 0.98611 0.97525 1.0666 1.1319 0.97946
0.97236 0.97236 0.78860 0.78860 0.78860 0.97236 0.98337 0.98337 0.98337 0.97892 0.96022 0.91133 0.90652 0.78184 0.78456 0.78776 0.86212 0.86212 0.90005 0.90231 0.72717 0.89272 0.88693 0.88693 0.91756 0.91756 0.90231 0.91756 0.91756 0.92767 0.92866 0.92866 0.90970 1.2441 0.89590 0.89590 0.89590 0.89590 0.92866 0.92866 0.92753 0.99319 0.92753 0.90735 0.92753 0.98882 1.2430 1.2430 1.2430 1.2430 1.2430 1.2412 0.98832 0.97699 0.97699 0.98832 0.98832 0.98832 0.98832 0.98832 0.90847 0.97947 0.98612 0.96586 1.0946 1.0831 0.97947
0.98413 0.98381 0.97260 0.97237 0.78860 0.97237 0.98338 0.98338 0.98338 0.97892 0.96033 0.91015 0.90490 0.78479 0.78672 0.78776 0.90006 0.90006 0.90006 0.90231 0.73158 0.88693 0.91756 0.88693 0.90115 0.90231 0.90231 0.91756 0.91756 0.91756 0.91476 0.91476 0.91476 1.2419 0.89579 0.88286 0.88286 0.88286 0.91476 0.89579 0.91618 0.92753 0.92753 0.92753 0.92753 0.92753 0.94672 1.2430 1.2430 1.2430 1.2430 1.2412 0.90847 0.97699 0.97699 0.98832 0.98832 0.95850 0.98832 0.98832 0.98832 0.97947 0.98612 0.97909 0.99782 0.97947 0.97947
0.97428 0.97354 0.97276 0.97238 0.97238 0.98338 0.98338 0.98338 0.98338 0.97893 0.93380 0.90911 0.78029 0.78494 0.72180 0.86212 0.72180 0.90006 0.90006 0.90232 0.79186 0.88694 0.90144 0.90144 0.90115 0.90232 0.90232 0.90697 0.98004 0.90144 0.91477 0.91477 0.91477 0.91477 0.89580 0.88286 0.88286 0.88286 0.89580 0.91477 0.91618 0.91618 0.91618 0.91618 0.91618 0.91618 0.90399 1.2406 1.2406 1.2406 1.2406 1.2405 1.1011 1.0093 1.0013 1.0013 0.98833 0.98833 0.98833 0.98833 0.98833 0.97947 0.98613 0.98613 0.99251 0.97947 0.97947
0.78753 0.78795 0.97300 0.97244 0.97246 0.98339 0.98339 0.98339 0.97893 0.96297 0.93566 0.92705 0.78135 0.72181 1.2428 1.2428 0.86213 0.86213 0.90007 0.89870 0.73158 0.86627 0.91620 0.91620 0.91757 0.92808 0.92808 1.2418 1.2418 0.95361 0.96951 0.91477 0.91477 0.91477 0.89580 0.88287 0.88287 0.89580 0.89580 0.91477 0.91619 0.91619 0.91619 0.91619 0.92686 0.89540 0.79384 0.94820 0.96454 1.2406 1.2406 1.2405 0.90722 1.0829 1.0829 1.1043 0.96168 0.96168 0.96168 0.96168 0.96168 0.95175 0.95834 0.93299 0.97948 0.97948 0.97948
0.78762 0.97337 0.97332 0.97259 0.97267 0.98339 0.98339 0.98339 0.96826 0.96826 0.96298 0.92162 0.78777 0.72181 1.2428 1.2428 0.86213 0.86207 0.86213 0.90233 0.73158 0.86628 0.73158 0.91758 0.91758 0.91153 0.90698 1.2418 0.96054 0.95361 0.97391 0.91477 0.91477 0.91477 0.91477 0.89678 0.85661 0.85765 0.91340 0.91477 0.91619 0.91619 0.91619 0.91619 0.91451 0.87072 0.79294 0.92849 0.97576 0.96030 1.2406 1.2406 1.2406 1.0829 1.0829 1.0829 0.97536 0.96168 0.96168 0.96168 0.96168 0.95176 0.95834 0.95834 0.95176 0.95176 1.2386
0.78776 0.97322 0.97368 0.97362 0.97360 0.98340 0.98340 0.98340 0.96827 0.97894 0.95066 0.88944 0.90007 0.90007 0.90007 0.72181 0.72181 0.86209 0.90007 0.90233 0.86600 0.79192 0.73158 0.79192 0.88764 0.90331 1.2418 1.2418 0.96054 0.95362 0.95362 0.91478 0.91478 0.91478 0.91478 0.91478 0.90377 0.85985 0.78809 0.91478 0.91619 0.91619 0.91619 0.91619 0.89637 0.89637 0.90400 0.87184 0.97577 0.97577 0.95318 0.97920 1.2406 1.2406 1.2406 1.1053 0.97536 0.96169 0.96169 0.96169 0.96169 0.95176 0.95176 0.95835 0.95176 0.95176 1.2386
0.78795 0.97299 0.97406 0.97403 0.97401 0.98507 0.98340 0.98340 0.97894 0.97894 0.96571 0.96571 0.90008 0.90008 0.90008 0.90008 0.86213 0.86211 0.90008 0.90233 0.72718 0.72718 0.85432 0.79185 0.79187 0.73159 1.2418 1.2418 0.96055 0.95362 0.95362 0.91478 0.91478 0.91478 0.91478 0.91478 0.91353 0.86346 0.91478 0.91478 0.91620 0.91620 0.91620 0.91620 0.91620 0.91620 0.91620 1.0036 0.95441 0.97577 0.96825 0.96825 1.2406 1.2406 1.0830 1.0531 0.96919 0.96169 0.96169 0.96169 0.96169 0.95177 0.95177 0.95177 0.95177 0.95177 1.2386
0.78822 0.97268 0.97439 0.97441 0.97440 0.95002 0.98988 0.98341 0.97895 0.97895 0.97895 0.95067 0.76707 0.90008 0.90008 0.90008 0.86217 0.86221 0.86214 0.72719 0.72719 0.73159 1.2418 0.79185 0.79187 1.2418 1.2418 0.96055 0.96055 0.95362 0.95362 0.96953 0.96953 0.95611 0.96953 0.90423 0.92742 0.86123 0.91249 0.91479 0.91620 0.91620 0.91620 0.91620 0.91620 0.91620 0.91620 1.0836 0.97577 0.97577 0.96825 0.96825 0.95319 1.0951 1.0479 0.98842 0.98209 0.96170 0.96170 0.96170 0.96170 0.95177 0.95177 0.95177 1.0160 1.2386 1.2386
0.97246 0.97225 0.97468 0.97472 0.97472 0.96216 0.91315 0.97445 0.76707 0.76755 0.87779 0.77507 0.78230 0.78549 0.78709 0.90008 0.78778 0.78773 0.78761 0.79192 0.90234 0.73159 0.72924 0.87355 0.88124 1.2418 1.2418 0.96055 0.96055 0.95363 0.95363 0.95363 0.93035 1.2419 1.2419 0.95363 0.78327 0.86124 0.86124 0.78810 0.89542 0.91319 0.91960 0.92679 0.86674 0.90113 0.91453 0.98075 0.97578 0.97578 0.96826 0.96826 0.95320 0.91472 0.96826 0.96826 0.96170 0.96170 0.96170 0.96170 0.96170 0.92714 0.90209 0.93826 1.2386 1.2386 1.2386
0.95990 0.95987 0.96303 0.96307 0.96308 0.94716 0.89053 0.76048 0.76240 0.76748 0.77153 0.78106 0.78442 0.78603 0.78728 0.72182 0.78768 0.78724 0.79115 0.79083 0.79074 0.72134 0.79106 0.79094 0.84930 1.2419 1.2419 0.77676 0.77676 0.77382 0.77382 0.77382 0.77382 0.77382 1.2419 0.77382 0.77992 0.72369 0.87001 0.90550 0.97578 0.97578 0.93513 0.92803 0.79327 0.90218 0.91453 0.91621 0.97578 0.97578 0.96170 0.95565 0.95565 0.94095 0.96170 0.96170 0.96170 0.96170 0.96170 0.96170 0.90953 0.94083 1.2386 1.2386 1.2386 1.2386 0.93197
0.95888 0.95909 0.96314 0.96319 0.96320 0.89003 0.96274 0.87100 0.76268 0.76769 0.77184 0.77544 0.77671 0.77822 0.77877 0.71731 0.77859 0.77712 0.76855 0.76820 0.76795 0.76782 0.76775 0.77676 0.92012 1.0107 1.2419 0.77676 0.77676 0.77382 0.77382 0.77382 0.77387 0.77400 0.77418 0.77382 0.77805 0.78811 0.91342 0.91454 0.96281 0.96281 0.94189 0.89886 0.79294 0.79377 0.91454 0.91319 0.97579 0.97579 0.96171 0.94988 0.94988 0.94988 0.96171 0.96171 0.96171 0.96171 0.96171 0.93533 0.94084 1.2386 1.2386 1.2386 1.2386 1.2386 0.93198
0.95761 0.95811 0.96320 0.96324 0.75922 0.96274 0.87100 0.75782 0.76268 0.76755 0.77165 0.77511 0.77662 0.77852 0.77873 0.71731 0.77911 0.77663 0.76767 0.89288 0.89520 0.89625 0.76399 0.75677 0.90848 1.0512 1.0512 1.0512 0.75749 0.76165 0.76139 0.76135 0.76143 0.76164 0.77366 0.77421 0.77382 0.78419 0.86125 0.89954 0.97579 1.2407 0.91454 0.88799 0.88799 0.79400 0.88799 0.89543 0.97579 0.97579 0.96171 0.94989 0.94989 0.94989 0.93533 0.96171 0.96171 0.96171 0.96171 0.94989 1.2386 1.2386 1.2386 1.2386 1.2386 0.93198 0.93198
0.95608 0.95691 0.96313 0.96319 0.75925 0.87160 0.75783 0.75783 0.76107 0.76694 0.77062 0.77385 0.77629 0.77825 0.77831 0.85606 0.86596 0.76269 0.75984 0.76284 1.2413 0.90609 0.75914 0.75677 0.90849 0.75677 0.75677 0.75677 0.75441 0.75833 0.75826 0.75867 0.75949 0.76067 0.76218 0.76206 0.76206 0.76206 0.84027 0.87067 0.87067 1.2402 0.90507 0.90507 0.90507 0.90507 0.89543 0.91320 0.97580 0.97580 0.96172 0.96172 0.94989 0.94989 0.96172 0.96172 0.96172 0.96172 0.87915 0.87915 1.2387 1.2387 1.2387 0.93199 0.93199 0.93199 0.93199
0.95432 0.95551 0.96297 0.75932 0.75932 0.75914 0.75783 0.68799 0.68702 0.76604 0.76899 0.77197 0.77394 0.85606 0.85606 0.89184 0.87337 0.76269 0.75339 0.76060 0.90497 0.90943 0.90826 0.90849 0.90849 0.90849 0.75627 0.75281 0.74905 0.75417 0.75428 0.75489 0.75590 0.75719 0.75871 0.76206 0.76206 0.76206 0.84027 0.72305 0.87067 0.87067 0.90507 0.90507 0.90507 0.90507 0.90507 0.90507 0.96169 0.93420 0.94736 0.86304 0.86304 0.91666 0.94736 0.94736 0.94736 0.94736 0.96172 0.87915 1.0368 1.0782 1.0782 0.93199 0.93199 0.93199 0.93199
0.95237 0.95395 0.96261 0.75945 0.75941 0.76049 0.76049 0.68799 0.68728 0.69050 0.76722 0.76951 0.77138 0.86884 0.71732 0.89185 0.76269 0.76269 0.75339 0.75871 0.75754 0.75587 0.75653 0.75691 0.75706 0.75676 0.75432 0.74722 0.74578 0.75073 0.75093 0.75164 0.75272 0.75404 0.75551 0.76207 0.76207 0.76207 0.76759 0.86552 0.78149 0.87067 0.90507 0.90507 0.90507 0.90507 0.90507 0.90507 0.89136 0.94893 0.86304 0.86304 0.86304 0.86304 0.91666 0.91666 0.93502 0.93502 0.91666 0.91666 0.94776 1.0673 1.0781 0.94115 0.92389 0.92389 0.92389
0.95029 0.95226 0.96194 0.75964 0.75951 0.75962 0.76049 0.68855 0.68777 0.68975 0.76566 0.76721 0.76849 0.77073 0.87338 0.87338 0.76269 0.76633 0.75557 0.75746 0.75661 0.75588 0.75648 0.75676 0.75676 0.75619 0.86717 0.86820 0.87303 0.87286 0.87631 0.87322 0.87062 0.87062 0.87062 0.75868 0.76207 0.76207 0.75335 0.87385 0.87085 0.84063 0.90508 0.90508 0.90508 0.88303 0.90508 0.90508 0.90508 1.0363 0.76075 0.86305 0.86305 0.86305 0.94737 0.89117 0.93502 0.93502 0.91666 0.91666 0.91765 1.0674 0.96253 0.92390 0.92390 0.92390 0.92390
