test/test_data/tcaap/monthly_variance_over_all_Mar__actual_et__2015-01-01_to_2019-12-31__180_by_260__inches.asc
NCOLS        180
NROWS        260
XLLCORNER     476375.000
YLLCORNER    4970875.000
CELLSIZE        100.000
NODATA_VALUE -9999.
[rows 29 to 57 of 260, columns 0 to 66 of 180]
0.32803 0.32803 0.33144 0.33144 0.29613 0.29613 0.33144 0.33144 0.32659 0.33103 0.29757 0.33103 0.33103 0.33497 0.34172 0.34172 0.42312 0.42312 0.31742 0.32601 0.32601 0.32601 0.32601 0.32449 0.31939 0.31939 0.31939 0.31939 0.31939 0.32135 0.32135 0.32135 0.32135 0.32135 0.32689 0.32135 0.28576 0.32135 0.32135 0.28576 0.28804 0.28804 0.28804 0.32256 0.32256 0.32256 0.31401 0.31401 0.31401 0.28804 0.29054 0.29054 0.29054 0.29858 0.29875 0.29054 0.29054 0.32904 0.32336 0.31588 0.32336 0.33617 0.33474 0.36772 0.37489 0.37489 0.33617
0.32803 0.32803 0.32803 0.32803 0.32803 0.32803 0.29311 0.33932 0.34355 0.33981 0.33559 0.33254 0.33624 0.34355 0.34173 0.34173 0.42313 0.42313 0.32137 0.32602 0.32602 0.32602 0.32602 0.32449 0.31940 0.31940 0.31940 0.28387 0.28387 0.31057 0.31057 0.32135 0.32135 0.32135 0.32689 0.32135 0.32135 0.32135 0.32135 0.32135 0.28804 0.28804 0.32257 0.32257 0.32257 0.32257 0.32471 0.32226 0.32991 0.28804 0.29054 0.29054 0.31286 0.29855 0.29855 0.29054 0.29054 0.32336 0.32336 0.36840 0.37514 0.33617 0.33617 0.33617 0.33415 0.37489 0.33617
0.32803 0.32803 0.31747 0.31747 0.31747 0.32803 0.30169 0.28898 0.33981 0.33981 0.33981 0.32822 0.32822 0.34356 0.34356 0.34356 0.42261 0.42261 0.32416 0.32416 0.32416 0.32416 0.31693 0.31693 0.31693 0.31952 0.31119 0.31119 0.29314 0.31874 0.32374 0.31057 0.29552 0.32135 0.32135 0.32856 0.32135 0.32700 0.32700 0.32835 0.32257 0.32257 0.32257 0.32257 0.32257 0.32257 0.31081 0.32257 0.32257 0.32824 0.32886 0.31286 0.31286 0.29855 0.29855 0.29855 0.29055 0.33052 0.33611 0.32905 0.38082 0.33618 0.33618 0.33618 0.33474 0.37490 0.33618
0.32804 0.32804 0.31747 0.32511 0.32511 0.32002 0.30169 0.27211 0.33982 0.32852 0.29330 0.32822 0.33254 0.33982 0.34356 0.42262 0.42262 0.42262 0.30440 0.31724 0.27716 0.31694 0.31694 0.31694 0.31952 0.31952 0.31952 0.31952 0.27716 0.31617 0.32167 0.30640 0.30640 0.31887 0.36626 0.35454 0.36626 0.36626 0.36785 0.36773 0.36773 0.32257 0.32257 0.32257 0.32257 0.32257 0.31082 0.32257 0.32257 0.32824 0.32886 0.32367 0.32367 0.29856 0.29055 0.32367 0.32367 0.33053 0.33612 0.32905 0.37490 0.38083 0.33618 0.33618 0.33618 0.33152 0.33152
0.32804 0.32804 0.32512 0.32512 0.32512 0.32290 0.29737 0.29311 0.32823 0.33361 0.32823 0.32823 0.33982 0.34357 0.34357 0.33625 0.42262 0.30461 0.33807 0.33807 0.37189 0.32416 0.32416 0.32416 0.32470 0.31952 0.31952 0.31952 0.32470 0.32167 0.32167 0.30640 0.31887 0.36626 0.37577 0.36686 0.36686 0.36686 0.36686 0.36829 0.37679 0.37679 0.36760 0.32159 0.32159 0.28398 0.30975 0.28398 0.31103 0.31082 0.32367 0.32367 0.32367 0.32367 0.32367 0.32367 0.32367 0.33053 0.33612 0.33141 0.37491 0.37491 0.33152 0.32708 0.33416 0.33416 0.32559
0.31747 0.32804 0.32512 0.32512 0.32512 0.31782 0.31561 0.31026 0.30183 0.33117 0.34194 0.34194 0.34677 0.34357 0.34357 0.42263 0.42263 0.30461 0.33807 0.31725 0.32417 0.32417 0.32417 0.32417 0.32417 0.32470 0.32470 0.32417 0.31941 0.31680 0.37363 0.32322 0.32148 0.37577 0.36686 0.36686 0.37577 0.37577 0.36627 0.35943 0.36829 0.36829 0.35943 0.35608 0.30578 0.37178 0.36135 0.28398 0.29433 0.30975 0.31214 0.31214 0.32345 0.32345 0.32345 0.32937 0.32937 0.33659 0.33659 0.33659 0.33653 0.33416 0.33416 0.33153 0.32920 0.32920 0.33619
0.29311 0.33110 0.32512 0.32512 0.32512 0.31782 0.31798 0.32512 0.30183 0.33543 0.34194 0.33944 0.33944 0.34357 0.34357 0.42264 0.42264 0.33032 0.32417 0.32417 0.32417 0.42214 0.42214 0.32417 0.32471 0.32417 0.32417 0.32417 0.32417 0.31888 0.32642 0.32642 0.34097 0.32136 0.32642 0.32642 0.32642 0.32642 0.32642 0.32898 0.32128 0.34317 0.36830 0.36830 0.30579 0.32742 0.35943 0.36830 0.32418 0.32676 0.32880 0.32880 0.32345 0.33113 0.32948 0.32948 0.32948 0.33660 0.33660 0.37947 0.33654 0.33702 0.32596 0.32596 0.32596 0.33151 0.33857
0.28898 0.32004 0.32513 0.32513 0.32513 0.31782 0.32573 0.32431 0.31752 0.33983 0.34358 0.33625 0.33945 0.34358 0.34358 0.42265 0.42265 0.33032 0.32417 0.32417 0.32417 0.42215 0.42215 0.42215 0.32471 0.32417 0.32417 0.32417 0.32642 0.31888 0.32642 0.31856 0.33782 0.32136 0.32642 0.32642 0.32642 0.32642 0.32642 0.32899 0.32899 0.32899 0.32899 0.32129 0.32160 0.32899 0.32899 0.32377 0.36450 0.32899 0.33113 0.33177 0.33177 0.33113 0.32949 0.32949 0.32949 0.33660 0.33660 0.37617 0.33654 0.33857 0.32596 0.32808 0.33389 0.33857 0.33857
0.30427 0.32291 0.32805 0.31748 0.32513 0.31782 0.32573 0.32486 0.32074 0.33813 0.33813 0.34195 0.33626 0.34358 0.34358 0.42265 0.42265 0.34358 0.32418 0.32418 0.42216 0.42216 0.42216 0.42216 0.33917 0.31695 0.32418 0.33588 0.34368 0.32429 0.32137 0.34098 0.33782 0.32643 0.32643 0.32137 0.32643 0.32643 0.32643 0.32899 0.32899 0.32899 0.32899 0.32899 0.32160 0.32899 0.32899 0.32899 0.34015 0.32949 0.33114 0.33177 0.33177 0.33113 0.33113 0.32949 0.32949 0.32873 0.32873 0.33661 0.33858 0.33858 0.33858 0.33389 0.33858 0.33858 0.35915
0.32513 0.32292 0.32805 0.32805 0.32805 0.32805 0.31748 0.33256 0.33256 0.33814 0.33256 0.34195 0.32225 0.32744 0.33946 0.42266 0.42266 0.42266 0.36785 0.32418 0.42216 0.42216 0.32418 0.33588 0.36887 0.33588 0.33588 0.33588 0.34536 0.33782 0.34098 0.33782 0.32643 0.32429 0.32455 0.32250 0.32643 0.32643 0.32643 0.32899 0.32899 0.32899 0.32129 0.32129 0.28399 0.29433 0.32628 0.33100 0.34016 0.37226 0.37330 0.33015 0.32582 0.36228 0.33015 0.32582 0.33015 0.34939 0.34939 0.32080 0.33703 0.33858 0.33655 0.33655 0.33152 0.35915 0.33858
0.32514 0.32514 0.33111 0.32806 0.32806 0.31749 0.31749 0.33257 0.33257 0.29852 0.33257 0.33626 0.32225 0.31722 0.33626 0.42267 0.42267 0.42267 0.36523 0.32290 0.32534 0.32418 0.32418 0.32418 0.29854 0.33589 0.32418 0.32418 0.32643 0.32643 0.33783 0.32643 0.32643 0.32429 0.31857 0.32643 0.32643 0.32643 0.32643 0.32900 0.32900 0.32677 0.32677 0.32677 0.30976 0.31942 0.32732 0.32900 0.32677 0.34143 0.37226 0.37226 0.34143 0.34143 0.32315 0.36164 0.32315 0.36120 0.35642 0.35871 0.32413 0.32413 0.32413 0.33094 0.33153 0.33858 0.33858
0.33059 0.31971 0.32179 0.33312 0.31971 0.32179 0.32179 0.33352 0.33257 0.29852 0.33814 0.33985 0.33946 0.33627 0.33946 0.42267 0.42267 0.32747 0.33013 0.33013 0.33013 0.32419 0.32419 0.32419 0.31726 0.32419 0.32419 0.32419 0.32644 0.32644 0.32644 0.32644 0.32644 0.32452 0.32644 0.32644 0.32644 0.31857 0.31857 0.32900 0.32900 0.32677 0.32806 0.32130 0.32161 0.32900 0.32900 0.32900 0.31281 0.32315 0.34143 0.34143 0.33115 0.33115 0.33115 0.33115 0.33115 0.32881 0.33662 0.33153 0.33390 0.32413 0.31854 0.36688 0.33153 0.33859 0.33859
0.33060 0.33313 0.33313 0.33560 0.32179 0.32179 0.33060 0.32927 0.33352 0.29582 0.34123 0.34123 0.34123 0.34354 0.32088 0.42245 0.42245 0.32210 0.32786 0.32786 0.33013 0.33013 0.33013 0.33013 0.31727 0.32419 0.32419 0.32419 0.31889 0.32644 0.32644 0.32644 0.32644 0.32644 0.32644 0.31889 0.31889 0.32430 0.32430 0.32379 0.37190 0.32391 0.32961 0.32161 0.32161 0.32900 0.32900 0.32900 0.32130 0.32315 0.32315 0.32315 0.33115 0.33115 0.33115 0.33115 0.33115 0.33115 0.33662 0.33662 0.33859 0.33656 0.33427 0.33773 0.36744 0.33773 0.33859
0.33313 0.33313 0.33313 0.33060 0.32180 0.33060 0.33060 0.33352 0.29582 0.29582 0.32473 0.34123 0.34123 0.34123 0.34123 0.42246 0.42246 0.42218 0.32786 0.32145 0.32923 0.32145 0.32786 0.32923 0.32145 0.32320 0.32174 0.31576 0.31757 0.31757 0.32495 0.32644 0.32644 0.32644 0.32644 0.31890 0.31890 0.32644 0.32138 0.32379 0.32678 0.32901 0.32901 0.32901 0.32161 0.32901 0.32901 0.32901 0.32744 0.31216 0.32571 0.33115 0.33115 0.33115 0.33115 0.33115 0.33115 0.33115 0.33662 0.33662 0.33860 0.33313 0.32628 0.33182 0.36690 0.36690 0.36812
0.33313 0.32180 0.33060 0.33060 0.33060 0.33060 0.33060 0.33353 0.32473 0.32473 0.33353 0.34124 0.34124 0.34124 0.34124 0.42246 0.42246 0.42219 0.32923 0.32787 0.32145 0.32923 0.32923 0.32145 0.31576 0.31576 0.32321 0.32321 0.32495 0.31757 0.31757 0.31757 0.32338 0.32495 0.31726 0.31983 0.27876 0.32495 0.32436 0.32736 0.32965 0.32965 0.32965 0.32901 0.32162 0.32901 0.32901 0.32901 0.32744 0.31216 0.32603 0.33116 0.33116 0.33116 0.32882 0.32316 0.33116 0.33116 0.33663 0.33860 0.33860 0.33313 0.32628 0.33182 0.33182 0.33154 0.33154
0.33314 0.33314 0.31972 0.33061 0.33061 0.33061 0.33499 0.33353 0.32473 0.32473 0.33353 0.34124 0.34124 0.34124 0.34124 0.42247 0.42247 0.42220 0.32924 0.32924 0.32924 0.32924 0.32924 0.32146 0.32321 0.32321 0.32321 0.32321 0.32495 0.31758 0.31758 0.32339 0.31493 0.31983 0.31726 0.31983 0.32495 0.32495 0.32736 0.32965 0.32965 0.32965 0.32965 0.32736 0.28395 0.32965 0.32965 0.32965 0.32803 0.32789 0.33271 0.33271 0.33271 0.33271 0.32504 0.42098 0.42098 0.32316 0.32875 0.33860 0.33860 0.32851 0.33159 0.33182 0.33860 0.33154 0.33392
0.33061 0.33061 0.33061 0.33061 0.33314 0.33061 0.33772 0.33684 0.29582 0.29582 0.32474 0.34124 0.34124 0.34124 0.33671 0.42248 0.42248 0.42221 0.32924 0.32924 0.32924 0.32924 0.32924 0.32146 0.32924 0.31838 0.31838 0.32321 0.31758 0.31758 0.31758 0.30778 0.30778 0.31727 0.32496 0.32496 0.32496 0.32496 0.32965 0.32965 0.32965 0.32965 0.32965 0.32736 0.29438 0.32478 0.32965 0.32965 0.28395 0.32504 0.32504 0.33271 0.32504 0.32504 0.33050 0.41897 0.41897 0.32932 0.33525 0.33729 0.33181 0.33181 0.31737 0.33050 0.33729 0.33729 0.33257
0.33061 0.33061 0.33061 0.33061 0.29408 0.29408 0.32663 0.33684 0.29582 0.29582 0.33354 0.34125 0.34125 0.33354 0.42249 0.42249 0.42249 0.42221 0.32924 0.32924 0.32924 0.32924 0.32924 0.32924 0.32322 0.31839 0.31839 0.31839 0.32496 0.31758 0.28829 0.31984 0.31727 0.32496 0.32496 0.32496 0.32496 0.32496 0.32966 0.32966 0.32966 0.32966 0.32167 0.28395 0.28395 0.32198 0.32966 0.32966 0.31304 0.29137 0.31758 0.31758 0.32504 0.33050 0.33050 0.32504 0.32504 0.33374 0.33607 0.33730 0.33181 0.33029 0.31443 0.32022 0.33730 0.33730 0.33022
0.32459 0.33062 0.33062 0.33062 0.29408 0.29408 0.32225 0.33685 0.29582 0.29582 0.33354 0.34125 0.34125 0.42249 0.42249 0.42249 0.42249 0.42222 0.34200 0.32925 0.32925 0.32925 0.32925 0.32925 0.32322 0.31543 0.31839 0.31839 0.32496 0.31759 0.31483 0.32496 0.32496 0.31759 0.31759 0.31759 0.31759 0.31759 0.32198 0.32966 0.32966 0.32966 0.32167 0.28395 0.28395 0.32198 0.32966 0.31294 0.28395 0.32504 0.32504 0.32504 0.32504 0.35551 0.36037 0.33055 0.33055 0.33055 0.33810 0.33730 0.33730 0.33029 0.31738 0.29880 0.33051 0.32022 0.35368
0.32524 0.31156 0.29408 0.33062 0.32236 0.32587 0.32014 0.32474 0.32474 0.32474 0.33354 0.34126 0.34126 0.42250 0.42250 0.36993 0.42250 0.42223 0.32925 0.32925 0.32925 0.32925 0.32925 0.32925 0.32322 0.32322 0.31543 0.32497 0.32497 0.31759 0.32340 0.32497 0.32497 0.31759 0.31759 0.31759 0.31759 0.31759 0.32199 0.32966 0.32966 0.32966 0.32168 0.28395 0.32199 0.32199 0.32199 0.29438 0.32044 0.35552 0.35552 0.36037 0.36037 0.36037 0.36037 0.36037 0.36037 0.36037 0.35847 0.33731 0.33731 0.33030 0.33588 0.32488 0.35889 0.35889 0.35741
0.32003 0.32524 0.29342 0.32236 0.29408 0.33326 0.32014 0.32475 0.32475 0.33355 0.33355 0.34126 0.34126 0.42251 0.36993 0.36993 0.42251 0.42224 0.32115 0.32925 0.32925 0.32925 0.32147 0.32925 0.32323 0.32323 0.32323 0.32497 0.32497 0.27876 0.27876 0.32497 0.32497 0.31759 0.31759 0.31759 0.31759 0.31759 0.32199 0.32967 0.32967 0.32168 0.28395 0.28395 0.32199 0.32199 0.28395 0.31578 0.34645 0.36038 0.36038 0.36038 0.36038 0.36038 0.36038 0.36038 0.36038 0.36038 0.41900 0.33731 0.33577 0.33182 0.35947 0.34552 0.41930 0.35940 0.35940
0.30606 0.32467 0.32681 0.33063 0.33063 0.33063 0.32930 0.33101 0.33673 0.32464 0.34126 0.34126 0.42251 0.42251 0.36994 0.36994 0.42251 0.33054 0.32926 0.32926 0.32926 0.32147 0.32147 0.32926 0.32926 0.32323 0.32323 0.32497 0.32341 0.28830 0.31759 0.32497 0.32497 0.31759 0.31759 0.31759 0.31759 0.31759 0.32199 0.32805 0.32438 0.42144 0.31044 0.31578 0.28395 0.32199 0.31578 0.32044 0.33378 0.36038 0.36038 0.35816 0.36038 0.36038 0.36038 0.36038 0.36038 0.36038 0.35848 0.35811 0.33183 0.33183 0.35811 0.41930 0.35596 0.35940 0.35793
0.30606 0.32244 0.32244 0.32808 0.32808 0.33089 0.32777 0.31717 0.30784 0.33558 0.32051 0.33986 0.42268 0.36994 0.36994 0.36994 0.42252 0.42225 0.33477 0.32148 0.32148 0.32148 0.32148 0.32148 0.32148 0.32177 0.32177 0.32498 0.32498 0.31495 0.31985 0.32498 0.32498 0.31760 0.31760 0.31760 0.31760 0.31760 0.32199 0.32805 0.42145 0.42145 0.42145 0.42145 0.31578 0.37045 0.42145 0.35887 0.36039 0.36039 0.36039 0.36039 0.36039 0.36039 0.36039 0.36039 0.36039 0.36039 0.35848 0.35812 0.35812 0.41931 0.35597 0.35812 0.35890 0.36082 0.36082
0.32003 0.32003 0.30964 0.32808 0.32808 0.32808 0.32777 0.31717 0.31717 0.32312 0.31752 0.33986 0.42269 0.36926 0.36926 0.36926 0.42269 0.42172 0.30103 0.32176 0.32176 0.32176 0.32176 0.32176 0.32176 0.32927 0.32324 0.32498 0.32498 0.30779 0.31986 0.32498 0.32498 0.31760 0.31760 0.31760 0.31760 0.31760 0.32200 0.42146 0.42146 0.42146 0.42146 0.42146 0.42146 0.42146 0.42146 0.35887 0.36039 0.36039 0.36039 0.36039 0.36039 0.36039 0.36039 0.36039 0.36039 0.36039 0.35849 0.35812 0.35812 0.35597 0.35812 0.35812 0.35891 0.36082 0.35941
0.32003 0.32003 0.32310 0.32808 0.33090 0.32808 0.32777 0.32777 0.32777 0.32537 0.31752 0.33987 0.42269 0.36926 0.36926 0.36926 0.42269 0.36826 0.34124 0.32838 0.32838 0.32828 0.32176 0.32828 0.32828 0.32986 0.32986 0.33158 0.32573 0.31521 0.32573 0.32573 0.32573 0.31797 0.31797 0.31797 0.31797 0.31760 0.32806 0.42147 0.42147 0.42147 0.42147 0.32062 0.42147 0.42147 0.37825 0.37825 0.36040 0.35817 0.36040 0.36040 0.36040 0.36040 0.36040 0.36040 0.36040 0.36040 0.35849 0.35813 0.35813 0.35598 0.36008 0.35813 0.35813 0.35813 0.35598
0.30266 0.32837 0.31784 0.29146 0.32809 0.29146 0.31717 0.31993 0.33090 0.32548 0.30613 0.33987 0.42270 0.42270 0.36927 0.36927 0.42174 0.42174 0.42174 0.32838 0.32838 0.32176 0.32176 0.32176 0.32176 0.32986 0.32986 0.32350 0.33158 0.32403 0.32574 0.32574 0.32574 0.31798 0.31798 0.31798 0.31798 0.32207 0.32821 0.42071 0.42071 0.42071 0.42071 0.42071 0.42071 0.35630 0.36108 0.35555 0.35935 0.36040 0.34646 0.33744 0.33379 0.36040 0.36040 0.36040 0.36040 0.36040 0.35850 0.35813 0.35813 0.35598 0.35575 0.34554 0.35813 0.35813 0.35813
0.30266 0.27911 0.31784 0.31784 0.31754 0.32809 0.31993 0.31993 0.31718 0.29256 0.29256 0.33242 0.42271 0.42271 0.36927 0.36927 0.42175 0.36434 0.32597 0.32839 0.32839 0.32177 0.32177 0.32177 0.32177 0.32986 0.32986 0.33159 0.33159 0.32404 0.32574 0.32574 0.32574 0.32574 0.32574 0.32637 0.32574 0.32985 0.32985 0.42071 0.42071 0.42071 0.42071 0.42071 0.42071 0.34809 0.35769 0.35556 0.35935 0.35935 0.34756 0.35935 0.35935 0.35935 0.35935 0.35935 0.35935 0.35935 0.35836 0.35836 0.35836 0.35814 0.35814 0.35632 0.41934 0.41934 0.35814
0.31784 0.29034 0.31784 0.31784 0.32311 0.32809 0.32778 0.31718 0.32778 0.29257 0.31059 0.32538 0.32538 0.42272 0.36928 0.42272 0.42175 0.42175 0.32839 0.32839 0.32177 0.32177 0.32177 0.32177 0.32177 0.32987 0.32987 0.33159 0.33159 0.32404 0.32574 0.32574 0.32574 0.31765 0.32574 0.30949 0.31765 0.32176 0.32176 0.42072 0.42072 0.42072 0.31555 0.42072 0.42072 0.35721 0.35556 0.35556 0.35936 0.34756 0.34756 0.34756 0.34756 0.35936 0.35936 0.35936 0.35936 0.35936 0.35836 0.35915 0.35836 0.35836 0.35836 0.35836 0.35836 0.41834 0.35836
0.31784 0.27911 0.31784 0.31784 0.31784 0.30965 0.30795 0.31718 0.31899 0.29777 0.29777 0.32538 0.32538 0.42272 0.42272 0.42272 0.42176 0.33201 0.32839 0.32839 0.32177 0.32177 0.32177 0.32177 0.32177 0.32987 0.32987 0.33159 0.33159 0.32575 0.32575 0.32575 0.32575 0.32575 0.32575 0.32575 0.32575 0.32450 0.32986 0.32986 0.32986 0.42073 0.42073 0.42073 0.35312 0.35599 0.35561 0.35855 0.35936 0.34756 0.34756 0.34756 0.34756 0.35936 0.35223 0.38299 0.35679 0.35936 0.36101 0.36101 0.35837 0.35837 0.35837 0.35837 0.34657 0.35837 0.35658
