test/test_data/tcaap/monthly_mean_over_all_Apr__actual_et__2015-01-01_to_2019-12-31__180_by_260__inches.asc
NCOLS        180
NROWS        260
XLLCORNER     476375.000
YLLCORNER    4970875.000
CELLSIZE        100.000
NODATA_VALUE -9999.
[rows 96 to 127 of 260, columns 0 to 70 of 180]
2.1087 2.2740 2.2953 2.3168 2.2985 2.3166 2.3166 2.3166 2.3297 2.2794 2.2794 2.2794 2.1904 3.1102 3.1102 2.3078 2.3078 2.3078 2.3078 2.3078 2.3078 2.3078 2.3078 2.2358 2.3632 2.4155 2.4302 2.4007 2.1191 2.4274 2.4400 2.1614 2.4616 2.5200 2.4926 2.2698 2.2696 2.2696 2.5387 2.4877 2.5361 2.3636 2.5288 2.5669 2.5641 2.5639 2.5621 2.5404 2.5394 2.5352 2.5370 2.5366 2.5383 2.5383 2.4888 2.4791 2.4791 2.2745 2.5103 2.5015 2.4973 2.3483 2.3405 2.3214 2.3186 2.4663 2.5073 2.4152 2.4152 2.5273 2.5273
2.3029 2.2866 2.0146 2.2795 2.2994 2.3169 2.3166 2.3166 2.3297 2.2794 2.2794 2.0129 3.1123 3.1103 2.3078 2.3078 2.3078 2.3078 2.3078 2.3078 2.3078 2.3078 2.3078 2.2358 2.2437 2.4084 2.4223 2.3930 2.1097 2.3630 2.3759 2.4425 2.4530 2.5068 2.4926 2.2698 2.2695 2.2675 2.5298 2.5299 2.5521 2.3577 2.5333 2.5584 2.5546 2.5357 2.5357 2.5356 2.5344 2.5369 2.5363 2.5369 3.0702 3.0702 2.4921 2.4847 2.4847 2.4843 2.5091 2.5049 2.4937 2.3508 2.3424 2.3186 2.4663 2.5073 2.5073 2.5073 2.4152 2.5073 2.5073
2.3361 2.3270 2.2348 2.2389 2.3014 2.2994 2.2985 2.2660 2.0985 2.2794 2.2794 2.1904 3.1124 3.1103 2.0200 2.3078 2.3078 2.3078 2.3078 2.3078 2.3078 2.3078 2.3078 2.3092 2.3302 2.3824 2.4132 2.3842 2.0990 2.3525 2.3650 2.1392 2.1515 2.4989 2.5236 2.5247 2.2512 2.2505 2.5232 2.5230 2.5402 2.3391 2.5333 2.5333 2.5474 2.5302 2.5321 2.5337 2.5357 2.5367 2.5369 2.5369 3.0702 3.0702 2.4921 2.2494 2.2494 2.2493 2.4781 2.4739 2.4678 2.4415 2.3042 2.5120 2.4187 2.4309 2.5184 2.4785 2.4785 2.3381 2.5362
2.3361 2.3277 2.3215 2.2167 2.3028 2.2994 2.1068 2.1150 2.2167 2.2794 2.2794 2.4893 3.1124 3.1103 2.0200 2.3078 2.3078 2.3078 2.3078 2.3078 2.3078 2.3078 2.3078 2.2358 2.3247 2.3917 2.4032 2.3746 2.3297 2.1004 2.3532 2.3651 2.4317 2.4842 2.5105 2.5126 2.5136 2.5141 2.5146 2.5153 2.5374 2.3381 2.3371 2.5334 2.5428 2.5266 2.5295 2.5320 2.5362 2.5369 2.5369 2.5369 2.5365 2.5364 2.2566 2.2481 2.4828 2.2458 2.5247 2.5209 2.5152 2.5522 2.5297 2.5297 2.5297 2.5362 2.5147 2.5147 2.5147 2.5147 2.3381
2.3666 2.3756 2.3700 2.3298 2.3166 2.1001 2.2778 2.2890 2.2201 2.2167 2.0129 2.3313 3.1124 3.1103 2.0200 2.3078 2.2340 2.2340 2.1989 2.0200 2.0200 2.0200 2.0200 2.1118 2.3198 2.3827 2.3928 2.3645 2.3751 2.0876 2.3408 2.3526 2.4198 2.4632 2.4915 2.4954 2.5184 2.5010 2.5034 2.5261 2.5291 2.3360 2.5362 2.5401 2.5394 2.5238 2.5273 2.5302 2.5325 2.5341 2.5370 2.5370 2.5366 2.5366 2.4910 2.5292 2.5284 2.5269 2.5245 2.5207 2.5154 2.5529 2.5304 2.5297 2.5297 2.5362 2.5147 2.5147 2.5147 2.3381 2.3381
2.3756 2.3756 2.3298 2.3298 2.3298 2.3298 2.2668 2.2668 2.1022 2.1275 2.0867 3.1124 3.1124 3.1104 2.0200 2.1076 2.2298 2.2234 2.0880 2.0922 2.0935 2.0970 2.0995 2.1059 2.1009 2.3736 2.3824 2.3537 2.3640 2.0748 2.3282 2.3398 2.4076 2.4188 2.4529 2.4800 2.4905 2.5000 2.5086 2.5155 2.5213 2.5262 2.5302 2.5337 2.5320 2.5149 2.5169 2.5187 2.6862 2.5214 2.5353 2.4907 2.4911 2.5366 2.5364 2.5290 2.5279 2.5262 2.5236 2.5199 2.5368 2.5532 2.5473 2.5419 2.5378 2.5413 2.5394 2.5381 2.5373 2.5153 2.5147
2.3362 2.3362 2.3298 2.3298 2.3298 2.3298 2.3298 2.3298 2.2722 2.3055 2.4197 2.6713 3.1104 3.1104 2.2340 2.3410 2.2298 2.2200 2.0832 2.2104 2.2209 2.0923 2.0924 2.0970 2.0966 2.3649 2.3723 2.3423 2.3524 2.0625 2.0737 2.0856 2.3956 2.4287 2.4415 2.4684 2.4795 2.4896 2.4987 2.5065 2.5247 2.5178 2.5219 2.5254 2.5240 2.5069 2.5090 2.5110 2.5128 2.5145 2.5224 2.4769 2.5235 2.5235 2.5161 2.5153 2.5140 2.5123 2.5103 2.5302 2.5278 2.5255 2.5232 2.5210 2.5191 2.5231 2.5214 2.5197 2.5178 2.5157 2.5147
2.3449 2.3449 2.3412 2.2918 2.3412 2.3412 2.3298 2.3298 2.2794 2.0511 2.1082 2.6713 2.6663 3.1104 2.4245 2.3627 2.3634 2.2496 2.2087 2.1989 2.2179 2.0881 2.0878 2.0924 2.0920 2.3569 2.3630 2.3319 2.3410 2.0513 2.0618 2.3731 2.3844 2.4161 2.4293 2.4570 2.4811 2.4915 2.5007 2.5085 2.5150 2.5084 2.5126 2.5159 2.5146 2.4973 2.4994 2.5015 2.5037 2.5057 2.5159 2.5172 2.5181 2.5186 2.5117 2.5114 2.5106 2.5093 2.5078 2.5280 2.5260 2.5240 2.5220 2.5201 2.3127 2.3475 2.3457 2.3437 2.3415 2.5164 2.5149
2.3449 2.3449 2.3412 2.3412 2.3412 2.2918 2.3412 2.3412 2.3412 2.2918 2.1623 2.6583 2.6679 3.1116 3.1116 2.3143 2.2938 2.2583 2.2075 2.1989 2.2009 2.2017 2.0831 2.0877 2.2121 2.3498 2.3327 2.3226 2.0317 2.0407 2.0511 2.3626 2.3947 2.4208 2.4463 2.4588 2.4706 2.4812 2.4905 2.4983 2.5045 2.4640 2.5014 2.5047 2.4841 2.4388 2.4883 2.4904 2.4928 2.4953 2.5077 2.5095 2.5111 2.5123 2.5058 2.5062 2.5060 2.5053 2.5042 2.5250 2.5235 2.5218 2.5202 2.5187 2.3117 2.3465 2.3450 2.3433 2.5173 2.5172 2.5153
2.3449 2.3449 2.3412 2.3412 2.2918 2.3412 2.3412 2.3412 2.3412 2.2918 2.3269 2.2082 2.6529 3.1116 3.1116 2.3644 2.2954 2.2593 2.0856 2.2030 2.2030 2.2030 2.2030 2.1948 2.0704 2.0776 2.0783 2.2536 2.0844 2.0899 2.0759 2.3349 2.3423 2.3636 2.3716 2.3804 2.3903 2.4710 2.4802 2.4878 2.4937 2.2921 2.4893 2.4743 2.4719 2.4737 2.4755 2.4777 2.4804 2.4834 2.2123 2.2151 2.2177 2.5045 2.4987 2.4997 2.5002 2.5002 2.4997 2.5212 2.5202 2.5191 2.5179 2.5168 2.3102 2.3452 2.3440 2.3426 2.5169 2.5181 2.5180
2.2967 2.3449 2.3412 2.3412 2.3802 2.3802 2.3802 2.3802 2.3412 2.3327 2.3039 2.1689 2.1253 3.1116 3.1116 3.1116 2.2907 2.3453 2.2590 2.0778 2.2643 2.2643 2.2030 2.2552 2.0704 2.0704 2.0747 2.0757 2.0777 2.0704 1.9828 2.2727 2.2865 2.3052 2.3404 2.3482 2.3580 2.4572 2.4658 2.4728 2.4779 2.2412 2.4600 2.4617 2.4588 2.4601 2.4616 2.4637 2.4665 2.4699 2.4865 2.4423 2.4454 2.4954 2.4903 2.4921 2.4934 2.4941 2.4943 2.5165 2.5161 2.5156 2.5150 2.5144 2.3082 2.3434 2.3426 2.3415 2.5164 2.5191 2.5191
2.2967 2.3412 2.3802 2.3802 2.3802 2.3802 2.3802 2.3712 2.3802 2.3802 2.1687 2.1931 2.0718 2.0726 3.1117 3.1117 3.1117 2.3370 2.3146 2.2643 2.2643 2.2643 2.2643 2.2552 2.2552 2.0704 2.0704 2.0729 2.0737 2.0704 1.9828 2.2727 2.2865 2.3048 2.3245 2.3321 2.3427 2.4327 2.4412 2.4477 2.4522 2.4302 2.4318 2.4327 2.4562 2.4569 2.4580 2.4598 2.4627 2.4664 2.4392 2.4882 2.4474 2.4957 2.4808 2.4835 2.4856 2.4871 2.4881 2.5110 2.5113 2.5114 2.5114 2.3057 2.3057 2.3410 2.3408 2.3401 2.5155 2.5200 2.5200
2.2513 2.2926 2.3802 2.3802 2.3802 2.3802 2.3802 2.3712 2.3802 2.3802 2.0840 2.2751 2.2747 2.1535 3.1117 3.1117 2.1305 2.2405 2.2719 2.3171 2.3029 2.0778 1.9828 2.1948 2.1948 2.2553 2.0704 2.0704 2.0718 2.1948 2.1948 2.1948 2.2865 2.3045 2.3186 2.3277 2.3409 2.4238 2.4317 2.4376 2.4413 2.3621 2.4198 2.4415 2.4412 2.4410 2.4416 2.4433 2.1675 2.4510 2.4707 2.4714 2.4729 2.4743 2.4613 2.4625 2.4637 2.4648 2.4657 2.4666 2.4674 2.1870 2.4687 2.4887 2.4890 2.4929 2.4938 2.5150 2.5144 2.5207 2.5208
2.2513 2.2926 2.3802 2.3802 2.3802 2.3802 2.3802 2.3802 2.3802 2.3802 2.3281 2.2640 2.2709 2.1466 2.1409 3.1117 3.1117 2.2345 2.2104 2.2852 2.3029 1.9901 1.9828 2.1948 2.1951 2.2553 2.2553 2.1948 2.1958 2.1948 2.1948 2.3039 2.3038 2.3048 2.3213 2.3342 2.3385 2.3598 2.3814 2.4013 2.4175 2.4087 2.4084 2.4278 2.4264 2.4254 2.4253 2.4266 2.4298 2.4345 2.4563 2.4664 2.4681 2.4696 2.4565 2.4579 2.4593 2.4605 2.4617 2.4628 2.4637 2.4646 2.4654 2.4854 2.4897 2.4901 2.4904 2.5132 2.5132 2.5216 2.5217
2.2513 2.5171 2.3802 2.3802 2.3802 2.3802 2.3802 2.3802 2.3802 2.3802 2.3802 2.3281 2.1569 2.1499 2.1413 3.1117 3.1117 2.2324 2.2128 2.2051 2.2519 2.0778 2.0704 2.0726 2.1973 2.2553 2.2553 2.2553 2.1948 2.2553 2.2553 2.1948 2.3039 2.3263 2.3046 2.3032 2.2878 2.2959 2.3213 2.3668 2.4430 2.3415 2.3403 2.3720 2.4128 2.4109 2.4100 2.4109 2.4138 2.4186 2.4248 2.4614 2.4631 2.4647 2.4516 2.4532 2.4547 2.4562 2.4575 2.4588 2.4600 2.4610 2.4620 2.4821 2.4867 2.4873 2.4878 2.5106 2.5111 2.5219 2.5221
2.4674 2.5171 2.5044 2.5087 2.4593 2.5171 2.3802 2.3802 2.3802 2.3802 2.3802 2.3281 2.1387 2.1308 2.1228 2.1156 3.1118 3.1118 2.2237 2.2062 2.2839 2.2030 2.2553 2.2015 2.2026 2.2553 2.2553 2.2553 2.2553 2.2553 2.2553 2.2553 2.3000 2.3328 2.3314 2.2901 2.3408 2.2438 2.2438 2.4771 2.4713 2.3907 2.3886 2.4041 2.4009 2.3982 2.3967 2.3970 2.3996 2.4043 2.4105 2.4560 2.4581 2.4598 2.4467 2.4484 2.4501 2.4517 2.4532 2.4547 2.4561 2.4574 2.4585 2.4787 2.4835 2.4844 2.4851 2.5072 2.5085 2.5221 2.5222
2.5748 2.5171 2.5345 2.5554 2.4574 2.5171 2.5709 2.3802 2.3712 2.3802 2.3802 2.0840 2.3018 2.1144 2.1144 2.1237 3.1118 3.1118 2.2275 2.2157 2.2041 2.2030 2.3090 2.3362 2.3362 2.2553 2.2553 2.2553 2.2553 2.2553 2.2553 2.2553 2.2553 2.2730 2.3216 2.3216 2.3216 2.4149 2.6609 2.4878 2.1671 2.0710 2.3800 2.3947 2.4089 2.3460 2.3440 2.3437 2.3458 2.3917 2.1230 2.4503 2.4524 2.4546 2.4417 2.4436 2.4454 2.4472 2.1664 2.1682 2.1698 2.4536 2.4550 2.4751 2.4803 2.4814 2.4824 2.5030 2.5053 2.5219 2.5221
2.5216 2.5171 2.5554 2.5554 2.5554 2.4669 2.5114 2.5114 2.5114 2.5114 2.5114 2.4928 2.1565 2.3068 2.1144 2.1369 3.1118 3.1118 2.2331 2.2187 2.2052 2.4098 2.2553 2.2964 2.3502 2.2979 2.2553 2.2553 2.2553 2.2553 2.2553 2.2553 2.2553 2.2730 2.2730 2.2730 2.2587 2.4826 2.6273 2.3049 2.1841 2.1618 2.4357 2.4242 2.3938 2.3789 2.3762 2.3754 2.3770 2.3808 2.3863 2.4445 2.4468 2.4490 2.4366 2.4386 2.4406 2.4426 2.1617 2.1637 2.1655 2.4497 2.4514 2.4715 2.4769 2.4783 2.4795 2.4983 2.5015 2.5214 2.3482
2.5311 2.5139 2.5321 2.4592 2.5321 2.5529 2.5529 2.5529 2.5529 2.5529 2.6266 2.5686 2.4419 2.4419 2.3068 2.1543 3.1118 3.1118 2.2396 2.2230 2.2075 2.3076 2.3090 2.3407 2.3502 2.2979 2.2553 2.2553 2.2553 2.2553 2.2553 2.2553 2.2730 2.2730 2.2143 2.1290 2.1376 2.2392 2.3036 2.3216 2.1863 2.1592 2.4521 2.4278 2.3787 2.3720 2.3688 2.3675 2.3686 2.3717 2.3765 2.1600 2.1623 2.4293 2.4315 2.4337 2.3873 2.4379 2.4400 2.4420 2.4440 2.4459 2.4477 2.4678 2.4736 2.4752 2.4766 2.4929 2.4972 2.5203 2.3474
2.5311 2.5529 2.5529 2.5529 2.5529 2.5529 2.5529 2.5529 2.5529 2.5529 2.5529 2.5686 2.4666 2.4793 2.3410 2.3390 2.3287 3.1063 3.1063 2.2776 2.2609 2.2877 2.2842 2.3398 2.3502 2.2979 2.2553 2.2553 2.2553 2.2553 2.2553 2.2553 2.2730 1.9720 2.2139 2.2638 2.1262 2.2168 2.2725 2.2846 2.1698 2.2480 2.4362 2.4124 2.3652 2.4070 2.4038 2.4021 2.4025 2.4048 2.4086 2.1546 2.1569 2.4241 2.4264 2.4287 2.4310 2.4332 2.4355 2.4377 2.4398 2.4419 2.4828 2.4640 2.4701 2.4720 2.4737 2.4871 2.4926 2.5185 2.3461
2.5324 2.5529 2.5529 2.4593 2.5529 2.5529 2.5529 2.5529 2.5529 2.5529 2.5529 2.5686 2.5708 2.4793 2.4793 2.3519 2.3352 3.1064 3.1064 2.2830 2.2677 2.3544 2.3398 2.3794 2.3253 2.2842 2.2842 2.2842 2.2842 2.2842 2.2842 2.2842 2.0843 1.9866 2.0843 2.1302 2.3129 2.1148 2.1386 2.2537 2.2528 2.3007 2.2633 2.3833 2.3950 2.3831 2.3796 2.3776 2.3973 2.3000 2.4020 2.4270 2.4295 2.4188 2.4213 2.4237 2.4261 2.4285 2.4309 2.4440 2.4493 2.4549 2.4610 2.4677 2.4795 2.4871 2.4945 2.4810 2.3108 2.3411 2.3444
2.5694 2.5529 2.5529 2.5529 2.5529 2.5529 2.5529 2.5529 2.5529 2.5529 2.5529 2.5281 2.5238 2.4793 2.3410 2.3572 2.3383 3.1064 3.1064 2.2879 2.2754 2.3578 2.3794 2.3794 2.2842 2.2842 2.2842 2.2842 2.2842 2.2842 2.2842 2.2842 2.0856 2.0874 2.0930 2.2649 2.3146 2.3369 2.3531 2.2254 2.1202 2.3314 2.3871 2.3687 2.3804 2.3365 2.3666 2.3643 2.3699 2.3744 2.3966 2.4212 2.4238 2.4131 2.4158 2.4186 2.4213 2.4238 2.4264 2.4321 2.4375 2.4434 2.4500 2.4575 2.4704 2.4607 2.4873 2.2971 2.3053 2.3368 2.3422
2.5694 2.5321 2.5529 2.4593 2.5529 2.5529 2.5529 2.5529 2.5529 2.5529 2.5529 2.5777 2.5238 2.4793 2.3410 2.0784 2.3372 3.1064 3.1064 3.1064 2.2821 2.3823 2.3794 2.3794 2.3303 2.2843 2.2843 2.2843 2.2843 2.2843 2.2843 2.1175 2.0960 2.1028 2.2615 2.2740 2.2759 2.2930 2.2686 2.3314 2.3314 2.3314 2.3871 2.3675 2.3742 2.3671 2.3637 2.3612 2.3603 2.3845 2.2735 2.4048 2.4073 2.4036 2.4062 2.4089 2.4116 2.4144 2.1144 2.4285 2.4264 2.4325 2.4396 2.4476 2.4615 2.4709 2.3760 2.2899 2.2998 2.3313 2.3393
2.5529 2.5321 2.3162 2.5118 2.5529 2.5529 2.5529 2.5529 2.5529 2.5529 2.5529 2.5238 2.5173 2.4794 2.5238 2.3785 2.2142 3.1064 3.1064 3.1064 3.1064 2.3823 2.3794 2.3794 2.3700 2.2843 2.2843 2.2843 2.2843 2.2843 2.2843 2.2843 2.0843 2.2907 2.2562 2.2637 2.2629 2.2686 2.3314 2.3314 2.3314 2.3314 2.3871 2.3818 2.3463 2.3642 2.3610 2.3586 2.3575 2.3814 2.3825 2.3996 2.4021 2.3984 2.4011 2.4039 2.4068 2.4097 2.3402 2.4188 2.4241 2.4100 2.4377 2.4461 2.4535 2.4635 2.3558 2.2530 2.2635 2.2937 2.5204
2.4145 2.4024 2.5118 2.5529 2.5529 2.5529 2.5529 2.5529 2.5529 2.5529 2.5118 2.2018 2.4794 2.4794 2.3410 2.3410 2.2078 2.1930 3.1065 3.1065 2.3294 2.3128 2.3664 2.3795 2.3795 2.2843 2.2843 2.2843 2.2843 2.2843 2.2843 2.3304 2.3452 2.3452 2.3871 2.3340 2.3667 2.3871 2.3871 2.3871 2.3871 2.3314 2.3818 2.3818 2.3443 2.3613 2.3584 2.3562 2.3790 2.2666 2.3797 2.4381 2.4408 2.4425 2.4454 2.4483 2.4514 2.4545 2.4576 2.4107 2.4160 2.4223 2.3088 2.3173 2.3273 2.3382 2.3493 2.4701 2.4800 2.5046 2.5168
2.5217 2.5109 2.5530 2.5530 2.5296 2.5274 2.5530 2.5530 2.5517 2.5428 2.4952 2.3411 2.4794 2.3411 2.3411 2.3411 2.1666 2.1727 3.1065 3.1065 3.1065 2.1526 2.3795 2.3795 2.3795 2.2843 2.2843 2.3399 2.3399 2.2843 2.2843 2.2843 2.2907 2.3871 2.3871 2.3871 2.3476 2.3871 2.3871 2.3871 2.3871 2.3314 2.3818 2.3818 2.3434 2.3434 2.3675 2.3675 2.3675 2.3769 2.3775 2.4329 2.4356 2.4374 2.4403 2.4434 2.4465 2.4498 2.4328 2.3841 2.3894 2.3959 2.3024 2.3110 2.3211 2.3322 2.4706 2.4648 2.4751 2.4973 2.5123
2.5308 2.4978 2.5037 2.4852 2.4929 2.5279 2.5530 2.5530 2.5517 2.5530 2.4944 2.3555 2.3411 2.3411 2.3862 2.3411 2.0784 2.1681 3.1065 3.1065 3.1065 2.1526 2.3411 2.3795 2.3253 2.2843 2.2843 2.3399 2.3795 2.3708 2.3399 2.2843 2.2907 2.3871 2.3871 2.3871 2.3871 2.3871 2.3871 2.3775 2.3871 2.3314 2.3818 2.3818 2.3818 2.3675 2.3675 2.3675 2.3470 2.3754 2.3760 2.4278 2.4306 2.4325 2.4355 2.4386 2.4419 2.4452 2.4287 2.3793 2.3845 2.3806 2.3822 2.2862 2.2924 2.3019 2.4439 2.4621 2.4838 2.4891 2.5067
2.5240 2.5227 2.5220 2.4920 2.5248 2.5296 2.5296 2.5296 2.5530 2.5330 2.5530 2.3862 2.3862 2.3411 2.3411 2.3411 2.3411 2.2877 2.1743 3.1065 3.1065 2.1526 2.3253 2.3795 2.3795 2.2843 2.2843 2.3399 2.3795 2.3795 2.3795 2.3253 2.2907 2.3452 2.3872 2.3872 2.3872 2.3872 2.3872 2.3872 2.3872 2.3315 2.3722 2.3819 2.3819 2.3675 2.3675 2.3675 2.3470 2.3742 2.3749 2.4230 2.4258 2.4277 2.4308 2.4340 2.4374 2.4409 2.3231 2.3760 2.3810 2.3800 2.3814 2.2829 2.2865 2.2931 2.3046 2.4503 2.4728 2.4800 2.4996
2.5621 2.5621 2.3825 2.5269 2.5659 2.5823 2.5322 2.5322 2.5322 2.5322 2.5322 2.5709 2.3792 2.3411 2.3411 2.3411 2.3411 2.1667 2.1735 3.1066 3.1066 2.3088 2.3253 2.3795 2.3795 2.2843 2.2843 2.2843 2.2843 2.3795 2.3795 2.3795 2.3872 2.2907 2.3872 2.3872 2.3872 2.3315 2.3315 2.3872 2.3315 2.3315 2.3819 2.3819 2.3819 2.3819 2.2557 2.3675 2.3675 2.3734 2.5388 2.3520 2.3535 2.3538 2.3558 2.3580 2.3604 2.3243 2.3663 2.3943 2.3991 2.4001 2.4003 2.2795 2.2795 2.2873 2.2967 2.4409 2.4627 2.4698 2.4908
2.5823 2.5823 2.5823 2.5823 2.5651 2.5823 2.5651 2.5651 2.5823 2.4823 2.5845 2.5845 2.4006 2.3563 2.3563 2.3563 2.0802 2.1685 2.1736 3.1066 3.1066 3.0996 2.3795 2.3795 2.3254 2.2843 2.3399 2.3399 2.2843 2.3399 2.3399 2.3399 2.3452 2.3452 2.2907 2.3872 2.3872 2.3872 2.3872 2.3872 2.3781 2.3781 2.3268 2.3819 2.3819 2.3819 2.3675 2.3675 2.3252 2.3255 2.5116 2.1446 2.3528 2.3530 2.3550 2.3571 2.3594 2.3620 2.3652 2.3931 2.3977 2.4003 2.3362 2.1604 2.2795 2.2795 2.2917 2.3056 2.4368 2.4594 2.4806
2.4823 2.4823 2.5824 2.4823 2.4823 2.5824 2.5824 2.5824 2.5824 2.5824 2.5845 2.5845 2.5845 2.3563 2.3563 2.0802 2.0802 2.1691 2.1766 3.1027 3.1027 2.3710 2.4064 2.4064 2.4612 2.3153 2.3611 2.3611 2.3153 2.3611 2.3399 2.3452 2.3452 2.3387 2.2907 2.3872 2.3872 2.3872 2.3872 2.3315 2.3315 2.3315 2.3819 2.3819 2.3819 2.3819 2.3819 2.3252 2.3252 2.3252 2.3262 2.0510 2.3259 2.3525 2.3545 2.3566 2.3589 2.3663 2.3702 2.3732 2.3751 2.3764 2.1471 2.2795 2.2795 2.2795 2.1698 2.1822 2.4292 2.4496 2.4694
2.4823 2.4823 2.5824 2.4823 2.5651 2.5651 2.5824 2.5824 2.5824 2.5824 2.5846 2.5846 2.4838 2.3563 2.3563 2.0802 2.0824 2.1782 2.1722 3.1028 3.1028 2.3710 2.4064 2.4064 2.3153 2.3153 2.3611 2.3611 2.3611 2.3611 2.3611 2.3506 2.2953 2.2953 2.3452 2.3798 2.3948 2.3948 2.3354 2.3948 2.3847 2.3847 2.3819 2.3819 2.3819 2.3819 2.3819 2.3819 2.3253 2.3253 2.3260 2.0507 2.1179 2.3523 2.3542 2.3564 2.3586 2.3654 2.3696 2.3729 2.3750 2.1471 2.2795 2.2795 2.2795 2.2795 2.1681 2.1785 2.4230 2.4409 2.4590
