test/test_data/tcaap/monthly_mean_over_all_Jul__actual_et__2015-01-01_to_2019-12-31__180_by_260__inches.asc
NCOLS        180
NROWS        260
XLLCORNER     476375.000
YLLCORNER    4970875.000
CELLSIZE        100.000
NODATA_VALUE -9999.
[rows 160 to 191 of 260, columns 71 to 141 of 180]
3.6429 3.8407 3.2005 3.2021 3.2082 3.9868 4.2051 4.2051 4.2051 4.2051 4.2542 3.2557 3.7466 3.8205 3.8205 3.8205 3.8205 3.8205 3.7426 3.8136 3.8315 3.5924 3.1936 3.2005 2.9121 2.9292 3.2240 3.2352 3.2428 3.2428 3.7439 3.7874 3.7874 3.7874 4.2316 4.2316 4.3015 4.3015 4.2316 4.3015 4.3015 4.3015 4.3333 4.3941 4.2135 4.5962 4.5962 4.5962 3.9479 4.5962 4.5962 4.4070 6.0283 6.0283 6.0283 6.0283 4.2515 4.3010 4.2206 4.2206 4.2626 4.2626 4.1867 4.2048 3.2498 4.1246 4.2768 4.2768 4.2768 4.2768 4.2768
3.6367 3.2040 3.2050 3.6351 3.5400 3.7052 4.2051 4.2051 4.2051 4.2051 4.2542 4.2542 2.9120 3.8205 3.8205 3.8205 3.8205 3.8205 3.7426 3.8136 3.7882 3.1848 3.1923 3.2030 3.2030 3.2121 3.2255 3.2428 3.2428 3.7439 3.7439 3.7874 3.7874 3.7874 4.3015 4.3015 4.3015 4.3015 3.7874 3.7874 4.3015 4.3015 4.5352 4.5352 4.2135 4.2135 4.3333 4.3333 4.3333 4.3333 4.5962 4.0709 6.0283 6.0283 6.0283 6.0283 4.2626 4.2626 4.2206 4.2626 4.2626 4.2626 4.2626 4.2768 4.1247 3.7711 3.8458 3.8458 3.7711 4.1852 3.6017
3.6641 3.2218 3.6648 3.6367 3.6630 4.2271 4.3298 4.2285 4.2285 4.3247 4.2496 4.2496 4.2542 3.9347 3.8205 3.8205 3.8177 3.8177 3.9213 3.8136 3.7823 3.2023 3.2058 3.2122 3.2207 3.2289 3.2379 3.2428 3.2428 3.7439 3.7439 3.7874 3.7874 3.7874 4.3016 4.3016 4.3016 3.7874 4.3016 4.3016 4.3016 4.3016 4.5352 4.9267 4.2136 4.3334 4.3334 4.3334 4.3334 4.5962 4.2447 3.8188 4.3537 6.0283 6.0283 6.0283 4.2626 4.2626 4.2626 4.2626 3.7449 3.7449 4.2626 3.8458 3.8458 3.8458 3.8458 3.8458 3.8458 3.7711 3.7757
3.6557 3.6485 3.6511 3.8275 3.5529 3.7615 4.3298 4.2285 4.2285 4.2285 4.2496 3.9413 4.1611 3.9454 3.8586 3.8313 3.7642 3.8003 3.8462 3.8396 3.8545 3.9195 3.2259 3.2330 3.2206 3.2311 3.2388 3.2428 3.7439 3.2428 3.2428 3.7874 3.7874 3.7874 4.3016 4.2316 3.7874 3.7874 4.3016 4.3016 4.3016 4.2821 4.7902 4.7902 4.7902 4.2821 4.3695 4.3334 4.3334 4.5962 3.8685 3.8464 3.7902 6.0283 6.0283 6.0283 6.0283 4.2626 4.2626 3.7449 3.7449 3.7449 3.8458 3.8458 3.8458 3.8458 3.8458 3.8458 3.8458 2.9044 2.9044
3.6478 3.6388 3.6388 3.5529 2.9380 3.7409 4.3298 4.2285 4.2285 4.2285 4.2496 3.8529 3.9262 3.8313 3.8313 3.7642 3.8330 3.8003 3.8003 3.8330 3.8506 3.2035 3.2202 3.2331 3.2429 3.2543 3.2648 3.7669 3.7669 3.2648 3.2648 3.7600 3.7600 3.7600 4.2401 4.2316 4.3016 4.3016 4.3016 4.3016 4.3016 4.2821 4.7902 4.3334 4.7902 4.7902 4.2004 4.3334 4.3334 4.3334 3.7673 4.2821 4.2626 6.0283 6.0283 6.0283 6.0283 6.0283 4.2626 4.2626 4.2626 4.1867 4.1247 4.1247 3.8458 3.7757 3.8458 3.7757 3.6345 3.7724 4.2768
3.6409 3.6310 3.6292 3.1962 3.7409 3.7409 3.7409 2.9380 3.2585 4.2285 4.2496 3.7602 3.8330 3.8330 3.7300 3.8003 3.8330 3.8330 3.8330 3.8330 3.8542 3.7867 3.2210 3.2334 3.2431 3.2648 3.2648 3.7669 3.7669 3.2648 3.7669 3.7600 4.3117 3.7600 4.3117 4.3117 4.3117 4.3117 4.3117 4.3117 4.3117 4.2955 4.2097 4.6813 4.7525 4.7525 4.2895 4.3334 4.3334 4.3334 4.2821 4.2821 4.2626 4.2626 6.0283 6.0283 6.0283 6.0283 4.2626 3.2388 3.2384 3.2371 3.2499 3.7724 2.9458 3.8458 3.2063 3.2063 6.0205 6.0205 4.2768
3.6349 3.6252 3.6218 3.1962 3.1975 3.7409 3.7409 3.1920 3.2288 3.2308 2.9538 3.8003 4.3468 4.2496 4.2496 4.2496 4.2496 3.9496 3.9496 3.9496 3.7910 3.2004 3.2215 3.2337 3.2431 3.2549 3.2648 3.7669 3.7669 3.7657 3.7660 3.7600 3.7600 3.7600 3.7600 3.7600 3.7600 3.2625 4.0730 4.0730 4.0730 4.0498 3.2568 3.2568 4.3450 4.2895 4.2895 4.0498 4.2689 4.1479 4.2955 3.7468 4.2815 4.2815 4.3275 4.2809 4.2815 4.3275 4.2194 4.0451 3.2389 3.2389 3.7724 3.7724 4.1247 4.2048 4.5736 6.0205 6.0205 6.0205 4.2768
3.6301 3.6201 3.6174 3.1977 3.1969 3.2030 3.6159 3.2192 3.2224 2.9543 2.9500 3.2405 3.2486 3.2668 3.2668 3.2668 3.2668 3.2386 3.8611 3.8109 3.2174 3.2150 3.2227 3.2336 3.2426 4.0131 3.2648 3.7669 3.7669 3.7636 3.7638 3.2616 3.2615 3.7587 3.7587 3.7587 3.2616 3.2619 4.0722 4.0728 4.0730 4.0498 3.2568 3.2568 4.2895 4.2895 4.2895 4.2861 4.2621 3.8588 3.7836 3.8409 4.2815 4.2815 4.2815 4.2815 4.2815 4.2815 4.2815 3.7526 3.7526 3.7526 4.2989 4.1481 4.1239 4.2989 4.3346 4.2989 6.0225 4.2989 4.2989
3.6264 3.6172 3.5529 3.1985 3.1992 2.9380 3.6406 3.7527 3.2514 2.9785 3.2420 3.9869 4.1772 3.2557 3.2604 3.2607 3.2545 3.2434 3.2278 3.2217 3.2220 3.2254 3.2274 3.2327 3.2411 3.2531 3.2581 3.7669 3.7669 3.7596 3.7599 3.2566 3.2569 3.7538 3.7545 3.7556 3.2598 3.2609 3.2618 3.2624 3.2625 3.7469 3.7469 3.2568 3.2568 3.2568 3.2568 3.2568 3.7469 3.5658 3.7882 3.7469 3.7526 3.7526 3.7526 3.7526 4.2815 4.2815 4.2815 4.2815 4.2815 4.2815 4.2388 4.2388 4.1481 4.2989 4.2989 4.2989 3.7705 3.7705 4.2989
3.6389 3.5529 3.7409 2.9380 3.5529 3.1920 4.2201 4.2923 3.7527 4.4805 3.2596 3.2502 3.2511 3.2571 3.2607 3.2600 3.2540 3.2445 3.2314 3.2242 3.2236 3.2260 3.2271 3.2310 3.2374 3.2478 3.9943 4.1566 4.1531 3.7540 3.7472 3.2516 3.7481 3.7489 3.7501 3.7519 3.2574 3.2593 3.2609 4.0714 4.0729 4.2252 3.2568 3.2568 3.2568 3.7469 4.2252 4.2252 3.7469 3.7469 4.2955 4.2815 4.2815 4.2380 4.2380 4.2380 4.2380 4.0591 4.2815 4.2815 4.2815 4.2380 4.2388 4.2388 4.2388 4.3342 4.2162 4.2990 3.7709 3.7705 4.2990
3.6249 3.6003 3.7409 3.1920 3.1920 3.2238 4.2024 4.2923 4.2923 4.3116 4.2383 3.7444 3.2461 3.2510 3.2497 3.2471 3.7308 3.7161 3.6968 3.2279 3.2282 3.2262 3.2264 3.2288 3.2331 3.2385 3.9407 3.9571 4.1208 3.7488 3.7417 3.7423 3.7430 3.7440 3.7457 3.2521 3.2548 3.2576 3.2599 4.0700 4.0724 4.0498 4.0498 3.2568 3.2568 3.7469 4.2252 4.2252 3.2568 3.2568 4.2955 4.2815 4.2815 4.2815 4.2815 4.2380 4.2380 4.2380 4.2380 4.2380 4.2380 4.2380 4.2388 4.2388 4.2388 4.2388 4.0890 3.7705 3.7716 3.7705 4.2990
3.7649 3.8293 3.5770 3.2061 3.2187 3.2514 4.2024 4.2923 4.2923 3.7523 3.7526 3.7468 3.2472 3.2458 3.2451 3.2441 3.2428 3.2405 3.2379 6.0406 6.0312 6.0312 6.0312 3.2265 3.2291 3.2228 3.2228 3.2392 3.2418 3.2429 3.2407 3.2417 3.2427 3.2442 3.2464 3.2493 3.7488 3.7526 3.7560 3.7583 3.2621 4.0498 4.0498 3.2568 3.2568 3.7469 4.2252 4.2252 3.2560 3.7469 4.2955 4.2815 4.2815 4.2815 4.2815 4.2815 4.2380 4.2380 4.2380 4.2380 4.2380 4.2380 4.0890 4.0890 4.2388 3.2637 4.2388 3.2637 3.2609 3.7715 3.7705
3.8898 3.8556 3.5958 3.2394 3.2481 3.2585 4.2024 4.2923 4.4158 3.7523 3.7535 3.7488 3.2484 3.2468 3.2461 3.2449 3.2435 3.2414 3.2384 3.2358 3.2290 6.0313 6.0313 6.0313 3.2228 3.8868 3.8868 2.9372 2.9409 3.2263 3.2206 3.1978 3.1978 3.2181 3.2230 3.2481 3.7479 3.7520 3.7556 3.7581 3.2625 3.2568 3.2568 3.7469 3.7469 3.7469 3.7469 3.2568 3.2568 3.7469 4.2955 4.2815 3.7526 4.2194 3.7526 3.7526 3.2573 3.7526 3.7526 3.7608 3.2573 3.2573 3.2637 3.2637 4.0890 4.0541 3.2637 3.2637 3.2619 3.7719 3.7709
3.8071 3.6500 3.6680 3.2504 3.2558 3.2622 4.1918 3.7656 4.2075 3.8442 3.8456 3.8423 3.3279 3.3264 3.3255 3.3242 3.3226 3.2423 3.2390 3.2360 3.2291 3.8358 3.8050 3.2212 3.8868 3.8868 3.8868 2.9372 2.9433 3.2648 3.7600 3.5757 3.5757 3.7600 3.2625 3.7600 3.7600 3.7600 3.7600 3.7600 3.2625 3.2568 3.7469 3.7469 3.7469 3.2568 3.2568 3.2568 3.2568 3.7469 4.2955 4.2815 4.2194 4.2194 3.7526 3.7526 3.7526 3.7526 3.7526 3.7526 2.9085 2.9085 2.9554 3.2314 3.2637 3.2637 4.2388 4.2388 3.2624 4.0295 4.2162
3.8140 3.2450 3.2484 3.2536 3.7327 3.2650 4.2789 4.2075 4.2789 4.3041 4.3041 3.8442 3.3360 3.3274 3.3265 3.3250 3.3233 3.3213 3.3193 3.3004 3.8991 3.6595 3.9013 3.8231 4.0100 4.0100 4.0444 4.0444 4.0042 4.3293 4.3117 4.3117 4.3117 3.7600 3.7600 3.7600 3.7600 3.7600 3.7600 4.3117 4.5069 3.7469 3.7469 3.7469 3.7469 3.2568 3.2568 3.2568 4.1990 4.1990 4.2956 4.2815 4.2815 4.2815 3.7526 3.7526 3.7526 3.7526 3.7526 3.7526 3.6413 2.9450 3.8749 3.8749 3.2447 3.2637 4.2388 4.2388 3.2637 3.2573 3.2573
3.8447 3.7156 3.7616 3.2559 3.7420 3.7605 4.1994 4.2075 4.2789 3.8442 4.3738 4.2886 3.3375 3.3344 3.3319 3.3286 3.3238 3.3217 3.3196 3.3007 3.2858 3.2507 3.8231 3.8900 4.0100 3.8900 4.2199 4.2199 4.0100 4.2896 4.3747 4.3747 4.3747 4.3747 3.8329 3.8329 3.8329 4.3747 4.3747 4.3747 4.3399 4.2956 4.2956 4.2956 4.2956 4.2097 3.2568 3.7466 3.7469 3.2568 3.2568 4.2815 4.2815 4.2815 3.7526 3.7526 3.7526 3.7526 3.7526 3.7526 2.9450 3.8749 3.7948 3.7948 3.9928 3.2464 3.2637 3.2637 3.2637 3.2637 3.2573
4.1197 3.7670 3.9183 3.2574 3.7487 3.7626 3.7648 3.2716 3.2716 4.1147 4.1147 4.2886 3.3375 3.3352 3.3328 3.3295 3.3243 3.3221 3.3199 3.3011 3.2859 3.2578 3.8900 3.8900 4.0100 3.8900 4.1826 4.0100 4.0100 4.3559 4.3748 4.3748 4.3748 3.8329 3.8329 3.8329 3.8329 4.3748 4.3748 4.3748 4.3399 4.3399 4.3399 4.3399 4.3399 4.2488 4.3399 4.2636 4.2488 4.2488 4.2488 4.3301 4.3301 4.1855 3.7526 2.9450 2.9085 2.9085 2.9450 3.2502 2.9085 3.8749 3.7948 3.7948 3.2355 3.2424 3.2515 3.2579 3.2606 3.2608 3.2599
4.1197 3.8918 3.9424 3.2716 3.2716 3.7587 3.2683 3.2716 3.2716 3.3375 4.1147 4.2886 3.3375 3.3356 3.3334 3.3301 3.3247 3.3224 3.3201 3.3014 3.2863 3.6420 3.8862 3.8900 4.0100 3.8900 3.8900 3.8900 4.3837 4.3559 4.3748 4.3748 4.3748 4.3748 3.8329 3.8329 3.8329 4.3748 4.3748 4.3748 3.8009 4.3399 4.3399 4.3399 4.3399 4.3399 4.3399 4.2636 4.2488 4.3399 4.3399 4.3301 4.3301 4.3301 3.0039 2.9881 2.9801 2.9808 2.9841 4.1301 3.2545 3.2558 3.8815 3.2520 3.2546 3.2480 3.2503 3.2526 3.2546 3.2563 3.2572
4.1197 3.6964 3.2716 4.1918 3.2716 3.2661 3.2686 3.2716 3.2716 3.3375 3.3375 3.3375 3.3375 3.3358 3.3337 3.3305 3.3249 3.3226 3.3203 3.8012 3.7439 3.6423 3.9201 4.0080 4.0100 3.8900 3.8900 3.8900 4.1042 4.3837 4.3748 3.8329 3.8329 3.8329 3.8329 3.8329 3.8329 4.3748 4.3748 4.3748 3.8009 4.2636 4.3399 4.3399 4.3399 4.3399 4.3399 4.3399 3.8009 3.8009 4.3399 4.3301 4.3301 4.3301 3.7838 2.9831 3.6750 3.6750 3.8006 4.0740 4.0740 4.0715 4.0965 4.0965 3.9758 4.0293 3.2710 3.2733 3.2753 3.2768 3.2776
4.1197 3.6964 3.2588 4.1918 3.2716 3.2665 3.2687 3.2699 4.0239 3.3363 3.3362 4.1087 4.1077 3.3350 3.3337 3.3307 3.3251 3.3228 3.8054 3.8021 3.7499 3.6426 3.8900 4.0080 4.0100 4.1042 4.1042 4.1042 4.1042 4.1042 4.1312 4.3748 4.3006 3.8329 4.3748 3.8329 3.8329 4.3748 4.3748 4.3748 4.3399 4.3399 4.3399 4.3399 4.3399 4.3399 4.3399 4.3399 4.3399 4.3399 4.3399 4.3301 4.3301 4.3301 3.2702 3.2183 3.6750 3.8599 3.8615 4.3301 4.3301 4.3468 4.3468 4.3468 3.7962 3.2739 3.2760 3.2738 3.2755 3.2767 3.2770
4.1197 3.6964 3.2577 3.2630 3.2716 3.2668 3.2685 4.0192 3.3353 3.3351 3.3348 3.3348 4.1027 3.3342 3.3334 3.3306 3.3253 3.3230 3.8067 3.8032 3.7584 3.2577 3.8278 3.8278 3.9073 4.0974 4.1042 4.1042 4.1042 4.1042 4.1312 4.1312 4.3748 3.8329 3.8329 4.3748 4.3748 4.3748 4.3748 4.3748 4.3399 4.2636 4.3399 4.3399 4.3399 4.3399 4.3399 4.3399 4.3399 3.8009 4.3399 4.3301 4.3301 4.3301 3.2641 2.9491 3.8599 3.8599 3.8615 3.8615 3.8198 4.3468 4.3468 4.3468 4.3468 3.2782 4.2631 4.2395 4.0900 4.0920 3.2765
4.1197 3.2509 3.2570 3.9588 3.2683 3.2668 3.2682 3.2686 3.3342 3.3336 3.3332 3.3332 3.3333 3.3331 3.3328 3.3305 3.3254 3.3232 3.8081 3.8045 3.7671 3.2598 3.6593 3.8928 3.9211 3.9705 3.9705 4.0974 4.1043 4.1312 4.1312 4.0039 3.9971 4.3006 4.3748 4.3748 4.3748 4.3748 4.3748 4.3748 4.3399 4.2636 4.3399 4.3399 4.3399 4.3399 4.3399 4.3399 4.3399 4.3399 4.3301 4.3301 4.3301 4.2580 3.8226 3.8615 3.8599 3.8615 3.8615 3.8615 3.8615 4.3468 4.3468 4.3468 4.3468 3.7962 4.3468 4.3468 4.3459 4.2517 4.2498
3.9419 2.9510 3.2582 3.2633 3.2686 3.2665 3.2676 3.2677 3.8388 3.8379 3.8374 3.8374 3.3310 3.3304 3.3322 3.3303 3.3256 3.3235 3.8099 3.8061 3.7765 3.7535 3.7326 3.7217 3.2828 4.0361 3.9705 4.1043 4.1043 4.1312 4.1312 4.1312 3.9118 2.9602 4.2024 4.3748 4.3748 4.3748 3.8329 3.8329 4.3399 4.3399 4.3399 4.3399 4.3399 4.3399 4.3399 3.8267 3.8267 4.3399 4.2580 4.3301 4.3301 4.3301 3.8615 3.8226 3.9027 3.8599 3.8615 3.8615 4.3301 4.3468 4.3468 4.3468 4.3468 4.2357 4.3468 4.3468 4.3468 4.2632 4.2482
3.2756 3.2690 3.2929 3.2929 3.2929 3.2929 3.2929 3.2926 3.3662 3.8631 3.8624 3.8361 3.3310 3.3304 3.3292 3.3277 3.3258 3.3238 3.8121 3.8082 3.7978 3.7858 3.7741 3.7650 3.2839 3.9705 3.9705 4.1043 4.1043 4.1273 4.1312 3.9118 3.9118 3.9118 3.9097 4.3748 4.3748 4.3748 4.3748 4.3748 4.3399 4.3706 4.1706 3.8759 3.8759 4.3706 3.8759 3.8759 3.8759 3.8267 4.3302 4.3302 4.2580 4.2580 4.1636 3.9810 4.3587 3.8615 3.8615 3.8615 4.3302 4.3468 4.3468 4.3468 3.9688 4.3510 4.3468 4.3468 3.7963 3.7963 4.3468
3.2867 3.2858 3.2929 3.2929 3.2929 4.1942 4.1942 3.2929 3.8680 3.8617 3.8611 3.8615 3.3599 3.3592 3.3575 3.3555 3.3529 3.3500 3.8416 3.8380 3.8281 3.8188 3.8087 3.7689 3.2842 2.9826 2.9854 2.9854 2.9854 2.9811 3.9118 3.9118 3.9118 3.9097 3.8604 3.8604 4.3748 3.9118 3.8565 3.8565 3.8759 3.8737 3.8759 3.8759 3.8759 3.8759 3.8759 3.8759 3.8759 3.8759 4.3302 4.3302 4.3302 3.7918 4.3302 3.0039 4.3302 4.2580 4.1636 3.8615 4.3302 4.3468 4.3468 4.3468 4.0998 3.9755 4.3468 4.3468 4.3468 4.3468 4.3468
4.1173 3.2881 3.2806 3.9531 4.2928 4.2928 4.2928 4.2928 3.8724 3.8568 3.8238 3.8613 3.3601 3.3595 3.3579 3.3559 3.3535 3.3507 3.8452 3.8412 3.8316 3.8225 3.8138 3.8043 3.3143 3.0041 3.3114 3.3114 4.0315 3.8897 3.9104 3.9104 3.9104 2.9597 3.9104 3.9118 3.9118 3.9118 3.9118 3.9118 3.8759 3.8759 3.8291 3.8291 3.8759 3.8759 3.8759 3.8759 3.8759 3.8759 3.8615 4.3302 4.3302 4.3302 4.3302 4.3302 4.3302 4.3302 4.1636 3.8615 4.3302 3.7963 4.3468 4.3468 4.0998 4.0963 4.1692 4.2759 4.3468 4.3468 4.3468
3.9860 4.1016 3.2730 4.0498 3.9531 4.2928 4.2107 4.2928 4.3693 4.3693 3.6331 3.8620 3.8634 3.8650 3.3583 3.3565 3.3542 3.3516 3.8476 3.8449 3.8356 3.8266 3.8184 3.8097 3.3128 3.3103 3.3085 3.7234 3.7175 3.6404 3.9057 3.8540 3.9079 2.9597 3.8849 3.9104 3.9104 3.9104 3.9104 3.9104 3.9259 3.9259 3.9259 3.9259 3.9259 3.9259 3.9259 3.8759 3.8759 3.8759 3.8615 4.3302 4.3302 4.3302 4.3302 4.3302 4.3302 4.3302 4.3587 3.8615 4.1636 4.2759 4.3468 4.3793 4.0998 3.9755 4.1692 4.3468 4.3468 4.3468 4.3468
3.6762 3.9250 3.9139 4.0010 3.8893 3.8883 4.0428 4.2928 4.3693 4.3693 3.9182 3.8401 3.3688 3.3572 3.8662 3.8666 3.3625 3.3604 3.3568 3.3508 3.8415 4.1520 3.7941 4.0682 3.7478 3.7303 3.7180 3.7091 3.7030 3.6543 3.8849 3.9079 3.2493 3.2493 3.2493 3.9104 3.9104 3.9104 3.9104 3.9259 3.8709 3.8709 3.8709 3.8709 3.8709 3.9229 3.9259 3.9259 3.9259 3.9259 3.9251 4.3790 3.8357 3.8357 4.3790 4.3790 4.3790 3.8357 4.3790 3.8437 4.3468 4.3468 4.3468 4.2632 4.0963 3.2533 3.9178 4.2357 4.2357 4.2759 4.3468
3.8289 3.8289 3.9821 4.0155 4.0550 4.0894 4.1260 4.3343 4.4269 4.4269 4.3288 4.5438 4.4269 3.8724 3.3637 3.8687 3.3648 3.3628 3.3594 3.3533 3.8458 4.0374 3.9376 3.9376 3.8189 3.2844 3.2845 3.6708 3.9184 3.6445 3.7826 3.2493 3.2493 3.2493 3.2493 3.8540 3.8540 3.8540 3.8540 3.6718 3.6718 2.9950 2.9950 2.9950 2.9950 3.2897 3.6731 3.6763 3.6846 3.7016 3.7062 3.7575 3.7951 3.2986 3.3029 3.3090 3.8357 4.3075 4.2931 4.0524 3.8345 3.7708 3.7708 3.3046 3.3046 4.0133 3.3147 2.9815 3.8655 3.8655 4.0383
6.0853 4.0030 4.0180 4.0522 4.0804 4.0880 4.1027 3.9893 4.4269 4.4269 4.4269 4.5438 4.4269 4.3693 4.3693 3.8724 3.3668 3.3648 3.3616 3.3556 3.3700 4.1055 3.9376 3.9403 3.9376 3.6615 3.9135 3.9403 3.9403 3.8540 3.6404 3.8495 2.9597 3.2493 3.2493 3.8540 3.8540 3.8540 3.8540 3.6718 3.2897 2.9950 2.9950 2.9950 2.9950 3.2899 3.2908 3.6973 3.7072 3.6854 3.6640 3.9251 3.9301 3.9052 3.9052 4.2931 4.2931 4.2931 4.2931 4.2931 3.9688 4.1609 4.1609 4.1609 4.1609 4.1609 4.0383 2.9815 4.0310 4.1803 4.1803
6.0853 6.0853 4.0335 4.1235 4.0944 4.1002 4.1134 4.2348 4.3824 4.4269 4.4269 4.5438 4.6840 4.3693 4.3693 4.3693 3.3688 4.1299 3.3700 3.3700 4.6003 3.3700 3.9135 3.9403 3.9376 3.8717 3.9403 3.9403 3.9403 3.8540 3.6404 3.9104 3.8540 2.9597 3.6404 3.6481 3.8625 3.8614 3.8610 3.2921 3.2919 3.2916 3.2914 3.2912 3.9086 3.8372 3.6731 3.6872 3.9560 3.8801 3.9251 3.9301 3.9301 3.9301 3.9301 3.9301 3.9301 3.8736 3.8736 3.9301 3.9733 4.1803 4.1803 4.1803 4.1803 4.0383 4.0383 4.1803 4.1803 4.1803 4.1688
6.0853 6.0853 6.0853 6.0853 4.1235 4.1235 4.1328 4.2544 4.4269 4.4269 4.4269 4.5438 4.4269 4.3693 4.3693 4.3693 4.3693 4.3693 4.3895 4.3284 3.8687 3.8687 3.8687 3.8717 3.9403 3.8717 3.9403 3.9403 3.9403 3.8540 3.6469 3.9104 3.9104 3.8540 3.8582 3.8769 3.8691 3.8651 3.6429 3.6733 3.2904 3.2902 3.2901 3.6718 3.9042 3.9106 3.6771 3.6805 3.9014 3.8692 3.6410 3.8774 3.9301 3.9301 3.9301 3.9301 3.9301 3.9301 3.8774 3.8774 4.2064 3.0234 3.9444 4.4001 4.4001 3.8655 4.1688 4.1688 4.1803 4.1803 4.1803
