test/test_data/tcaap/monthly_mean_over_all_Sep__actual_et__2015-01-01_to_2019-12-31__180_by_260__inches.asc
NCOLS        180
NROWS        260
XLLCORNER     476375.000
YLLCORNER    4970875.000
CELLSIZE        100.000
NODATA_VALUE -9999.
[rows 64 to 95 of 260, columns 71 to 141 of 180]
3.4991 3.4991 3.4991 2.6390 2.6505 2.7105 3.4991 3.4991 3.4978 3.4978 3.4978 2.6438 2.7142 2.6846 2.7380 2.8459 2.7037 2.6978 2.7247 2.9319 2.9319 2.9319 2.9319 2.9319 2.9319 2.9319 2.9319 2.9319 2.9319 2.9544 3.0345 2.9544 2.9544 2.9544 2.9421 3.0345 3.0345 3.0500 3.0500 3.0528 3.0116 2.7734 2.9509 2.9509 2.7666 2.9626 2.9627 2.7685 2.9686 3.0186 3.0353 3.0525 3.0552 3.0516 3.0288 3.0314 3.0314 3.0297 3.0552 3.2817 3.0835 3.0166 3.0166 3.0166 3.0166 3.0613 2.9841 3.4776 2.7963 2.7889 3.2364
3.4992 3.4992 3.4992 2.6390 2.4418 2.7001 2.7001 2.7001 2.6846 2.5981 2.6007 2.6414 2.7142 2.7210 2.7187 2.5976 2.7039 2.6662 2.6647 2.6794 2.7396 2.9539 2.9539 2.9319 2.9319 2.9539 2.9319 2.9093 3.1117 2.9545 2.9545 3.0346 2.9421 2.9421 2.9421 2.9421 3.0346 3.0097 3.0097 3.0116 3.0116 2.9510 2.9510 2.9510 2.9510 2.9510 2.9510 2.9469 2.9516 3.0196 3.0398 3.0419 3.0516 3.0516 3.0315 3.0315 3.0315 2.9867 3.3664 3.3378 3.0835 3.0835 3.0167 3.0167 3.0167 2.8854 2.8368 2.8368 2.8368 2.8368 3.1743
2.9910 2.4800 3.4992 2.4862 2.4745 2.7001 2.7001 2.7001 2.7142 2.7211 2.7207 2.7207 2.6847 2.7211 2.7183 2.7207 2.6950 2.9328 2.6197 2.9320 2.9539 2.9539 2.9539 2.7396 2.9736 3.0031 3.0508 2.9093 3.1702 3.0097 3.0097 3.0097 3.4922 3.4922 2.9421 2.9421 2.9421 3.0097 3.0097 3.0117 3.0117 2.9510 2.9510 2.9510 2.9275 2.7734 2.9510 2.9510 2.7580 3.0373 3.0398 3.0384 3.0517 3.0552 3.0315 3.0315 3.0315 3.0746 3.0315 3.3286 3.0836 3.0167 3.0167 3.0167 3.0634 3.1113 2.7809 2.7410 3.1483 3.1483 3.2462
2.8360 2.8144 2.7888 2.7015 2.7003 2.7047 2.7047 2.7191 2.7142 2.7212 2.7212 2.7146 2.7180 2.6165 2.7188 2.7137 2.3346 2.3346 2.3949 3.2633 3.2558 3.0715 2.7397 2.7409 2.7409 2.9194 3.0095 3.1703 3.1703 3.0097 3.0097 3.0097 3.4923 3.4923 2.9421 2.9421 2.9421 2.9301 2.9301 2.9510 2.9510 2.9510 2.9510 2.9275 2.9175 2.7734 2.7734 2.7581 2.7581 2.7666 2.7923 2.7908 2.7923 2.9863 2.9683 2.9683 2.9683 3.0315 3.0315 3.0315 3.0421 3.0450 2.8423 2.8423 3.0634 2.7409 2.9608 2.9608 3.0871 2.9543 2.7890
2.9678 3.4935 2.8032 2.7524 2.7003 2.7047 2.7047 2.7090 2.7090 2.7192 2.7192 2.7097 2.7121 2.7244 2.7912 2.4826 2.3885 2.3418 2.3556 3.2458 3.4919 3.0715 2.7149 2.7410 2.9194 2.9194 3.0096 3.0032 3.0048 3.0098 3.0098 3.0098 2.9449 3.4923 2.9422 2.9422 2.9301 2.9301 2.9301 2.9511 2.9511 2.9511 2.9511 2.9175 2.9519 2.9841 2.7667 2.7667 2.9393 2.7923 2.7923 2.7900 2.7940 2.9863 2.9863 2.7923 2.7923 3.0289 3.0316 3.0298 3.0421 3.0421 3.0451 3.0635 3.0635 2.9609 2.9609 2.9609 2.9609 2.9544 2.9547
2.9679 2.9410 2.8767 2.7003 2.7040 2.6940 2.7047 2.7091 2.7091 2.7192 2.7192 2.7091 2.7091 2.5754 2.6614 2.6523 2.9855 2.9716 2.3838 3.2074 3.2907 3.3079 2.6932 2.8753 2.8753 2.9025 2.9834 2.9729 2.9838 2.9936 2.9936 3.0098 2.9309 3.4924 2.9301 2.9301 2.9301 2.9422 2.9301 2.9511 2.9511 2.9511 2.9511 2.9393 2.7667 2.7667 2.7667 2.9393 2.9393 2.7924 2.7895 2.7948 2.7924 2.7924 2.7924 2.7841 2.7924 2.7924 2.9684 3.0316 3.0451 3.0451 3.0451 2.8424 2.7334 2.9609 2.9609 2.9609 2.9609 2.9609 3.2155
2.9679 2.9679 2.9058 2.7040 2.7040 2.6941 2.7047 2.7091 2.7091 2.7193 2.7193 2.7193 2.7091 2.7098 2.6523 2.6523 2.6523 2.8834 2.3556 3.2907 3.2907 3.2408 3.0395 2.8753 2.8753 2.9026 2.9834 2.9834 2.9936 2.9936 2.9936 2.9838 3.4892 3.4892 2.9373 2.9017 2.9017 2.7111 2.9017 2.9303 2.9303 2.9303 2.9303 2.5338 2.9394 2.9394 2.9394 2.9520 2.9520 2.9864 2.9684 2.7963 2.7952 2.7924 2.7924 2.7924 2.7924 3.0554 3.0316 3.0316 3.0451 3.0451 3.0168 2.8424 2.8424 3.0635 2.8424 2.9582 2.9582 2.9582 3.2661
2.9679 2.9550 2.9395 2.7004 2.7048 2.7048 2.6475 2.6524 2.7091 2.6728 2.7099 2.7193 2.7193 2.7193 2.7193 2.7193 2.7193 2.7893 2.4637 3.4922 3.4922 3.4922 3.0453 2.9835 2.9835 2.9835 2.9835 2.9835 2.9937 2.9937 3.0454 3.0020 3.4892 3.4892 2.9145 2.9145 2.7205 2.9137 2.9018 2.9303 2.9303 2.9303 2.9303 2.9303 2.5146 2.9303 2.9461 2.9461 2.9275 2.9395 2.9395 2.9395 2.9395 2.7526 2.7526 2.7913 3.4774 2.9415 2.9415 3.0317 3.0452 3.0452 2.7865 3.0169 3.0169 2.7859 2.7319 2.7865 2.7859 2.9892 2.8382
2.9679 3.1640 3.4937 3.3195 2.7048 2.7048 2.6356 2.6524 2.7160 2.5697 2.6190 2.7192 2.7192 2.7193 2.7193 2.7193 2.7193 2.6190 3.4923 3.4923 3.4923 3.4923 3.2366 2.9835 2.9835 2.9835 2.9835 2.9835 2.9937 2.9937 2.9937 2.9426 3.4893 3.4893 3.4893 2.7112 2.7112 2.9145 2.9145 2.9303 2.9303 2.9462 2.9303 2.9303 2.9303 2.9303 2.9303 2.9303 2.9303 2.9395 2.9395 2.9395 2.9395 2.7526 2.7526 2.9395 2.9470 3.4793 3.0127 3.0127 3.0430 3.0430 2.7812 3.0126 2.9871 2.7841 2.7841 2.7860 2.7860 3.0334 2.9861
2.9551 2.9914 3.4938 3.0390 2.6356 2.7048 2.6356 2.7194 2.7160 2.5640 2.6694 2.6728 2.7099 2.7194 2.7194 2.7194 2.7194 2.6565 3.4923 3.4923 3.4923 3.4923 3.4923 3.1942 2.9835 2.9835 2.9835 2.9835 2.9937 2.9937 2.9736 3.4893 3.4893 3.4893 3.4893 3.4893 2.7112 2.9146 2.7112 2.7238 2.9462 2.9462 2.5957 2.5957 2.9304 2.9304 2.9304 2.9304 2.9304 2.9395 2.9395 2.9395 2.9395 2.9584 2.9584 2.9395 2.9263 2.9477 3.4793 3.4793 3.0430 3.0430 3.0346 3.0346 2.8884 2.7841 2.7841 2.7841 2.7841 3.2625 3.0296
2.9551 2.9280 3.2372 3.2426 2.6934 2.7048 2.7048 2.7194 2.7160 2.5658 2.6420 2.6717 2.6726 2.7194 2.7194 2.7194 2.7194 2.6547 2.6928 3.4924 2.9965 3.0872 2.9268 3.1265 3.0454 3.0454 3.0218 3.0218 3.2266 3.1674 3.1674 3.0233 3.4893 3.4893 3.4893 3.4893 3.4893 2.7112 2.7253 2.7279 2.7245 2.9462 2.9765 2.7361 2.7361 2.7279 2.9462 2.9494 2.9304 2.9395 2.9395 2.9395 2.9395 2.9584 2.9584 2.9584 2.9475 2.9478 3.4794 3.4721 3.4721 3.4721 2.7555 2.7555 2.7743 2.7841 2.7841 2.7841 2.7649 3.3081 3.4791
2.9680 2.9551 3.2392 3.1863 3.0800 2.7049 2.7049 2.7194 2.5698 2.5681 2.6701 2.6717 2.5695 2.5697 2.7100 2.6488 2.7100 2.6435 2.6841 2.6928 3.0068 3.0682 3.1266 3.2284 2.9966 3.0397 3.2076 3.2076 3.2266 3.1496 3.1496 3.3213 2.9176 2.9176 3.4894 3.4894 2.7112 2.7112 2.7279 2.9463 2.9463 2.9463 2.9304 2.7361 2.7279 2.7279 2.9463 2.9304 2.9304 2.9396 2.9396 2.9396 2.7653 2.8933 3.0702 3.0744 2.7609 2.7598 2.7609 3.4722 3.4722 3.4722 2.7555 2.7555 2.7743 2.7267 2.7267 2.7267 3.3609 3.2765 3.4791
2.9681 2.9552 3.2220 3.1863 3.1863 2.7049 2.7049 2.7194 2.6765 2.5688 2.5821 2.5739 2.5693 2.6327 2.6340 2.7180 2.6799 2.8051 2.8112 2.9003 3.0069 2.9836 2.9829 3.2076 3.2435 2.9966 2.6933 2.6933 2.9938 3.3119 2.9967 3.2436 3.2023 2.9176 3.0615 3.0615 2.9146 2.9146 2.9463 2.9463 2.9463 2.9463 2.7361 2.7361 2.7361 2.7309 2.7327 2.7334 2.9348 2.9396 2.9396 2.9396 2.9396 2.8933 3.0702 3.0702 3.0702 3.0255 3.4795 2.7667 2.7744 2.7744 2.7555 2.9661 2.9661 2.7267 2.7267 2.7267 3.2637 3.1826 3.3139
2.9595 2.9681 3.0235 3.2352 3.2665 2.6877 2.7042 2.7194 2.6830 2.4805 2.5826 2.5739 2.5688 2.5695 2.6743 2.6847 2.6912 2.6429 2.8152 2.8706 2.9731 2.8784 2.9966 3.2077 3.2910 3.0455 2.8891 2.8755 3.0318 3.0548 3.0165 3.0165 3.0165 2.9147 2.9395 2.9395 2.9529 2.9147 2.9463 2.9463 2.9463 2.9463 2.7279 2.7361 2.7361 2.7330 2.7306 2.7318 2.9340 2.9396 2.9396 2.9396 2.9396 2.8933 3.0745 3.0745 3.0745 3.4795 3.4795 3.4723 3.4723 2.9662 2.9662 2.9662 2.9662 2.9662 2.9662 2.7268 3.2231 3.2231 3.3140
2.9595 2.9595 3.0220 3.0124 3.0124 2.7007 2.7007 2.6819 2.6700 2.4369 2.5434 2.5342 2.4405 2.4824 2.5698 2.6885 2.7401 2.7965 2.8903 2.8695 2.9732 2.9028 3.0069 3.2285 3.2368 3.0455 3.0069 3.0455 3.0497 3.0548 3.0165 3.0165 3.0165 2.9147 2.9147 2.9396 2.9147 2.9147 2.9463 2.9305 2.9305 2.9463 2.9463 2.9305 2.9463 2.7324 2.7315 2.9393 2.9338 2.9397 2.9397 2.9397 2.7654 2.8939 3.0745 3.0745 3.0342 3.4796 3.4796 3.4723 3.4723 2.9507 2.9507 2.9662 2.9662 2.9507 2.9662 2.9662 2.9662 3.2232 3.2249
2.9595 2.9595 2.9595 2.9825 3.0220 2.9825 2.6819 2.6819 2.6700 2.4098 2.4479 2.5348 2.4401 2.4414 2.6316 2.6316 2.6968 2.6406 2.7876 2.9150 2.9554 2.9653 2.9891 3.2190 3.2113 3.0455 3.0070 3.0165 3.0165 3.0548 3.0548 3.0165 3.0165 3.0165 2.9147 2.9396 2.9147 2.9147 2.9464 2.9464 2.9305 2.9464 2.9464 2.9464 2.9464 2.7280 2.7319 2.9389 2.9340 2.9397 3.0129 3.0042 3.0129 3.0129 3.0343 3.0129 3.0129 3.4796 3.4796 3.4723 3.4723 2.9508 2.9662 2.9329 2.6257 2.9329 2.9662 2.9662 2.9662 2.7268 2.7241
2.9596 2.9596 2.9596 2.9596 2.9825 2.9825 2.6819 2.6701 2.6105 2.4098 2.4488 2.4449 2.5273 2.5300 2.6316 2.6708 2.6708 2.6162 2.7037 2.6449 2.9654 2.9654 3.0028 3.0028 3.2292 3.0210 3.0268 2.9955 2.9955 2.9955 2.9955 2.9877 3.0341 2.8916 3.4896 3.4896 2.9955 3.0166 3.0298 3.0298 3.0141 2.9464 2.9464 2.7280 2.7280 2.7280 2.7320 2.7326 2.9434 3.0042 3.0042 3.0343 3.0343 3.0129 3.0129 3.0129 3.0042 3.4797 3.4797 3.0549 3.0641 2.9662 2.9662 2.6257 2.9329 2.9508 2.9508 2.7745 2.9662 2.7241 2.7241
2.9596 2.9596 2.9596 2.9596 2.9825 2.9825 2.9593 2.6701 2.4098 2.4098 2.4509 2.5409 2.5281 2.6699 2.6708 2.6708 2.6708 2.7038 2.7038 2.7038 2.9406 2.9654 3.0028 3.0268 3.0211 3.2114 3.0268 2.8917 2.8917 3.3581 2.9955 2.9860 2.9955 2.9955 2.9721 3.4896 2.9955 2.9955 2.9854 2.9998 3.0079 2.9125 2.6915 2.6934 2.6915 2.6915 2.6953 2.6954 2.7435 2.9145 2.9086 3.0042 3.0703 3.0746 3.0746 3.0703 3.4797 3.4797 3.4797 3.2945 3.2431 2.9663 2.9663 2.9663 2.9508 2.9508 3.0069 2.9663 2.8113 2.7241 2.7241
2.9596 2.9596 2.9596 2.9596 3.0221 2.9675 2.6152 2.6578 2.4415 2.4415 2.5209 2.6708 2.6708 2.6708 2.6708 2.6708 2.6708 2.7038 2.7038 2.7038 2.6452 3.2114 2.8707 2.8707 2.8920 3.2114 3.3094 3.3212 3.3212 3.3582 3.2967 2.9625 2.9722 2.9722 2.9722 2.9722 2.9722 2.9722 2.9854 3.0079 3.0079 2.9002 2.6955 2.6955 2.6955 2.6959 2.9650 2.9662 2.7425 2.7410 3.0551 3.0165 3.0609 3.0649 3.0609 3.0609 3.4744 3.4744 3.4744 3.2791 2.9487 2.9663 2.9663 2.9663 2.9663 2.9663 2.9663 2.9663 2.8113 2.7241 2.7241
2.9597 2.9597 2.9597 2.9597 2.9597 2.4216 2.4426 2.6830 2.4570 2.4554 2.5298 2.6708 2.6708 2.6708 2.6708 2.6708 2.6708 2.6928 2.6928 2.6928 2.6300 3.0029 2.8875 3.2307 3.0269 2.9781 3.3094 3.3212 3.3212 3.3211 3.3211 3.3211 2.9625 2.8684 2.8918 2.9722 2.9642 2.9642 2.9854 2.9854 2.9854 2.9003 2.6995 2.6977 2.6977 2.6995 2.6981 2.6979 2.7380 2.7355 2.7343 2.7370 2.7370 3.0248 3.0650 3.0248 3.0248 2.7370 2.9310 2.9488 3.0156 3.0156 3.0156 3.0156 3.0156 2.9488 2.9488 2.9488 2.7825 2.7978 2.7749
2.9597 2.9597 2.9597 2.9597 2.9597 2.6350 2.4318 2.7432 2.4513 2.4516 2.5654 2.6754 2.6317 2.6317 2.6430 2.6450 2.6796 2.6928 2.6562 2.5644 2.7005 2.8495 2.9555 3.3487 3.0212 3.2527 3.2601 3.3213 3.2121 3.2968 3.3211 3.3211 3.0114 3.0372 3.0372 2.9722 2.9722 2.9722 2.9855 2.9855 3.0236 2.9003 2.9003 2.8868 2.9071 2.6995 2.6995 2.6984 2.7367 2.7334 2.7268 2.9221 3.0751 2.9194 3.0610 3.2853 3.0650 2.9489 2.9311 2.9488 3.4671 3.4671 3.4671 3.0156 3.0156 3.0156 2.9488 2.7825 2.7825 2.7979 3.0770
2.9597 2.9597 2.9597 2.9597 2.9447 2.6339 2.6268 2.6270 2.6236 2.6236 2.7649 2.7563 2.7219 2.6317 2.6742 2.6734 2.7179 2.6983 2.7035 2.7039 2.7039 2.7039 2.6783 3.1579 3.2527 3.2527 3.2527 3.2748 3.3187 3.1310 3.2734 3.1230 3.4898 3.0068 2.9723 2.9723 3.2715 2.9723 2.9855 2.9855 2.9855 2.9003 2.8868 2.8868 2.9288 2.9126 2.9003 2.9003 2.7438 2.7456 2.9311 3.1874 3.1875 3.2980 3.0391 3.0166 3.0249 2.9311 2.9311 3.0223 3.4671 3.4671 3.0157 3.0157 3.0157 3.0157 2.7825 2.7825 2.7825 2.7979 3.0167
2.9597 2.9597 2.9597 2.9597 2.9447 2.6397 2.6239 2.6237 2.8261 2.8261 2.8119 2.8127 2.6263 2.7638 2.4402 2.4524 2.4435 2.6345 2.7039 2.7039 2.7039 2.7039 3.1580 3.1580 3.0353 3.2527 3.0028 3.4899 3.4899 3.4899 3.4899 3.4899 3.4899 2.9508 2.9723 2.8918 3.2716 2.9855 2.9855 2.9855 2.9855 2.9003 2.9003 2.9003 2.9127 2.9067 2.9772 2.9772 2.7457 2.7457 2.7457 2.9451 2.9850 2.9951 2.9951 3.0067 3.0249 2.9311 2.9489 2.9489 2.9489 3.0223 3.0223 3.0223 3.0223 2.9916 2.9736 2.9736 2.9736 2.9967 3.0168
2.9598 2.9598 2.9598 2.9598 3.4911 3.4911 2.6232 2.6215 2.8261 2.8261 3.0728 2.8127 2.9158 2.8337 2.4239 2.4404 2.4436 2.6345 2.6454 2.7039 2.7039 2.6454 2.6454 2.6454 2.6454 2.6345 3.4895 3.4899 3.4899 3.4899 3.4899 3.4899 3.4899 2.9723 2.9723 2.8686 2.8919 2.9856 2.9856 2.9856 2.9856 2.9004 2.9068 2.9004 2.6707 2.9755 2.9856 2.9856 3.0034 2.9311 2.9311 3.0067 3.0167 2.9951 3.0034 3.0067 3.0067 2.9951 3.0140 2.9489 3.0223 3.0223 3.0223 3.0223 3.0223 2.9916 2.9736 2.9736 2.8317 2.8607 2.9930
2.9372 2.9372 2.9372 2.9264 3.4913 3.4913 2.6253 2.6215 2.6156 2.9527 2.9082 3.4904 3.4904 2.8670 2.8428 2.4100 2.4436 2.6345 2.6345 2.7039 2.6412 2.6412 2.6412 2.7039 2.7039 2.7039 3.4895 3.4900 3.4900 3.4900 3.4900 3.4900 3.4900 2.9723 3.4900 3.4900 2.9723 2.9856 2.9068 2.9856 2.9856 2.9004 2.9068 2.9072 2.9072 2.9856 2.9856 2.9856 3.0034 2.9312 2.9312 3.0167 2.9951 3.0034 3.0034 2.9951 3.0034 3.0034 3.0589 3.0589 3.0140 3.0223 3.0223 3.0223 3.0223 3.0428 2.9737 2.9737 2.8318 2.9930 2.9930
2.9372 2.9372 2.9265 2.9265 3.4913 2.8931 2.9127 2.9192 2.9103 2.9315 2.8349 3.4856 2.8233 2.8196 2.8196 2.4171 2.4493 2.6274 2.6274 2.6345 2.6345 2.6345 2.6922 2.7040 2.7040 2.7040 3.4895 3.4900 3.4900 3.4900 3.4900 3.4900 3.4900 3.4900 3.4900 3.4900 2.9724 2.9856 2.9856 2.9856 2.9856 2.9004 2.8869 2.9072 2.9072 3.0467 2.9856 2.9856 3.0035 2.9312 2.9312 2.9951 2.9951 3.0035 3.0035 3.0035 3.0035 3.0035 3.0140 3.0140 3.0429 3.0224 3.0224 3.0224 3.0224 3.0429 2.9737 2.9737 2.9672 2.9930 2.9930
2.9372 2.9265 2.9265 2.8872 2.8872 2.8872 2.9116 2.9171 2.9018 2.9238 2.8922 2.8196 2.8259 2.8196 2.8196 2.7851 2.4783 2.6274 2.6274 2.6274 2.6274 2.6860 2.6964 2.6968 2.6968 2.6968 2.6968 3.4879 3.4879 3.4879 3.4879 3.4901 3.4901 3.4901 3.4901 3.4901 3.4901 2.9756 2.9856 2.9856 2.9856 2.9004 2.8869 2.9984 3.0467 3.0467 2.9856 2.9856 3.0035 2.9312 2.9312 2.9952 3.0035 3.0035 3.0035 3.0035 3.0035 3.0035 3.0224 3.0429 3.0224 3.0224 3.0224 3.0224 3.0224 3.0429 2.9737 2.9737 3.0537 3.0772 3.0772
2.8872 2.9242 2.9242 2.9242 2.9242 2.9265 2.9018 2.9018 2.9265 2.9018 2.8878 2.8196 2.8196 2.2909 2.6711 2.6121 2.6867 2.6968 2.6373 2.6373 2.6968 2.6373 2.6964 2.6968 2.6968 2.6968 3.4879 3.4879 3.4879 3.4879 3.4879 3.4879 3.4879 3.4879 3.4879 3.4879 3.4879 2.8888 2.9709 2.9709 2.9709 2.8775 2.9709 2.9857 3.0082 3.0082 3.0082 2.9857 3.0035 3.0035 3.0035 3.0035 3.0035 3.0035 3.0035 3.2123 3.0035 3.0035 3.0536 3.0039 3.0224 3.0224 3.0224 3.0224 2.9364 2.9917 2.9917 2.9917 3.4674 3.4722 3.0353
2.8872 2.9242 2.9373 2.9373 2.9373 2.9403 2.9403 2.9265 2.9403 2.9289 2.8768 2.4247 2.5324 2.6711 2.6711 2.6121 2.6867 2.6968 2.6968 2.6968 2.6374 2.6374 2.6968 2.6968 2.6968 2.6968 3.4880 3.4880 3.4880 3.4880 3.4880 3.4880 3.4880 3.4880 3.4880 3.4880 2.9746 2.9710 2.9710 2.9710 2.8888 3.0433 2.9710 2.9710 2.9710 2.9611 2.9940 2.9772 2.9772 2.9772 2.9772 2.9772 2.9772 2.9772 2.9772 3.4748 3.4748 3.0096 3.0040 3.0040 3.0141 3.0538 3.0141 3.4675 2.9917 2.9917 2.9917 3.4675 3.4723 3.4723 3.0170
2.8872 2.9242 2.9373 2.9373 2.9373 2.9403 2.9403 2.9403 2.9403 2.8186 2.4247 2.8343 2.4450 2.6711 2.6121 2.6711 2.6867 2.6969 2.6374 2.6374 2.6700 2.7302 2.6969 2.6969 2.6969 2.6969 2.7069 3.4880 3.4880 3.4880 2.5934 3.4880 3.4880 3.4880 3.4880 3.4880 2.8955 2.9710 2.9710 2.9710 2.8775 2.9477 3.0475 2.9710 2.9710 2.9836 2.9710 2.9772 2.9772 2.9772 2.9772 2.9772 2.9772 2.9772 2.9772 3.4741 3.4741 3.4741 3.4702 3.0028 3.0028 2.9420 2.9251 3.4702 3.4702 2.9800 2.9800 3.4675 3.4723 3.4723 3.4723
2.8873 3.4916 2.9373 2.9373 2.9373 2.9403 2.9403 2.9403 2.9403 2.8186 2.8186 2.8186 2.8289 2.4450 2.4450 2.6712 2.6606 2.6861 2.6969 2.6269 2.7302 2.6700 2.6868 2.6969 2.6969 2.6969 2.7183 3.4881 3.4881 3.4881 3.4881 2.5930 3.4881 3.4881 3.4881 3.4881 2.9747 2.9710 2.8889 2.9710 2.8775 3.0461 2.9710 2.9710 2.9710 2.9710 2.9710 2.9772 2.9772 2.9772 2.9772 2.9772 2.9772 2.9772 2.9772 2.9772 2.9560 2.8680 3.0119 3.0119 3.0028 3.0118 3.0118 3.0118 2.9800 2.9800 3.4703 3.4703 3.4724 3.4724 3.4724
3.4916 3.4916 2.9243 2.9374 2.9374 2.9403 2.9266 2.9259 2.9238 2.9189 2.9403 2.8186 2.8289 2.4450 2.6712 2.6712 2.6792 2.5941 2.5395 2.6374 2.6374 2.6969 2.6969 2.6868 2.6868 2.6968 2.7179 2.7139 3.4881 3.4881 3.4881 2.6704 2.6733 3.4881 3.4881 3.4881 2.9645 3.2137 3.1783 2.9710 2.9629 3.0204 2.9710 3.4838 3.4838 3.4838 2.9941 2.8930 2.9773 2.9773 2.9773 2.9773 2.9773 2.9773 2.9773 2.9773 2.9773 2.9773 3.0120 3.0029 3.0118 3.0118 3.0118 3.4703 2.9800 2.9800 3.4703 3.4703 3.4724 3.4724 3.4724
