test/test_data/tcaap/monthly_variance_over_all_Aug__actual_et__2015-01-01_to_2019-12-31__180_by_260__inches.asc
NCOLS        180
NROWS        260
XLLCORNER     476375.000
YLLCORNER    4970875.000
CELLSIZE        100.000
NODATA_VALUE -9999.
[rows 145 to 173 of 260, columns 67 to 133 of 180]
0.76785 0.76881 0.76796 0.76623 0.76409 0.87008 0.73764 0.92160 0.92160 0.92160 0.92160 0.92160 0.92160 0.96066 0.97504 0.98477 0.98477 0.98477 0.98477 0.98477 0.95183 0.95183 1.0049 1.0049 0.85780 0.85780 0.85806 0.93627 0.93627 0.93627 1.0049 1.0049 1.0049 1.0049 0.93627 0.93627 0.92835 0.94143 0.94143 0.94143 0.94143 0.94143 0.94143 0.92835 0.92835 0.92835 0.92835 0.91608 0.91608 0.91608 0.90455 0.91608 0.91608 0.74718 0.83832 0.91608 0.91608 0.90431 0.90431 0.83086 0.83086 0.83086 0.83086 0.83086 0.70813 0.76537 0.87857
0.83721 0.76915 0.76931 0.76882 0.76713 0.86573 0.73764 0.73764 0.92161 0.92161 0.92161 0.92161 0.96066 0.96066 0.97505 0.98477 0.97605 0.98477 0.98477 0.98477 0.76923 0.77134 1.0049 1.0049 0.93839 0.85781 0.85807 0.93627 0.93627 0.93627 1.0049 1.0049 1.0049 1.0049 0.93627 0.93627 0.92835 0.92835 0.92835 0.92835 0.94143 0.94143 0.92835 0.92835 0.92835 0.92835 0.92835 0.88679 0.90455 0.90455 0.83832 0.83832 0.88107 0.74718 0.84014 0.90455 0.90455 0.90431 0.90431 0.83086 0.83086 0.83086 0.83086 0.80168 0.69746 0.69746 1.2357
0.82580 0.82390 0.76897 0.76917 0.76888 0.74697 0.73764 0.73764 0.92161 0.92161 0.92161 0.92161 0.96066 0.96066 0.97505 0.98478 0.98478 0.98478 0.98478 0.98478 0.77135 0.85781 1.0049 1.0049 0.85781 0.85781 0.85807 0.93628 0.93628 0.92526 1.0049 1.0466 1.0466 1.0049 0.92526 0.93628 0.91463 0.75674 0.75649 0.92836 0.92836 0.92836 0.92836 0.92836 0.92836 0.92836 0.85029 0.88680 0.83832 0.83832 0.83832 0.83832 0.74706 0.74624 0.84577 0.94450 0.90455 0.90432 0.83086 0.83086 0.83086 0.83086 0.83086 0.83086 0.83441 0.67185 0.90432
0.85712 0.82956 0.76855 0.76896 0.76931 0.74821 0.74481 0.73765 0.73765 0.73765 0.89349 0.90553 0.94143 0.94143 0.96229 0.97606 0.98478 0.98478 0.95748 0.95748 0.86041 0.85781 1.0049 1.0049 1.0049 1.0049 1.0049 1.0049 1.0049 1.0049 0.90008 0.75863 0.89344 0.90008 1.0049 0.76237 0.75718 0.75721 0.89373 0.89308 0.89308 0.91702 0.92836 0.92836 0.92836 0.85030 0.85030 0.88108 0.88108 0.90225 0.90456 0.90456 0.74708 0.83935 0.83833 0.83833 0.91609 0.90432 0.90432 0.90432 0.90432 0.90432 0.90432 0.90432 0.90432 0.90432 0.90432
0.82957 0.82957 0.71562 0.76532 0.76532 0.74892 0.74739 0.74156 0.73765 0.73728 0.89603 0.89818 0.94144 0.91569 0.94153 0.94861 0.97606 0.98479 0.95749 0.95749 0.85782 0.85782 1.0049 1.0049 1.0049 1.0049 1.0049 1.0049 1.0049 1.0049 0.99784 0.99784 0.88193 0.90008 0.99784 0.99964 0.91463 0.91463 0.89309 0.91463 0.92836 0.92836 0.92836 0.92836 0.92836 0.92836 0.92836 0.88109 0.88109 0.90226 0.91610 0.91610 0.91610 0.91610 0.91610 0.91610 0.91610 0.90432 0.90432 0.90432 0.89154 0.89165 0.89190 0.89154 0.90432 0.90432 0.91011
0.84856 0.84396 0.76532 0.71562 0.69494 0.75000 0.74842 0.74322 0.73765 0.73765 0.89498 0.88271 0.87517 0.92162 0.92162 0.93327 0.95421 0.97170 0.97170 0.93840 0.85782 0.85782 1.0050 1.0050 1.0050 1.0050 1.0049 1.0049 1.0049 1.0049 1.0049 1.0049 1.0049 0.99784 0.99784 0.99845 0.98619 0.98619 0.85030 0.92837 0.92837 0.92837 0.92837 0.92837 0.92837 0.92837 0.92837 0.91610 0.90226 0.91610 0.91610 0.91610 0.91610 0.91610 0.83833 0.91610 0.91610 0.90433 0.90433 0.90433 0.89155 0.89117 0.89155 0.90433 0.90433 0.90433 0.89797
0.89194 0.85448 0.76595 0.76516 0.71163 0.70790 0.76335 0.76077 0.75427 0.75427 0.89350 0.87994 0.87994 0.92163 0.92163 0.93328 0.93328 0.93328 0.94618 0.94618 0.93841 0.85782 0.85782 1.0050 1.0050 1.0049 0.85808 0.85808 1.0049 1.0049 1.0049 1.0049 1.0049 1.0049 1.0049 0.99785 0.98619 0.99388 0.92837 0.92837 0.92837 0.92837 0.92837 0.92837 0.92837 0.85031 0.91610 0.91610 0.91610 0.91610 0.91610 0.91610 0.91610 0.91610 0.91610 0.91610 0.91610 0.90433 0.90433 0.90433 0.90433 0.90433 0.90433 0.90433 0.90433 0.89797 0.89797
0.87198 0.76653 0.76622 0.76590 0.71039 0.76100 0.76379 0.76178 0.75427 0.75427 0.75427 0.75427 0.75427 0.75427 0.91907 0.92293 0.92293 0.92293 0.92293 0.92293 0.92293 0.75953 0.76546 0.76546 0.81713 0.85809 0.76238 0.76238 0.85809 0.85809 0.85809 1.0049 1.0049 1.0049 0.76238 0.76238 0.85031 0.85031 0.92838 0.92838 0.92838 0.92838 0.92838 0.92838 0.85031 0.85031 0.83834 0.91611 0.91611 0.91611 0.92849 0.92849 0.91611 0.91611 0.91611 0.91611 0.91611 0.90434 0.90434 0.90434 0.90434 0.90434 0.87970 0.87970 0.81703 0.89798 0.89798
0.70267 0.76679 0.76661 0.76672 0.76334 0.76388 0.76417 0.76274 0.75427 0.75427 0.75427 0.75427 0.75427 0.75427 0.91907 0.92294 0.92294 0.92294 0.92294 0.92294 0.92294 0.75953 0.75514 0.75514 0.76444 0.75656 0.75014 0.84148 0.98947 0.84148 0.84148 0.98947 0.98947 0.98947 0.76238 0.76238 0.85031 0.85031 0.92838 0.92838 0.92838 0.92838 0.92838 0.92838 0.92838 0.92838 0.83834 0.91611 0.92850 0.92850 0.86252 0.86252 0.91611 0.91611 0.91611 0.91611 0.91611 0.90434 0.90434 0.90434 0.90434 0.83253 0.83253 0.83253 0.83253 0.81704 0.89798
0.76704 0.76695 0.76677 0.76684 0.76338 0.83370 0.83670 0.76357 0.75428 0.75428 0.75428 0.91907 0.91907 0.91907 0.75428 0.92294 0.92294 0.92294 0.92294 0.92294 0.92294 0.92564 0.82989 0.82989 0.82989 0.82382 0.83477 0.84149 0.84149 0.84149 0.84149 0.98948 0.98948 0.98948 0.75014 0.84149 0.83677 0.83677 0.83677 0.83677 0.91633 0.91633 0.91633 0.91633 0.91633 0.91633 0.91612 0.91612 0.92850 0.87237 0.87237 0.86252 0.86252 0.87237 0.86796 0.88986 0.91612 0.83254 0.83254 0.83254 0.83254 0.83254 0.83254 0.83254 0.81052 0.83254 0.89156
0.76704 0.76702 0.76690 0.76694 0.76341 0.76366 0.75748 0.76173 0.76354 0.75428 0.93710 0.91908 0.91908 0.91908 0.75428 0.75954 0.92294 0.92294 0.92294 0.92294 0.92294 0.82989 0.82989 0.82989 0.82989 0.75183 0.83279 0.84149 0.84149 0.84149 0.84149 0.98948 0.98948 0.98948 0.75014 0.84149 0.83677 0.83677 0.83677 0.83677 0.91634 0.91634 0.91634 0.91634 0.91634 0.91634 0.90971 0.90971 0.92224 0.86637 0.86614 0.85730 0.85730 0.86263 0.90608 0.89512 0.86637 0.85036 0.83254 0.83254 0.83254 0.81767 0.83254 0.83254 0.83254 0.81704 0.87971
0.76705 0.76704 0.76698 0.76700 0.76340 0.83250 0.81713 0.82596 0.76408 0.75428 0.93710 0.91908 0.91908 0.75428 0.75954 0.75954 0.75954 0.75954 0.92295 0.92295 0.92295 0.84426 0.82989 0.82989 0.75514 0.75427 0.75661 0.75014 0.84149 0.84149 0.84149 0.84149 0.84149 0.84149 0.84149 0.84149 0.83678 0.83678 0.91634 0.83678 0.91634 0.91634 0.91634 0.91634 0.91634 0.91634 0.90972 0.92224 0.86614 0.86637 0.86637 0.89120 0.92747 0.94669 0.93200 0.89884 0.87353 0.84803 0.82936 0.82936 0.82936 0.82936 0.82936 0.82936 0.82275 0.81698 0.81698
0.87199 0.76705 0.76702 0.76701 0.83133 0.83186 0.81713 0.82596 0.76416 0.75428 0.93711 0.91908 0.91908 0.91908 0.75954 0.89731 0.92295 0.92295 0.92295 0.92295 0.84426 0.84426 0.82990 0.82990 0.75703 0.75419 0.75656 0.84149 0.84149 0.83960 0.84006 0.84047 0.84093 0.84131 0.84149 0.83678 0.83678 0.83678 0.91634 0.91634 0.91634 0.91634 0.91634 0.91634 0.91634 0.91634 0.90972 0.85731 0.86614 0.84058 0.84779 0.90722 0.95368 0.97569 0.95273 0.86614 1.2363 1.2363 1.2363 0.90209 0.90209 0.90209 0.89651 0.89651 0.89651 0.87262 0.86405
0.87200 0.87200 0.76703 0.76699 0.83089 0.83106 0.82566 0.75462 0.76420 0.75428 0.91909 0.91909 0.91909 0.91909 0.89732 0.92296 0.92296 0.92296 0.94261 0.94364 0.82927 0.84461 0.82990 0.71480 0.82365 0.82096 0.82226 0.80486 0.75015 0.75545 0.83798 0.83951 0.84023 0.84074 0.75015 0.74753 0.83678 0.83678 0.91635 0.91635 0.91635 0.91635 0.91635 0.91635 0.91635 0.91635 0.92225 0.83127 0.81316 0.92225 0.90390 0.92221 1.0012 1.0012 0.93537 0.85479 0.84170 1.2363 1.2363 0.90209 0.90209 0.89652 0.89652 0.89652 0.89652 0.89652 0.87149
0.83817 0.76705 0.76701 0.83742 0.83025 0.86000 0.81397 0.82148 0.76430 0.91909 0.91909 0.91909 0.91909 0.91909 0.92296 0.75955 0.84460 0.84461 0.84461 0.95618 0.84461 0.84427 0.71480 0.80815 0.82041 0.81724 0.81510 0.70360 0.70360 0.75664 0.75488 0.75337 0.75206 0.75124 0.75015 0.83679 0.83679 0.83679 0.91635 0.91635 0.91635 0.90488 0.83679 0.91635 0.91635 0.91635 0.92225 0.89867 0.97760 0.83234 0.83234 0.86615 0.97847 1.0274 0.95029 0.86638 1.2363 1.2363 1.2363 1.2363 0.89652 0.89652 0.89652 0.89652 0.89652 0.89013 0.87958
0.70268 0.76699 0.76690 0.83556 0.82867 0.83942 0.75995 0.76154 0.76357 0.88133 0.91910 0.91910 0.91910 0.91910 0.92296 0.75955 0.82991 0.84462 0.84462 0.84462 0.84462 0.84462 0.82928 0.84350 0.84685 0.80727 0.75267 0.75313 0.70360 0.69789 0.75654 0.75260 0.75015 0.75015 0.84150 0.83679 0.83679 0.83679 0.90488 0.90488 0.91636 0.91636 0.90488 0.91636 0.91636 0.91636 0.92226 0.93991 0.89868 0.97760 0.97760 0.97760 0.85480 0.97760 0.97760 0.93731 1.2363 1.2363 1.2363 1.2363 0.90010 0.90910 0.89652 0.89652 0.90210 0.90210 0.89014
0.70604 0.76994 0.76964 0.85951 0.82711 0.76268 0.76291 0.82671 0.80374 0.81714 0.91910 0.91910 0.91910 0.91910 0.92297 0.92297 0.71480 0.84462 0.84462 0.84462 0.84462 0.84462 0.82928 0.84350 0.83756 0.75211 0.75259 0.75383 0.75383 0.75580 0.75627 0.75016 0.75016 0.84151 0.84151 0.83679 0.83679 0.83679 0.91636 0.91636 0.91636 0.91636 0.83679 0.83679 0.91636 0.91636 0.96469 0.96469 0.89868 0.89868 0.92226 0.92226 0.92226 0.92226 0.97761 0.87396 1.2363 1.2363 1.2363 1.2363 0.90210 0.90210 0.89653 0.90210 0.90210 0.90210 0.90210
0.76994 0.76992 0.84544 0.85669 0.82929 0.76627 0.82944 0.82352 0.82908 0.90747 0.93402 0.92108 0.92108 0.93908 0.91490 0.91490 0.92297 0.86457 0.84462 0.84462 0.84428 0.84428 0.86186 0.84351 0.83658 0.75361 0.75456 0.75581 0.75662 0.75492 0.75161 0.75016 0.75016 0.84151 0.84151 0.83680 0.83680 0.83680 0.91636 0.91636 0.91636 0.83680 0.91636 0.91636 0.91636 0.91636 0.96469 1.0549 0.89868 0.92227 0.92227 0.92227 0.92227 0.97761 0.90604 0.83036 0.92614 1.2363 1.2363 1.2363 0.90211 0.90211 0.90211 0.90211 0.83787 0.83787 0.90211
0.76970 0.76956 0.76930 0.76649 0.82773 0.82624 0.82682 0.83260 0.80667 0.85258 0.93403 0.92108 0.92108 0.92108 0.91491 0.85745 0.89542 0.85867 0.84278 0.84051 0.82592 0.83238 0.84233 0.84127 0.84280 0.85030 0.75609 0.75729 0.75662 0.75414 0.75133 0.75016 0.84151 0.75016 0.75016 0.83680 0.83680 0.83680 0.91637 0.90489 0.83680 0.83680 0.91637 0.91637 0.91637 0.90974 1.0318 1.0318 1.0318 0.90974 0.92912 0.92227 0.92227 0.97762 0.84793 0.83792 0.82277 1.2363 1.2363 1.2363 1.2363 0.90211 0.90211 0.83787 0.83787 0.83787 0.82360
0.76954 0.76938 0.76911 0.76630 0.82607 0.82399 0.82399 0.80667 0.71688 0.82924 0.93403 0.92109 0.92109 0.92109 0.91491 0.84213 0.85928 0.84051 0.84051 0.82592 0.84131 0.83238 0.83238 0.84131 0.84222 0.75248 0.75523 0.75730 0.75717 0.75501 0.75123 0.84095 0.84095 0.75123 0.75123 0.83225 0.83225 0.83225 0.89856 0.90489 0.91637 0.91637 0.91637 0.91637 0.91637 0.90975 1.0318 0.92227 1.0318 1.0318 0.89645 0.92227 0.92227 0.92227 0.82336 0.90975 0.90211 1.2363 1.2363 1.2363 1.2363 1.2363 0.90211 0.90211 0.90211 0.89015 0.87410
0.76935 0.76918 0.76890 0.82747 0.82448 0.82221 0.82178 0.76103 0.82925 0.82925 0.82925 0.71688 0.75679 0.92109 0.91491 0.82530 0.84132 0.84132 0.82070 0.83239 0.84132 0.84132 0.84132 0.84132 0.84401 0.82812 0.75527 0.75735 0.75716 0.75124 0.75124 0.84095 0.84095 0.75124 0.84095 0.83225 0.91041 0.83225 0.91041 0.91041 0.91041 0.91041 0.91041 0.91041 0.91041 0.90728 0.89324 0.99408 1.0249 1.0249 0.91155 0.92228 0.92228 0.92228 0.90975 0.90975 0.90212 0.90212 1.2363 1.2363 1.2363 1.2363 0.90212 0.75494 0.75510 0.75561 0.75470
0.83241 0.83097 0.82867 0.82612 0.82312 0.82086 0.82020 0.76103 0.76124 0.82925 0.82925 0.76031 0.76743 0.76773 0.70035 0.83239 0.93091 0.91492 0.91492 0.91492 0.91492 0.85964 0.85964 0.85964 0.82891 0.75190 0.75537 0.75739 0.75716 0.75475 0.75124 0.84095 0.84095 0.84068 0.84073 0.83226 0.83226 0.83226 0.83226 0.83226 0.83226 0.74543 0.87361 0.87361 0.87361 0.87078 0.74328 0.74328 0.91994 0.91155 0.91155 0.87078 0.90775 0.88196 0.90728 0.82973 0.90287 0.90287 0.91477 0.90791 0.90287 0.91477 0.89273 0.87027 0.75492 0.75492 0.83514
0.83128 0.85410 0.82722 0.82484 0.82200 0.81986 0.81933 0.76128 0.76114 0.76215 0.81904 0.76584 0.76639 0.70839 0.70302 0.76019 0.75909 0.75252 0.75252 0.75252 0.75252 0.75989 0.84760 0.83727 0.75506 0.75462 0.75555 0.75738 0.75719 0.85463 0.75124 0.84096 0.84096 0.84018 0.84024 0.74567 0.74570 0.83196 0.83195 0.83196 0.74568 0.74560 0.87335 0.87352 0.87362 0.87079 0.74328 0.74328 0.91156 0.91156 0.91156 0.91093 0.90651 0.83823 0.81804 0.82991 0.90288 0.90288 0.90288 0.90288 0.90288 0.90288 0.90288 0.83579 0.83579 0.83579 0.89676
0.85539 0.85276 0.84926 0.82378 0.82114 0.81930 0.80668 0.76140 0.76152 0.71689 0.81043 0.85097 0.75909 0.68651 0.76042 0.86936 0.90051 0.75617 0.75446 0.75436 0.75661 0.76060 0.75813 0.75601 0.75544 0.75603 0.75636 0.75726 0.75725 0.75555 0.75343 0.84096 0.84096 0.83920 0.83928 0.74717 0.74708 0.83076 0.83094 0.83120 0.74617 0.74587 0.74562 0.74546 0.74544 0.82973 0.82973 0.74328 0.74328 0.74328 0.74328 0.74328 0.82973 0.79236 0.81875 0.82973 0.83579 0.83579 0.83579 0.83579 0.90288 0.90288 0.90288 0.90288 0.90288 0.90288 0.89023
0.85482 0.85176 0.84802 0.82778 0.82405 0.80668 0.82926 0.71689 0.80668 0.76031 0.91625 0.92674 0.85098 0.98163 0.75476 0.75841 0.75803 0.75568 0.75438 0.75463 0.75680 0.76053 0.75872 0.75742 0.75572 0.75612 0.75631 0.75700 0.75740 0.75714 0.85022 0.87720 0.87657 0.83747 0.82901 0.74902 0.82927 0.82948 0.82980 0.83026 0.74690 0.74633 0.74588 0.87311 0.87359 0.89569 0.74328 0.74328 0.74328 0.82974 0.89569 0.89569 0.82974 0.82974 0.90730 0.90288 0.90288 0.89722 0.89722 0.89722 0.89722 0.87517 0.90288 0.90288 0.90288 0.89722 0.89024
0.82978 0.85088 0.82442 0.82487 0.82081 0.81603 0.82926 0.76032 0.76032 0.76663 0.91423 0.92675 0.92675 0.92444 0.91157 0.83883 0.76035 0.75807 0.75864 0.75986 0.83381 0.83024 0.82537 0.75815 0.75650 0.75617 0.75619 0.75661 0.75732 0.75735 0.84072 0.84359 0.87114 0.83346 0.82580 0.82637 0.82705 0.82802 0.82861 0.74882 0.74778 0.74685 0.74614 0.87271 0.87340 0.87082 0.87080 0.74329 0.74329 0.82974 0.89569 0.89569 0.74329 0.74329 0.90730 0.90289 0.90289 0.90289 0.90289 0.89722 0.89722 0.89722 0.89722 0.89722 0.89722 0.89722 0.89024
0.83521 0.82653 0.86279 0.82803 0.82611 0.84440 0.81148 0.76265 0.76577 0.75909 0.91424 0.92675 0.92675 0.84168 0.84175 0.83995 0.75980 0.76049 0.76051 0.76056 0.76058 0.76020 0.75979 1.2384 1.2376 1.2376 1.2376 0.75622 0.75666 0.75559 0.75559 0.75732 0.75724 0.75718 0.75117 0.75116 0.75117 0.75119 0.75117 0.75000 0.82947 0.83047 0.83132 0.83187 0.74555 0.87080 0.87080 0.74329 0.74329 0.82974 0.89570 0.89570 0.74348 0.82974 0.90730 0.90289 0.90289 0.90289 0.90289 0.90289 0.89723 0.89723 0.89723 0.89723 0.89723 0.89723 0.87034
0.86357 0.81625 0.85813 0.85658 0.84112 0.84327 0.81548 0.77031 0.77177 0.76697 0.91424 0.92676 0.95350 0.84168 0.84194 0.84080 0.75923 0.75997 0.76035 0.76052 0.76061 0.76034 0.75988 0.75945 0.75664 1.2376 1.2376 1.2376 0.75559 0.84379 0.84379 0.70422 0.70337 0.75619 0.74995 0.74707 0.74707 0.74962 0.75023 0.75054 0.82922 0.83030 0.83123 0.83183 0.74545 0.74329 0.74329 0.82975 0.82975 0.82975 0.82975 0.74329 0.74329 0.82975 0.90731 0.90289 0.83581 0.89275 0.83581 0.83581 0.75497 0.83581 0.83581 0.83956 0.75497 0.75497 0.75059
0.76305 0.82771 0.79630 0.80595 0.82533 0.82586 0.82947 0.77129 0.76917 0.76460 0.91499 0.85412 0.91690 0.84751 0.84787 0.84701 0.76073 0.76147 0.76191 0.76262 0.76358 0.76047 0.75997 0.75949 0.75667 0.82354 0.81790 0.75532 0.84379 0.84379 0.84379 0.70422 0.70235 0.75126 0.83228 0.79362 0.79362 0.83228 0.74545 0.83228 0.83228 0.83228 0.83228 0.83228 0.74545 0.74329 0.82975 0.82975 0.82975 0.74329 0.74329 0.74329 0.74329 0.82975 0.90731 0.90290 0.89275 0.89275 0.83581 0.83581 0.83581 0.83581 0.83581 0.83581 0.71244 0.71244 0.68727
