test/test_data/tcaap/monthly_variance_over_all_Apr__actual_et__2015-01-01_to_2019-12-31__180_by_260__inches.asc
NCOLS        180
NROWS        260
XLLCORNER     476375.000
YLLCORNER    4970875.000
CELLSIZE        100.000
NODATA_VALUE -9999.
[rows 58 to 86 of 260, columns 0 to 66 of 180]
0.53898 0.56535 0.56535 0.56535 0.55491 0.56535 0.56520 0.55319 0.54626 0.52335 0.53400 0.55831 0.56353 0.56520 0.77880 0.77880 0.57893 0.57658 0.57658 0.57645 0.57645 0.57645 0.56579 0.56579 0.56579 0.57841 0.57841 0.57809 0.56443 0.55472 0.56519 0.56705 0.56705 0.56705 0.56705 0.56705 0.56705 0.57473 0.57473 0.57473 0.57473 0.77398 0.52456 0.60572 0.61426 0.62014 0.63168 0.62854 0.63556 0.60578 0.60578 0.60578 0.60578 0.63556 0.63320 0.69537 0.66422 0.62871 0.63847 0.60966 0.63465 0.63465 0.62783 0.62783 0.57425 0.62783 0.61001
0.53930 0.56286 0.56535 0.56535 0.56535 0.56535 0.56520 0.54983 0.54626 0.52335 0.53159 0.53557 0.56520 0.56520 0.77881 0.77881 0.57911 0.57658 0.56579 0.57645 0.57645 0.57645 0.56579 0.56579 0.56579 0.56579 0.50561 0.48180 0.47324 0.47324 0.56705 0.56705 0.56705 0.56705 0.56705 0.56705 0.56705 0.57473 0.57473 0.57473 0.55677 0.50357 0.52428 0.60493 0.61307 0.61878 0.63032 0.62930 0.63556 0.63556 0.63556 0.63556 0.63556 0.63556 0.62093 0.62093 0.62093 0.61635 0.63847 0.61436 0.63465 0.62784 0.66468 0.62784 0.61850 0.61001 0.55417
0.54024 0.56286 0.56536 0.56536 0.56536 0.56520 0.56520 0.54982 0.54626 0.54611 0.53242 0.50225 0.57087 0.55289 0.77881 0.77881 0.57885 0.56579 0.56579 0.57645 0.57645 0.57645 0.56579 0.56579 0.56579 0.56579 0.50987 0.50848 0.47324 0.47324 0.56705 0.56705 0.56705 0.56705 0.56705 0.56705 0.56705 0.57473 0.57473 0.56146 0.46902 0.47755 0.58460 0.60493 0.61772 0.62364 0.62423 0.62255 0.62872 0.63556 0.63556 0.63556 0.63556 0.61635 0.61635 0.60635 0.60635 0.61635 0.62582 0.61436 0.61436 0.63172 0.63465 0.63465 0.62784 0.66394 0.55417
0.51253 0.51022 0.54243 0.54243 0.54243 0.53775 0.53775 0.49776 0.53302 0.52335 0.50451 0.50833 0.48480 0.49212 0.49673 0.49636 0.57885 0.56579 0.56579 0.56579 0.57646 0.57646 0.56579 0.56579 0.56579 0.56579 0.50913 0.47908 0.47324 0.55515 0.56705 0.56705 0.56705 0.55515 0.55515 0.56506 0.56506 0.56146 0.56146 0.56146 0.46902 0.48096 0.49977 0.59466 0.77400 0.56246 0.55706 0.62872 0.62872 0.63557 0.63557 0.61635 0.61635 0.61635 0.61635 0.61635 0.60635 0.61635 0.61913 0.61913 0.63848 0.63848 0.63848 0.63465 0.63465 0.63848 0.63848
0.51185 0.50999 0.54243 0.56770 0.56770 0.56339 0.56339 0.53775 0.55887 0.53775 0.51404 0.51782 0.49985 0.50762 0.77862 0.77862 0.56601 0.56601 0.56601 0.56579 0.56579 0.56579 0.56579 0.56579 0.56579 0.56579 0.48180 0.47324 0.55515 0.55515 0.55515 0.55515 0.55515 0.55515 0.55515 0.55515 0.55515 0.56146 0.56146 0.46901 0.46901 0.48519 0.50817 0.61208 0.62357 0.59433 0.55631 0.62939 0.63557 0.63557 0.63557 0.61635 0.61635 0.61635 0.61635 0.61635 0.61635 0.61635 0.61913 0.61913 0.61913 0.63848 0.63966 0.62892 0.63466 0.63466 0.63466
0.50904 0.55579 0.57043 0.57043 0.55910 0.56602 0.56602 0.55415 0.55415 0.56602 0.47984 0.48927 0.64031 0.77863 0.77863 0.77863 0.56601 0.56601 0.56601 0.56601 0.56601 0.56601 0.56601 0.56601 0.56601 0.57625 0.58074 0.56715 0.48458 0.55756 0.57054 0.56520 0.55515 0.56706 0.56706 0.56706 0.55515 0.56146 0.53757 0.47096 0.47624 0.48949 0.51017 0.52658 0.62855 0.62855 0.62855 0.62908 0.57071 0.63557 0.63557 0.60620 0.76854 0.76854 0.61636 0.61636 0.61636 0.61636 0.61913 0.61913 0.61913 0.60910 0.61775 0.61775 0.60514 0.60514 0.60514
0.50904 0.54736 0.56861 0.57043 0.57043 0.56602 0.56602 0.56602 0.56602 0.56602 0.48954 0.50531 0.65881 0.77864 0.77864 0.57608 0.56601 0.56601 0.56601 0.56601 0.56601 0.56601 0.56601 0.48967 0.48967 0.57798 0.58074 0.57055 0.48457 0.55756 0.57055 0.55756 0.56865 0.57055 0.57055 0.57055 0.57055 0.51404 0.51440 0.49003 0.49772 0.50500 0.51462 0.57468 0.59310 0.59433 0.59433 0.57082 0.57071 0.63557 0.62872 0.61636 0.61636 0.76854 0.61636 0.61636 0.61636 0.61636 0.61913 0.61913 0.61913 0.61913 0.60514 0.60514 0.60514 0.60654 0.61851
0.50904 0.56861 0.57044 0.55871 0.55871 0.56339 0.56339 0.56406 0.57608 0.56602 0.55376 0.50272 0.77864 0.77864 0.57652 0.57434 0.48967 0.56601 0.56601 0.57610 0.56601 0.56601 0.48967 0.51609 0.51675 0.57798 0.56201 0.55713 0.55713 0.55756 0.57055 0.57055 0.57055 0.56865 0.57055 0.57055 0.56201 0.51432 0.48949 0.49751 0.50471 0.51425 0.57389 0.58357 0.62786 0.62786 0.63353 0.62994 0.58351 0.58351 0.58351 0.56934 0.58351 0.62994 0.62994 0.61636 0.61636 0.61636 0.61914 0.61914 0.56486 0.63466 0.60514 0.60586 0.60611 0.57425 0.61851
0.54244 0.57044 0.57044 0.57044 0.56771 0.56340 0.56602 0.57609 0.57609 0.56602 0.55376 0.49601 0.77865 0.77865 0.57652 0.57625 0.48967 0.48967 0.56602 0.56602 0.56602 0.56602 0.56602 0.54577 0.51413 0.56000 0.57202 0.57202 0.55713 0.55756 0.57055 0.55756 0.57055 0.57055 0.57055 0.57055 0.56919 0.49087 0.49384 0.49870 0.50589 0.51519 0.58415 0.60251 0.63354 0.62685 0.62692 0.63012 0.63021 0.62835 0.62994 0.63617 0.63617 0.63617 0.60759 0.60759 0.60759 0.60759 0.61391 0.63321 0.60464 0.59998 0.59998 0.59998 0.59998 0.59998 0.62376
0.56367 0.57044 0.57044 0.57044 0.57044 0.56340 0.56602 0.56602 0.57609 0.57609 0.55819 0.51592 0.77866 0.77866 0.57609 0.56602 0.56602 0.48967 0.48967 0.56602 0.56602 0.56602 0.56602 0.54489 0.50753 0.55542 0.57202 0.56202 0.55392 0.50903 0.57055 0.57055 0.57055 0.57055 0.57055 0.57055 0.56919 0.57133 0.49632 0.50177 0.50905 0.51789 0.58605 0.60251 0.62771 0.62697 0.62709 0.63057 0.63127 0.63020 0.63021 0.63657 0.63617 0.63617 0.63617 0.63617 0.63617 0.62744 0.62744 0.60464 0.60464 0.59999 0.59999 0.59999 0.59999 0.59999 0.59999
0.55911 0.56862 0.56862 0.57044 0.57044 0.56340 0.56602 0.56602 0.57609 0.57609 0.56455 0.55928 0.77866 0.77866 0.57435 0.56602 0.56602 0.56602 0.48967 0.56602 0.56602 0.56602 0.56602 0.54541 0.48169 0.55542 0.55713 0.55713 0.54472 0.55756 0.57055 0.57055 0.57055 0.57055 0.57055 0.56202 0.77123 0.77123 0.49972 0.50594 0.51337 0.52162 0.55479 0.56813 0.62685 0.62685 0.62748 0.63231 0.63355 0.63225 0.63355 0.64110 0.64133 0.63336 0.62995 0.62995 0.63618 0.63322 0.63322 0.63322 0.63322 0.62936 0.62655 0.62936 0.59999 0.59999 0.62936
0.55911 0.55911 0.55580 0.57044 0.56772 0.55834 0.56602 0.56602 0.56602 0.56838 0.51180 0.54413 0.77867 0.77867 0.57435 0.56602 0.56602 0.56602 0.48967 0.54710 0.56602 0.56602 0.56602 0.54883 0.48702 0.55543 0.56716 0.55713 0.55713 0.57056 0.57056 0.56866 0.57056 0.57056 0.57056 0.77600 0.77124 0.77124 0.58908 0.57632 0.51776 0.52543 0.55361 0.57575 0.62686 0.62686 0.62686 0.63301 0.63462 0.63407 0.63735 0.63841 0.63874 0.63955 0.62995 0.62995 0.63076 0.63322 0.63322 0.63322 0.62937 0.62268 0.63322 0.62937 0.62937 0.57129 0.59999
0.55911 0.54244 0.56772 0.56772 0.56772 0.55824 0.55820 0.56603 0.56340 0.55820 0.51066 0.77868 0.77868 0.77868 0.57653 0.56602 0.56602 0.56602 0.56602 0.56602 0.54710 0.48967 0.56602 0.56602 0.54837 0.57008 0.56202 0.55714 0.55714 0.56866 0.57056 0.56866 0.57056 0.57056 0.57056 0.77601 0.77125 0.77125 0.57898 0.51376 0.52133 0.55361 0.61611 0.62841 0.62841 0.62686 0.62686 0.63332 0.63506 0.63559 0.63158 0.63596 0.76646 0.64796 0.62995 0.63618 0.63618 0.63322 0.63322 0.63322 0.62937 0.76764 0.62937 0.62937 0.62937 0.59999 0.59999
0.57179 0.56772 0.56772 0.56772 0.56296 0.56341 0.56340 0.56603 0.56340 0.55933 0.50891 0.77868 0.77868 0.77868 0.57609 0.54710 0.54732 0.56728 0.56602 0.57611 0.57076 0.59936 0.54438 0.48967 0.49609 0.56001 0.57203 0.57203 0.56866 0.57056 0.57056 0.57056 0.57056 0.57056 0.56866 0.55714 0.56466 0.56466 0.57414 0.59648 0.60310 0.55361 0.61611 0.62546 0.63355 0.63355 0.62686 0.63308 0.63470 0.76647 0.76647 0.65188 0.67122 0.64822 0.62463 0.63618 0.63618 0.63322 0.63322 0.62937 0.62937 0.62269 0.62937 0.62937 0.62937 0.62937 0.62937
0.57179 0.57179 0.56034 0.56910 0.56278 0.56803 0.57076 0.57076 0.57076 0.56803 0.51318 0.77836 0.77836 0.77869 0.57653 0.54710 0.54739 0.57756 0.58083 0.58271 0.59107 0.56583 0.54438 0.48967 0.50066 0.56716 0.57203 0.56202 0.56867 0.56867 0.57056 0.57056 0.57056 0.57056 0.57056 0.57056 0.57812 0.57043 0.57855 0.59789 0.52493 0.53937 0.55361 0.63645 0.63355 0.63355 0.62748 0.63246 0.63375 0.64257 0.64590 0.65232 0.76647 0.76647 0.62996 0.63619 0.63619 0.63323 0.62937 0.62937 0.62937 0.62937 0.62937 0.62937 0.62937 0.62937 0.62937
0.57180 0.57179 0.56035 0.56445 0.56803 0.57076 0.57076 0.57076 0.57076 0.57076 0.54435 0.77836 0.77836 0.77836 0.58068 0.52286 0.52330 0.55734 0.55676 0.56241 0.54125 0.54824 0.55401 0.55401 0.53788 0.55714 0.56202 0.55714 0.56867 0.57056 0.57056 0.57056 0.57056 0.57056 0.57056 0.57056 0.57812 0.57101 0.57928 0.60545 0.55179 0.53818 0.63387 0.62686 0.62686 0.62686 0.63017 0.63167 0.63254 0.63560 0.63248 0.63398 0.76648 0.76648 0.63455 0.63619 0.63619 0.60466 0.60000 0.62938 0.62938 0.62938 0.62938 0.62938 0.62938 0.62938 0.62938
0.57180 0.57180 0.56035 0.56911 0.57076 0.57076 0.57076 0.57076 0.57076 0.57076 0.54323 0.77837 0.77837 0.77837 0.58068 0.56962 0.52318 0.55634 0.55997 0.53351 0.53550 0.52286 0.56962 0.50361 0.52286 0.58240 0.58240 0.56885 0.56981 0.57171 0.57171 0.57171 0.57171 0.57171 0.57171 0.57171 0.57740 0.56920 0.58280 0.60766 0.55338 0.59590 0.63246 0.62687 0.62687 0.62690 0.63002 0.63095 0.63145 0.63382 0.63518 0.63620 0.76649 0.63621 0.63822 0.63640 0.63619 0.60466 0.57129 0.62938 0.62938 0.62938 0.62938 0.62938 0.62938 0.62938 0.62938
0.57180 0.57180 0.56035 0.57180 0.57076 0.57076 0.57076 0.57076 0.57076 0.57076 0.57076 0.57076 0.77838 0.77838 0.58113 0.58130 0.57437 0.57731 0.58123 0.57441 0.57620 0.56963 0.56963 0.50361 0.62111 0.58240 0.58240 0.56375 0.57171 0.56012 0.57171 0.57171 0.57171 0.57171 0.57171 0.57171 0.57450 0.56053 0.53704 0.55912 0.56468 0.59775 0.62663 0.62663 0.62663 0.57637 0.58684 0.58746 0.58781 0.63220 0.63300 0.63360 0.76649 0.76649 0.63854 0.63614 0.63620 0.57540 0.57540 0.62269 0.62378 0.62378 0.60000 0.60000 0.62938 0.62938 0.62938
0.57180 0.57180 0.57180 0.57180 0.57077 0.57077 0.57077 0.57077 0.57077 0.58068 0.55862 0.57077 0.77838 0.77838 0.58113 0.58130 0.55699 0.57614 0.57948 0.58159 0.58351 0.55259 0.56963 0.50361 0.60441 0.58240 0.58240 0.57456 0.56375 0.57172 0.57172 0.57172 0.57172 0.57172 0.57172 0.57172 0.59747 0.58006 0.58534 0.56364 0.56752 0.57198 0.57505 0.62663 0.62663 0.57611 0.58694 0.58718 0.58744 0.63365 0.63412 0.63444 0.62526 0.63409 0.63937 0.63804 0.63242 0.58462 0.58462 0.58462 0.62717 0.63127 0.60000 0.60000 0.62938 0.62938 0.62938
0.57180 0.57180 0.57180 0.57180 0.55821 0.57077 0.57077 0.57077 0.57077 0.58068 0.49020 0.56804 0.77839 0.77839 0.58068 0.58130 0.57927 0.56587 0.57774 0.57936 0.58103 0.55259 0.56963 0.50361 0.60441 0.57956 0.56987 0.56987 0.55978 0.56012 0.57172 0.57172 0.57172 0.57172 0.57172 0.63149 0.62663 0.55882 0.59033 0.59427 0.59748 0.57388 0.57563 0.62654 0.62663 0.57619 0.58689 0.58709 0.58735 0.58782 0.58823 0.58849 0.58843 0.58795 0.58714 0.63173 0.63161 0.58462 0.60792 0.60792 0.63153 0.63153 0.63340 0.62665 0.63153 0.63153 0.63153
0.57180 0.57180 0.57180 0.57180 0.55822 0.56804 0.57077 0.57077 0.57077 0.57077 0.55157 0.56804 0.55822 0.77840 0.77885 0.58130 0.56963 0.55699 0.56599 0.55538 0.55652 0.55259 0.56963 0.50360 0.55401 0.55978 0.58241 0.58241 0.55978 0.57172 0.57172 0.57126 0.55978 0.57172 0.62605 0.63347 0.63347 0.60502 0.60853 0.59790 0.60029 0.60431 0.62760 0.61660 0.62639 0.57630 0.58690 0.58708 0.58737 0.58775 0.58815 0.58838 0.58827 0.58769 0.58677 0.63133 0.63042 0.58089 0.58030 0.60793 0.63551 0.63153 0.63153 0.63153 0.63153 0.63153 0.63153
0.57181 0.57181 0.57181 0.57181 0.56804 0.56804 0.57077 0.56878 0.57077 0.57077 0.51338 0.54451 0.56804 0.77840 0.77885 0.64210 0.58090 0.57927 0.56594 0.55429 0.55506 0.55259 0.56963 0.56963 0.49430 0.55978 0.58241 0.58241 0.55978 0.56982 0.57172 0.57541 0.57986 0.59315 0.62176 0.62663 0.63347 0.61719 0.62279 0.63038 0.60244 0.60417 0.62773 0.62660 0.62664 0.62666 0.62313 0.62313 0.62357 0.58781 0.58825 0.58849 0.58832 0.58762 0.58655 0.63145 0.61693 0.56939 0.57729 0.60243 0.63551 0.63153 0.63153 0.63153 0.62665 0.61607 0.62566
0.57181 0.57181 0.57181 0.57181 0.56805 0.56279 0.56279 0.56879 0.57077 0.57077 0.54413 0.54397 0.56805 0.77841 0.77886 0.77886 0.58130 0.57940 0.56586 0.52286 0.56963 0.56963 0.56963 0.56963 0.49430 0.55978 0.58241 0.58241 0.56376 0.56982 0.57172 0.58792 0.59386 0.60337 0.61397 0.62664 0.63347 0.63347 0.62773 0.60293 0.60407 0.60464 0.62798 0.62664 0.62669 0.62664 0.63243 0.63243 0.63243 0.58780 0.58821 0.58841 0.58818 0.58739 0.58620 0.63903 0.61694 0.56939 0.57528 0.57631 0.62438 0.63116 0.62570 0.62567 0.62665 0.62009 0.63551
0.57181 0.57181 0.57181 0.56912 0.56805 0.56279 0.56279 0.57078 0.57078 0.57078 0.56312 0.51172 0.49020 0.77841 0.77887 0.77887 0.60077 0.57384 0.57927 0.57927 0.57927 0.56963 0.56963 0.50360 0.49430 0.56987 0.58241 0.57457 0.57173 0.56013 0.57173 0.59291 0.59882 0.61032 0.61888 0.63358 0.62774 0.61720 0.61736 0.60901 0.55392 0.60547 0.62747 0.62715 0.62664 0.62668 0.63244 0.62313 0.62313 0.62317 0.58733 0.58815 0.58785 0.59070 0.59022 0.63903 0.61694 0.56939 0.62152 0.62152 0.62303 0.62443 0.62567 0.60360 0.60793 0.63043 0.63551
0.56643 0.57849 0.57849 0.57556 0.57428 0.56847 0.56847 0.56805 0.57078 0.57078 0.55822 0.49020 0.55862 0.77842 0.77887 0.77887 0.77887 0.52390 0.56964 0.57927 0.57927 0.56963 0.56963 0.55259 0.49430 0.57457 0.57457 0.56376 0.57173 0.57173 0.57173 0.59754 0.60359 0.60887 0.61320 0.63512 0.63467 0.57728 0.57749 0.55479 0.55516 0.55514 0.62831 0.62784 0.62719 0.62664 0.63248 0.63276 0.63689 0.63657 0.58684 0.58780 0.58744 0.58931 0.58847 0.63158 0.61694 0.61694 0.62153 0.62153 0.62153 0.63154 0.63154 0.60360 0.60793 0.62010 0.63043
0.56643 0.56643 0.57849 0.57849 0.54763 0.56847 0.56847 0.57429 0.57750 0.57750 0.56359 0.50013 0.52014 0.57750 0.77831 0.77831 0.77831 0.52160 0.56986 0.56964 0.56964 0.56964 0.56964 0.55259 0.49430 0.56376 0.56376 0.57173 0.57173 0.56014 0.56376 0.60202 0.60799 0.61274 0.61655 0.63687 0.62937 0.62909 0.62377 0.62389 0.62403 0.55627 0.62916 0.62889 0.62786 0.62717 0.63244 0.63244 0.62314 0.62315 0.62314 0.63295 0.63263 0.63193 0.63098 0.62961 0.61694 0.60710 0.62153 0.62153 0.63043 0.63154 0.62666 0.63043 0.58463 0.61608 0.62567
0.56643 0.57849 0.57849 0.56402 0.57750 0.56359 0.56847 0.56847 0.56359 0.57750 0.55181 0.56924 0.56402 0.57237 0.77832 0.77832 0.52160 0.56986 0.56986 0.56986 0.56986 0.56986 0.56986 0.50129 0.49906 0.56782 0.58127 0.58127 0.58127 0.55610 0.57223 0.59982 0.62423 0.62091 0.62235 0.62673 0.62276 0.62397 0.62472 0.62631 0.62675 0.55768 0.63038 0.62998 0.62948 0.63340 0.63244 0.63244 0.62314 0.62314 0.62327 0.63275 0.63244 0.63180 0.63097 0.62828 0.61694 0.62051 0.63360 0.68198 0.68198 0.67517 0.67270 0.76617 0.62010 0.61592 0.62567
0.57849 0.57556 0.57556 0.56402 0.57517 0.56359 0.56847 0.56847 0.56359 0.57429 0.56924 0.56924 0.56402 0.57533 0.77832 0.77832 0.52161 0.56986 0.56986 0.56986 0.56986 0.56986 0.56986 0.56986 0.50849 0.59123 0.56821 0.58127 0.57798 0.59420 0.59890 0.61274 0.62945 0.62945 0.62945 0.62996 0.62996 0.62996 0.56771 0.56771 0.56771 0.56616 0.55952 0.63199 0.63157 0.63404 0.63296 0.63244 0.63839 0.63839 0.62318 0.63252 0.63231 0.63183 0.63114 0.62833 0.62379 0.62051 0.63735 0.63735 0.63735 0.67380 0.67560 0.76618 0.62666 0.62568 0.62633
0.57637 0.57557 0.57557 0.57429 0.57429 0.54764 0.54764 0.56847 0.56847 0.57429 0.57429 0.57429 0.56402 0.56939 0.77833 0.77833 0.56986 0.56986 0.56986 0.56986 0.56986 0.56986 0.56986 0.52161 0.57843 0.58127 0.58127 0.58004 0.62225 0.61353 0.60760 0.61670 0.63485 0.62945 0.62945 0.62997 0.62997 0.62997 0.56771 0.56771 0.56771 0.56771 0.62973 0.63149 0.63130 0.63497 0.63911 0.63357 0.63343 0.63910 0.63343 0.63343 0.63328 0.63299 0.63146 0.58376 0.63553 0.63735 0.62667 0.63735 0.63155 0.62782 0.58219 0.67978 0.62651 0.62568 0.62599
