test/test_data/tcaap/monthly_mean_over_all_Sep__actual_et__2015-01-01_to_2019-12-31__180_by_260__inches.asc
NCOLS        180
NROWS        260
XLLCORNER     476375.000
YLLCORNER    4970875.000
CELLSIZE        100.000
NODATA_VALUE -9999.
[rows 192 to 223 of 260, columns 0 to 70 of 180]
2.7488 2.7488 2.7493 2.7488 2.7488 2.7349 2.7355 2.7355 2.6768 2.6768 2.6856 2.6856 2.6856 2.6850 2.6850 2.6183 2.6756 2.6756 2.6849 2.6810 2.6391 2.5377 2.5377 2.6756 2.6849 2.6843 2.6717 2.6711 2.6628 2.6628 2.6628 2.6711 2.6068 2.6717 2.6717 2.6717 2.6628 2.6622 2.6628 2.6628 2.6628 2.6622 2.6543 2.5148 2.5152 2.6596 2.5587 2.7568 2.7830 2.8499 2.5469 2.9182 2.8857 2.9182 2.9182 2.9182 2.9182 2.9187 2.8225 2.7153 2.7189 2.7189 2.7189 2.7180 2.7122 2.7122 2.7122 2.7122 2.7070 2.7070 2.7070
2.7400 2.7494 2.7488 2.7488 2.7488 2.7349 2.7349 2.7355 2.6851 2.6851 2.9622 2.6768 2.6851 2.6857 2.6851 2.6843 2.6756 2.6183 2.6756 2.6153 2.6391 2.6391 2.6391 2.6756 2.6756 2.6756 2.6628 2.6711 2.6628 2.5277 2.5277 2.6470 2.6717 2.6628 2.6628 2.6717 2.6629 2.6629 2.6629 2.6629 2.6629 2.6543 2.6543 2.6543 2.5060 2.5480 2.5596 2.5761 2.5770 2.5544 2.5398 2.5398 2.9182 2.8858 2.9182 2.9182 2.9182 2.9187 2.5415 2.7180 2.7189 2.7189 2.7189 2.7189 2.7189 2.7189 2.7189 2.7189 2.7180 2.7180 2.7180
2.7488 2.7400 2.7400 2.7400 2.7400 2.7350 2.7350 2.7272 2.6851 2.6768 2.6768 2.6175 2.6768 2.6768 2.6851 2.6844 2.6756 2.6756 2.6756 2.6756 2.6184 2.6844 2.6756 2.6756 2.6756 2.6756 2.6711 2.6711 2.6628 2.5278 2.6583 2.6583 2.5841 2.6069 2.6717 2.6717 2.6629 2.6623 2.6629 2.6629 2.6629 2.6543 2.5318 2.5318 2.6543 2.5204 2.5388 2.5763 2.5764 2.5560 2.5447 2.5399 2.8858 2.9182 2.5399 2.9182 2.9182 2.9187 2.5415 2.9187 2.7184 2.7189 2.7189 2.7189 2.7113 2.7113 2.7189 2.7189 2.7180 2.7180 2.7180
2.7401 2.7401 2.7401 2.7489 2.7401 2.7350 2.7356 2.7350 2.6768 2.6768 2.6768 2.6857 2.6768 2.6768 2.6851 2.6580 2.6392 2.6757 2.6757 2.6757 2.6850 2.6850 2.6757 2.6757 2.6184 2.6850 2.6718 2.6718 2.6718 2.6583 2.6583 2.6583 2.6718 2.6629 2.6718 2.6718 2.6544 2.5928 2.6629 2.6629 2.6629 2.6544 2.5318 2.5318 2.5318 2.6544 2.6544 2.5761 2.5769 2.5589 2.5459 2.5408 2.5400 2.5399 2.5399 2.8858 2.9183 2.5416 2.9188 2.9188 2.9188 2.7189 2.7189 2.7189 2.7189 2.7189 2.7189 2.7189 2.7180 2.7180 2.7180
2.7401 2.7401 2.6808 2.7401 2.7401 2.7273 2.7273 2.7273 2.7350 2.6769 2.6769 2.6851 2.6857 2.6769 2.6851 2.4293 2.6811 2.6392 2.6757 2.6757 2.6757 2.6757 2.6844 2.6757 2.6757 2.6757 2.6629 2.6629 2.6629 2.6629 2.6629 2.6629 2.6629 2.6629 2.6629 2.6629 2.6544 2.6544 2.6623 2.6623 2.6544 2.6623 2.5318 2.4724 2.6544 2.6544 2.6544 2.6518 2.5783 2.5635 2.5490 2.5399 2.5405 2.5400 2.8859 2.5399 2.8155 2.5416 2.5416 2.8854 2.5416 2.5416 2.7114 2.7114 2.7114 2.7114 2.7114 2.7114 2.7092 2.7175 2.7092
2.7401 2.7401 2.7495 2.7495 2.7356 2.7356 2.7356 2.7273 2.7273 2.6769 2.6858 2.6858 2.6852 2.6852 2.6852 2.6580 2.5378 2.6392 2.6757 2.6757 2.6850 2.6850 2.6850 2.6757 2.6850 2.6718 2.6718 2.6718 2.6718 2.6718 2.6718 2.6718 2.6718 2.6718 2.6629 2.6718 2.6624 2.6630 2.6630 2.6630 2.6630 2.6630 2.6630 2.6544 2.6544 2.6544 2.5870 2.6518 2.3319 2.7492 2.5553 2.5399 2.5399 2.5402 2.9183 2.9183 2.9183 2.9188 2.9188 2.9188 2.9188 2.9188 2.9372 2.7190 2.7190 2.7190 2.7190 2.7190 2.7181 2.7181 2.7181
2.7313 2.7395 2.7400 2.7400 2.7426 2.7426 2.7426 2.7421 2.7426 2.6843 2.6928 2.6769 2.6858 2.6852 2.6852 2.6580 2.5378 2.6392 2.6845 2.6757 2.6850 2.6850 2.6850 2.6845 2.6850 2.6718 2.6629 2.6718 2.6718 2.6629 2.6718 2.6718 2.6718 2.6712 2.6718 2.6629 2.6630 2.6630 2.6630 2.6630 2.6630 2.6630 2.6630 2.6544 2.6544 2.6624 2.6594 2.6600 2.5870 2.5399 2.5625 2.5503 2.9184 2.9184 2.9184 2.9184 2.5399 2.9189 2.9189 2.9189 2.9189 2.9189 2.8891 2.8891 2.7190 2.7190 2.7190 2.7181 2.7181 2.7181 2.7181
2.7400 2.7395 2.7400 2.7400 2.7426 2.7426 2.7426 2.7421 2.6934 2.6928 2.6934 2.6934 2.6928 2.6928 2.6928 2.6600 2.5257 2.6720 2.6644 2.6644 2.6729 2.6724 2.6845 2.6851 2.6851 2.6719 2.6719 2.6719 2.6719 2.6630 2.6719 2.6713 2.6713 2.6630 2.7050 2.6719 2.6630 2.6624 2.6630 2.6630 2.6630 2.6624 2.6630 2.6545 2.6545 2.6630 2.6601 2.6601 2.5870 2.4234 2.5670 2.5528 2.8859 2.5400 2.9184 2.9184 2.5400 2.9189 2.9189 2.9189 2.9189 2.9189 2.8707 2.8892 2.8892 2.7190 2.7190 2.7181 2.7181 2.7181 2.7181
2.7400 2.7395 2.7400 2.7395 2.7426 2.7426 2.7421 2.6934 2.6844 2.6929 2.6934 2.6934 2.6934 2.6934 2.6929 2.6730 2.6644 2.6730 2.6644 2.6644 2.6730 2.6730 2.6730 2.6730 2.6730 2.6648 2.6648 2.6648 2.6648 2.6648 2.6648 2.6648 2.5761 2.5758 2.5782 2.6713 2.6624 2.6624 2.6630 2.6630 2.6630 2.6545 2.6630 2.6630 2.6630 2.6630 2.6601 2.6601 2.6601 2.6514 2.5400 2.5536 2.5440 2.8860 2.8860 2.9184 2.9184 2.9189 2.9189 2.9189 2.9189 2.9189 2.9189 2.7807 2.8892 2.7110 2.7191 2.7182 2.7182 2.7182 2.7182
2.7400 2.7400 2.7400 2.7400 2.7426 2.7426 2.7421 2.6934 2.6934 2.6929 2.6934 2.6934 2.6934 2.6934 2.6844 2.6730 2.6724 2.6730 2.6644 2.6644 2.6730 2.6730 2.6730 2.6730 2.6730 2.6648 2.6648 2.6648 2.6648 2.6648 2.6648 2.6648 2.5758 2.8725 2.9094 2.6648 2.6636 2.6642 2.6642 2.6642 2.6642 2.6636 2.6642 2.6642 2.6642 2.6642 2.6601 2.6601 2.6601 2.6515 2.5400 2.5531 2.5439 2.8850 2.9185 2.9185 2.9185 2.9190 2.9190 2.9190 2.9190 2.9190 2.9190 2.8892 2.8892 2.7110 2.7191 2.7182 2.7182 2.7182 2.7182
2.7401 2.7396 2.7396 2.7401 2.7427 2.7422 2.7427 2.6934 2.6934 2.6929 2.6934 2.6934 2.6934 2.6934 2.6934 2.6725 2.6730 2.6730 2.6730 2.6644 2.6730 2.6730 2.6730 2.6730 2.6730 2.6649 2.6649 2.6649 2.6649 2.6566 2.6649 2.6649 3.4983 3.4983 2.9094 2.6649 2.6642 2.6642 2.6642 2.6642 2.6642 2.6642 2.6642 2.6637 2.6642 2.6642 2.6673 2.6673 2.6673 2.9372 2.9171 2.5360 2.5360 2.9171 2.8837 2.9171 2.9171 2.9129 2.9190 2.9190 2.9190 2.9190 2.9190 2.8708 2.8892 2.8968 2.7191 2.7182 2.7182 2.7182 2.7182
2.7396 2.7401 2.7401 2.7401 2.7427 2.7427 2.7427 2.6935 2.6935 2.6929 2.6935 2.7427 2.7295 2.7295 2.7237 2.7232 2.7232 2.6730 2.6725 2.6645 2.6031 2.6730 2.6730 2.6730 2.6730 2.6649 2.6649 2.6649 2.6649 2.6566 2.6566 2.9094 3.4984 3.4984 3.4984 2.6637 2.6642 2.6642 2.6642 2.5945 2.6642 2.6642 2.6642 2.6642 2.6642 2.6642 2.6673 2.6673 2.6673 2.6673 2.9171 2.5360 2.5360 2.5360 2.8838 2.9171 2.9171 2.9129 2.9129 2.9129 2.9129 2.9129 2.9129 2.8828 2.8828 2.8828 2.7182 2.7217 2.7217 2.7217 2.7182
2.7401 2.7396 2.7401 2.7396 2.7295 2.7162 2.7387 2.7427 2.7427 2.7427 2.7422 2.7422 2.7427 2.7427 2.7237 2.7237 2.7237 2.6731 2.6731 2.6645 2.6731 2.6725 2.6645 2.6731 2.6731 2.6649 2.6567 2.6649 2.6649 2.6567 2.6649 2.6644 3.4984 3.4984 3.4984 2.5945 2.6637 2.6642 2.6642 2.6642 2.6642 2.6642 2.6642 2.6642 2.6642 2.6642 2.6673 2.6673 2.6673 2.6673 2.6583 2.9172 2.5360 2.5360 2.9172 2.9172 2.9130 2.9130 2.9130 2.9130 2.9130 2.9130 2.9130 2.8955 2.8829 2.7182 2.7182 2.7217 2.7217 2.7217 2.7217
2.6904 2.6899 2.7401 2.7396 2.7154 2.7156 2.7427 2.7422 2.7422 2.7427 2.7427 2.7427 2.7427 2.7427 2.7237 2.7237 2.7237 2.7237 2.6731 2.6645 2.6731 2.6725 2.6645 2.6731 2.6731 2.6644 2.6649 2.6649 2.6649 2.6649 2.6649 2.6649 2.6649 2.9095 2.6995 2.6988 2.6637 2.6643 2.6643 2.6643 2.6643 2.6643 2.6643 2.6643 2.6643 2.6643 2.6674 2.6674 2.6674 2.6674 2.6632 2.9172 2.5360 2.5360 2.5360 2.9172 2.8775 2.9130 2.9130 2.9130 2.9130 2.9130 2.9130 2.8399 2.7141 2.7182 2.7182 2.7217 2.7217 2.7217 2.7217
2.6899 2.7402 2.7402 2.7397 2.7387 2.7428 2.7428 2.7428 2.7428 2.7428 2.7428 2.7423 2.7428 2.7423 2.7237 2.7237 2.7237 2.7237 2.6731 2.6645 2.6731 2.6731 2.6731 2.6731 2.6731 2.6650 2.6644 2.6650 2.6650 2.6567 2.6650 2.6650 2.6650 2.6650 2.6650 2.6643 2.6643 2.6643 2.6643 2.6638 2.6643 2.6643 2.6643 2.6643 2.6643 2.6560 2.6674 2.6674 2.6674 2.6674 2.6674 2.9172 2.9172 2.5360 2.5360 2.9172 2.9130 2.9130 2.9130 2.9130 2.9130 2.9130 2.9130 2.9130 2.7182 2.7182 2.7182 2.7061 2.7217 2.7217 2.7217
2.7397 2.7402 2.7402 2.7397 2.7428 2.7428 2.7423 2.7428 2.7296 2.7428 2.7423 2.7423 2.7428 2.7428 2.7238 2.7238 2.7158 2.7238 2.6731 2.6646 2.6726 2.6731 2.6731 2.6731 2.6726 2.6650 2.6650 2.6650 2.6650 2.6650 2.6650 2.6650 2.6644 2.6650 2.6650 2.6643 2.6643 2.6643 2.6643 2.6643 2.6643 2.6643 2.6643 2.6643 2.6643 2.6643 2.6674 2.6674 2.6674 2.6674 2.6632 2.9172 2.9172 2.5361 2.5361 2.9172 2.9130 2.9130 2.9130 2.9130 2.9130 2.9130 2.9130 2.9130 2.7051 2.7183 2.7183 2.7061 2.7218 2.7218 2.7218
2.7147 2.7147 2.7147 2.7266 2.7296 2.7423 2.7428 2.7428 2.7296 2.7428 2.7428 2.7428 2.7428 2.7428 2.7238 2.7238 2.7238 2.7238 2.6732 2.6646 2.6732 2.6732 2.6732 2.6732 2.6726 2.6650 2.6650 2.6650 2.6650 2.6650 2.6650 2.6650 2.6650 2.6650 2.6645 2.6643 2.6643 2.6643 2.6643 2.6643 2.6643 2.6643 2.6643 2.6643 2.6560 2.6643 2.6674 2.6674 2.6674 2.6674 2.9173 2.9173 2.9173 2.9173 2.5361 2.5361 2.9131 2.9131 2.9131 2.9131 2.9131 2.9131 2.9131 2.9131 2.7051 2.7183 2.7183 2.7218 2.7218 2.7218 2.7218
2.7147 2.6819 2.5759 2.4110 2.6777 2.6863 2.7360 2.7356 2.7360 2.7360 2.7360 2.7356 2.7360 2.7360 2.7227 2.7227 2.7233 2.6732 2.6726 2.6646 2.6732 2.6732 2.6732 2.6726 2.6650 2.6650 2.6650 2.6645 2.6645 2.6650 2.6645 2.6650 2.6568 2.6650 2.6078 2.6068 2.6644 2.6644 2.6644 2.6644 2.6644 2.6644 2.6644 2.6644 2.6561 2.6675 2.6675 2.6675 2.6675 2.9398 2.9173 2.9173 2.9173 2.9173 2.5361 2.5361 2.9131 2.8776 2.9131 2.9131 2.9131 2.9131 2.9131 2.9131 2.7183 2.7183 2.7183 2.7218 2.7218 2.7218 2.7218
2.5730 2.7256 2.7933 2.4110 2.6777 2.6863 2.7356 2.7356 2.7356 2.7360 2.7356 2.7360 2.7360 2.7360 2.7228 2.7228 2.7223 2.6718 2.6718 2.6638 2.6718 2.6638 2.6638 2.6718 2.6691 2.6691 2.6686 2.5974 2.5953 2.5989 2.6078 2.6078 2.6078 2.6078 2.6078 2.6068 2.6068 2.6644 2.6644 2.6644 2.6644 2.6644 2.6644 2.6644 2.6068 2.6103 2.6103 2.6012 2.6103 2.9173 2.9173 2.9173 2.9173 2.9173 2.8840 2.5361 2.5317 2.8776 2.8776 2.9131 2.9131 2.9131 2.9131 2.9131 2.9322 2.7183 2.7218 2.7218 2.7218 2.7062 2.7218
2.5729 2.5729 2.7933 2.8052 2.6778 2.6863 2.7361 2.7267 2.7361 2.7361 2.7361 2.7361 2.7357 2.7267 2.7228 2.7228 2.7147 2.6719 2.6719 2.6639 2.6719 2.6639 2.6639 2.6719 2.6691 2.6691 2.6691 2.6691 2.6686 2.6033 2.6117 2.6117 2.6117 2.6117 2.6117 2.5943 2.5943 2.5943 2.6527 2.6527 2.6644 2.6644 2.6644 2.6069 2.6069 2.6104 2.6104 2.6012 2.6104 2.9174 2.9174 2.9174 2.9174 2.9174 2.9174 2.5361 2.5317 2.9132 2.8776 2.8776 2.9132 2.9132 2.9132 2.9132 2.9132 2.9322 2.7219 2.7219 2.7219 2.7062 2.7219
2.7695 2.4102 2.4053 2.8052 2.8052 2.6778 2.7357 2.7361 2.7361 2.7361 2.7361 2.7267 2.7267 2.7267 2.7228 2.7228 2.6639 2.6639 2.6719 2.6639 2.6719 2.6639 2.6719 2.6639 2.6691 2.6612 2.6691 2.6691 2.6691 2.6691 2.6691 2.6691 2.6691 2.6691 2.6033 2.5943 2.5943 2.5938 2.5943 2.5943 2.5943 2.5862 2.5943 2.5938 2.5943 2.5991 2.5991 2.5991 2.5991 2.5301 2.5301 2.9095 2.5362 2.8840 2.9174 2.9174 2.8118 2.5317 2.5317 2.8777 2.9132 2.9132 2.9132 2.9132 2.9132 2.9132 2.7219 2.7219 2.7062 2.7219 2.7219
2.7695 2.7934 2.7934 2.8053 2.8053 2.6778 2.7357 2.7361 2.7361 2.7361 2.7361 2.7357 2.7361 2.7361 2.7228 2.7228 2.6715 2.6719 2.6719 2.6639 2.6719 2.6719 2.6719 2.6719 2.6687 2.6691 2.6691 2.6691 2.6691 2.6691 2.6691 2.6691 2.6691 2.6691 2.6612 2.6527 2.6527 2.6527 2.6527 2.6527 2.6527 2.6527 2.6527 2.5038 2.5943 2.5991 2.5991 2.5991 2.9314 2.9096 2.9096 2.9096 2.9096 2.9096 2.9096 2.9096 2.5295 2.5295 2.8177 2.9126 2.9126 2.9126 2.9126 2.9126 2.9132 2.9132 2.9336 2.7219 2.7219 2.7219 2.7219
2.7934 2.7934 2.7934 2.8053 2.8053 2.5349 2.6831 2.7357 2.7361 2.7361 2.7361 2.7361 2.7361 2.7361 2.7229 2.7229 2.7148 2.6712 2.6274 2.6639 2.6719 2.6719 2.6681 2.6719 2.6692 2.6692 2.6692 2.6658 2.5939 2.6613 2.6692 2.6692 2.6692 2.6692 2.6692 2.6527 2.6527 2.6527 2.6527 2.6527 2.6527 2.6527 2.6523 2.6685 2.6491 2.6572 2.6572 2.6572 2.6572 2.9259 2.9096 2.9096 2.9096 2.9096 2.9096 2.9096 2.9127 2.8826 2.5295 2.9127 2.8826 2.9127 2.5295 2.9127 2.9127 2.9127 2.8941 2.7051 2.7051 2.7051 2.7051
2.7934 2.7934 2.7934 2.8053 2.8053 2.6864 2.9177 2.7362 2.7362 2.7362 2.7362 2.7362 2.7362 2.7229 2.7229 2.7229 2.7229 2.7001 2.6712 2.6274 2.6720 2.6720 2.6274 2.6682 2.6692 2.6692 2.6692 2.6687 2.7044 2.6687 2.6687 2.6692 2.6692 2.6692 2.6528 2.6528 2.6528 2.6528 2.6528 2.6528 2.6528 2.6528 2.6523 2.6783 2.6528 2.6572 2.6568 2.6572 2.6572 2.6572 2.6484 2.6484 2.9096 2.9096 2.9096 2.9127 2.9127 2.5295 2.5295 2.9127 2.9127 2.9127 2.9127 2.9127 2.9127 2.9127 2.8942 2.9113 2.7051 2.7051 2.7051
2.7934 2.7934 2.7934 2.8053 2.8053 2.8433 2.7362 2.7362 2.7268 2.7362 2.7362 2.7362 2.7362 2.7229 2.7229 2.7229 2.7229 2.7148 2.6939 2.6640 2.6720 2.6720 2.6688 2.5323 2.6655 2.6692 2.6692 2.6692 2.6692 2.6692 2.6692 2.6692 2.6692 2.6692 2.6528 2.6523 2.3979 2.5858 2.6448 2.6528 2.6528 2.6528 2.6528 2.6520 2.6528 2.6572 2.6572 2.6572 2.6572 2.6572 2.6572 2.6572 2.5302 2.5302 2.5302 2.9127 2.9127 2.5295 2.5295 2.5295 2.9127 2.5295 2.9127 2.9127 2.9127 2.9127 2.8942 2.8942 2.6858 2.7052 2.7052
3.3255 2.8657 2.8657 2.8770 2.8433 2.7362 2.7362 2.7362 2.7362 2.7362 2.7362 2.7362 2.7362 2.7229 2.7229 2.7229 2.7229 2.7149 2.6475 2.6640 2.6720 2.6720 2.6720 2.6682 2.6655 2.6655 2.6692 2.6692 2.6692 2.6692 2.6692 2.6692 2.6692 2.6692 2.6528 2.6524 2.4764 2.6221 2.6357 2.6528 2.6528 2.6528 2.6528 2.6520 2.6448 2.6573 2.6573 2.6573 2.6573 2.6573 2.6573 2.9097 2.9097 2.5302 2.5302 2.9128 2.9128 2.9128 2.5295 2.5295 2.9128 2.9128 2.9128 2.9128 2.9128 2.9128 2.8942 2.8942 2.8942 2.7052 2.7052
3.2808 3.1143 2.8259 2.8434 2.8434 2.6865 2.7363 2.7363 2.7269 2.7363 2.7363 2.7363 2.7363 2.7230 2.7230 2.7230 2.7230 2.6514 2.7386 2.6640 2.6720 2.6720 2.6720 2.4100 2.6685 2.6685 2.6655 2.6693 2.6693 2.6693 2.6693 2.6693 2.6693 2.6693 2.5944 2.6190 2.6086 2.4085 2.4105 2.6528 2.6528 2.6524 2.6528 2.6448 2.6448 2.6573 2.6573 2.6573 2.6573 2.6573 2.6573 2.9261 2.9097 2.5302 2.5302 2.9128 2.9128 2.9128 2.5295 2.5295 2.9128 2.9128 2.9128 2.5295 2.9128 2.9128 2.8942 2.8942 2.8942 2.8942 2.7052
3.2452 3.1246 3.0167 2.8732 2.7703 2.7328 2.7324 2.7328 2.7328 2.7328 2.7363 2.7363 2.7363 2.7230 2.7230 2.7230 2.7230 2.7584 2.7034 2.6641 2.6721 2.6641 2.6641 2.6716 2.6685 2.6685 2.6685 2.6693 2.6693 2.6693 2.6693 2.6693 2.6693 2.6693 2.5944 2.6130 2.6093 2.4065 2.5875 2.6529 2.6529 2.6453 2.6529 2.6448 2.6529 2.6573 2.6573 2.6573 2.6573 2.6573 2.6573 2.9097 2.8447 2.9097 2.9097 2.9128 2.9128 2.9128 2.8178 2.5296 2.5296 2.9128 2.8827 2.8827 2.9128 2.9128 2.8943 2.8943 2.8943 2.8943 2.7052
3.5115 2.8596 2.9188 2.7328 2.7328 2.7328 2.7328 2.7328 2.7328 2.7328 2.7328 2.7328 2.7328 2.6059 2.7156 2.7156 2.7156 2.5825 2.6593 2.3921 2.6604 2.5115 2.6641 2.6721 2.6693 2.6685 2.6656 2.6693 2.6693 2.6693 2.6693 2.6693 2.6693 2.6693 2.5945 2.5936 2.5936 2.5765 2.6521 2.6521 2.6529 2.6453 2.6529 2.6529 2.6529 2.6573 2.6573 2.6573 2.6573 2.6573 2.6573 2.6573 2.8114 2.5303 2.5303 2.5296 2.9129 2.9129 2.9129 2.5296 2.5296 2.9129 2.9129 2.8827 2.9129 2.9129 2.8943 2.8943 2.5118 2.8631 2.6859
3.5116 3.5116 2.6738 2.7329 2.7329 2.7329 2.7231 2.7329 2.7329 2.7329 2.7329 2.7329 2.7329 2.6059 2.7156 2.7156 2.5979 2.6059 2.6421 2.5048 2.6604 2.5106 2.6564 2.5899 2.6571 2.6490 2.6535 2.6490 2.6571 2.6571 2.6571 2.6571 2.6571 2.6571 2.5945 2.5945 2.5937 2.6252 2.6364 2.6529 2.6529 2.6529 2.6529 2.6529 2.6574 2.5993 2.6574 2.6574 2.6574 2.6574 2.6574 2.6534 2.9098 2.9098 2.9098 2.9129 2.9129 2.9129 2.9129 2.9129 2.5296 2.5296 2.9129 2.9129 2.9129 2.9129 2.8943 2.8943 2.5118 2.8943 2.8943
3.5116 3.5116 2.6824 2.7329 2.7329 2.7329 2.7231 2.7329 2.7329 2.7329 2.7329 2.7329 2.7329 2.6060 2.5974 2.5974 2.5979 2.6060 2.6060 2.4966 2.6435 2.6497 2.6632 2.6495 2.6571 2.6571 2.6564 2.5776 2.6571 2.6571 2.6571 2.6571 2.6571 2.6571 2.6585 2.6585 2.6585 2.6408 2.6468 2.6552 2.6585 2.6585 2.6585 2.6353 2.6398 2.6398 2.6895 2.6895 2.6895 2.6895 2.6917 2.7483 2.8158 2.9262 2.9098 2.9129 2.9129 2.5296 2.5296 2.9129 2.5296 2.5296 2.8828 2.9129 2.9129 2.8944 2.8944 2.8944 2.8944 2.8944 2.8944
3.5117 3.5117 2.6817 2.7329 2.7329 2.7329 2.7329 2.7329 2.7329 2.7329 2.7329 2.7329 2.7329 2.7157 2.6956 2.6708 2.6052 2.6060 2.6060 2.3821 2.6268 2.6413 2.6567 2.6565 2.6572 2.6565 2.5866 2.6548 2.6565 2.6495 2.6572 2.6572 2.6572 2.6572 2.6585 2.6585 2.6585 2.6585 2.6468 2.6470 2.6428 2.6154 2.5915 2.6351 2.6396 2.6589 2.6672 2.6799 2.6917 2.7073 2.7343 2.7412 2.7902 2.8339 2.9147 2.9195 2.9195 2.5589 2.5296 2.9129 2.9129 2.5296 2.8828 2.9129 2.9129 2.8632 2.8944 2.8944 2.8944 2.8944 2.8944
