test/test_data/tcaap/monthly_mean_over_all_Apr__actual_et__2015-01-01_to_2019-12-31__180_by_260__inches.asc
NCOLS        180
NROWS        260
XLLCORNER     476375.000
YLLCORNER    4970875.000
CELLSIZE        100.000
NODATA_VALUE -9999.
[rows 192 to 223 of 260, columns 71 to 141 of 180]
2.2732 3.0828 3.0828 3.0828 3.0828 2.4711 2.4806 2.5094 2.5859 2.5377 2.5859 2.5859 2.5859 2.5296 2.5296 2.5296 2.5296 2.5094 2.5185 2.5008 2.6493 2.5008 2.2732 2.2732 2.2732 2.2732 2.2732 2.2732 2.2795 2.0423 2.0423 2.2795 2.2795 2.2175 2.2175 2.2175 2.2175 2.2175 2.2175 2.2479 2.2477 2.1268 2.1265 2.2477 2.2477 2.2477 2.2477 2.2477 2.2477 2.2477 2.2159 2.2778 2.2778 2.2778 2.2778 2.2778 2.2778 2.2778 2.2778 2.2778 2.4289 2.4289 2.4289 2.4289 2.4289 2.4289 2.4289 2.3802 2.3802 2.3802 2.3802
2.4374 2.3821 3.0892 3.0892 3.0892 3.0828 2.4557 2.2925 2.6527 2.5859 2.6527 2.5859 2.5859 2.5296 2.5296 2.5296 2.5296 2.5296 2.5008 2.3539 2.4102 2.5185 2.2715 2.2984 2.2984 2.2732 2.2715 2.2831 2.3105 2.3056 2.0423 2.3066 2.2779 2.2795 2.2795 2.2996 2.2996 2.2996 2.2175 2.2477 2.1266 2.1272 2.1262 2.2477 2.2477 2.2477 2.2477 2.2477 2.2477 2.2159 2.3049 2.2779 2.3049 2.3049 2.2998 2.2998 2.3049 2.2779 2.3049 2.3049 2.4446 2.5202 2.5395 2.5395 2.5202 2.5202 2.4289 2.4289 2.3803 2.3803 2.3628
2.4374 2.4374 2.3821 2.6250 3.0892 3.0892 3.0892 2.3087 2.3119 2.6560 2.5893 2.5893 2.5412 2.5331 2.5331 2.5331 2.5331 2.5296 2.5185 2.5185 2.4102 2.5185 2.5185 2.4752 2.5185 2.4102 2.4978 2.5185 2.5032 2.5223 2.3271 2.0423 2.2779 2.2795 2.3066 2.3066 2.3066 2.2779 2.1116 2.1262 2.1266 2.1262 2.0521 2.3120 2.3398 2.3398 2.3325 2.3120 2.3120 2.2999 2.2355 2.2858 2.3049 2.3049 2.3049 2.3049 2.3049 2.3049 2.3049 2.3049 2.5395 2.5395 2.5395 2.5395 2.5395 2.4289 2.4289 2.4289 2.4289 2.4289 2.5266
2.4286 2.4374 2.4374 2.2769 3.0893 3.0893 3.0893 3.0688 2.2964 2.2964 2.3087 2.5412 2.5412 2.5332 2.4887 2.5332 2.5332 2.5158 2.5267 2.5267 2.5267 2.5088 2.5267 2.5267 2.5267 2.5267 2.5267 2.5088 2.5402 2.5223 2.5223 2.4362 2.2795 2.2795 2.2795 2.3066 2.3536 2.2994 2.1181 2.1292 2.1272 2.1263 2.3120 2.3120 2.3413 2.3398 2.3413 2.3120 2.3120 2.2779 2.1048 2.2675 2.2769 2.3049 2.3049 2.3049 2.3049 2.3049 2.2769 2.4819 2.5395 2.4289 2.5395 2.5395 2.5395 2.5395 2.5395 2.5395 2.4289 2.4289 2.5266
2.4286 2.3844 2.4286 2.2868 2.4195 3.0893 3.0893 2.2788 2.4000 2.3071 2.3071 2.2875 2.2377 2.4221 2.3296 2.5332 2.5332 2.5158 2.4196 2.5267 2.5267 2.5088 2.5267 2.5088 2.5088 2.5267 2.5267 2.5088 2.5402 2.5402 2.5212 2.4976 2.3116 2.3116 2.3116 2.2473 2.2553 2.1451 2.1399 2.1410 2.2582 2.2477 2.3398 2.3120 2.3398 2.3398 2.3398 2.3120 2.3398 2.3049 2.3049 2.2976 2.3049 2.3049 2.3049 2.5273 2.5273 2.5077 2.4819 2.5273 2.5395 2.5395 2.5202 2.5395 2.4289 2.5202 2.5395 2.5395 2.5202 2.5395 2.5079
2.4374 2.4374 2.4374 2.4286 2.2785 3.0893 3.0893 3.0688 2.3909 2.2743 2.3109 2.3109 2.3109 2.4888 2.5332 2.5332 2.5332 2.5332 2.5267 2.4196 2.4196 2.5267 2.4196 2.5267 2.5267 2.5267 2.5267 2.5267 2.5402 2.5402 2.5212 2.3220 2.3116 2.3116 2.3116 2.3116 2.3116 2.1347 2.1399 2.1410 2.2579 2.3190 2.3460 2.3460 2.3460 2.3460 2.3460 2.3412 2.3460 2.3217 2.3495 2.3419 2.3495 2.3049 2.3049 2.3049 2.5273 2.5273 2.5273 2.5273 2.5395 2.5202 2.5395 2.5395 2.5202 2.5202 2.5395 2.5395 2.5395 2.4289 2.5079
2.4374 2.4374 2.3844 2.3844 2.5186 3.0893 3.0893 3.0689 2.4462 2.2960 2.3109 2.3109 2.4888 2.4888 2.5332 2.5159 2.5332 2.5089 2.5268 2.5268 2.5268 2.5268 2.5268 2.5268 2.5268 2.5089 2.5089 2.5089 2.4318 2.4318 2.5212 2.3350 2.3400 2.3116 2.3400 2.3400 2.3400 2.3116 2.3116 2.3190 2.3412 2.3461 2.3461 2.3461 2.3461 2.3412 2.3461 2.3412 2.3461 2.3495 2.3495 2.3217 2.3217 2.3217 2.3495 2.3443 2.5511 2.5317 2.5511 2.5511 2.4379 2.4379 2.5231 2.5231 2.4379 2.4289 2.5396 2.5396 2.5202 2.5202 2.4137
2.4374 2.3844 2.3844 2.3844 2.3844 3.0894 3.0894 3.0689 2.4700 2.5724 2.3109 2.3109 2.5332 2.4221 2.4221 2.4221 2.4221 2.5089 2.5268 2.5268 2.5089 2.5268 2.5268 2.5268 2.5089 2.5268 2.5268 2.5268 2.5212 2.5212 2.5548 2.3401 2.3401 2.3116 2.3401 2.3401 2.3401 2.3401 2.3461 2.3461 2.3190 2.3461 2.3461 2.3461 2.3461 2.3461 2.3461 2.3461 2.3461 2.3496 2.3496 2.5317 2.2985 2.2581 2.3496 2.5511 2.5511 2.5511 2.5511 2.5425 2.5425 2.5425 2.5231 2.4379 2.5425 2.4379 2.5231 2.5231 2.5425 2.5231 2.5143
2.3844 2.4374 2.4374 2.4374 2.4374 3.0894 3.0894 3.0689 3.0689 2.4045 2.3109 2.3109 2.5332 2.4221 2.4221 2.4221 2.4221 2.5268 2.5268 2.5268 2.5268 2.5268 2.5268 2.5268 2.5089 2.5268 2.5268 2.5268 2.5402 2.5402 2.4479 2.3401 2.3401 2.3116 2.3401 2.3116 2.3401 2.3401 2.3461 2.3461 2.3461 2.3461 2.3190 2.3461 2.3461 2.3461 2.3461 2.3461 2.3461 2.3443 2.5511 2.5511 2.5511 2.5511 2.5511 2.5511 2.5511 2.5511 2.5317 2.5426 2.5426 2.5426 2.5231 2.5231 2.5426 2.4379 2.5231 2.5426 2.5231 2.5231 2.5320
2.3844 2.4375 2.4375 2.4375 2.4375 2.2828 3.0894 3.0689 3.0689 2.5725 2.3109 2.4482 2.5332 2.4221 2.4221 2.4221 2.4221 2.5268 2.5268 2.5268 2.5268 2.5268 2.5268 2.5268 2.5089 2.5268 2.5268 2.5268 2.5212 2.5212 2.2661 2.3401 2.3401 2.3116 2.3116 2.3350 2.3401 2.3401 2.3461 2.3461 2.3461 2.3461 2.3413 2.3191 2.3461 2.3413 2.3461 2.3461 2.3461 2.3443 2.5511 2.5317 2.5511 2.5511 2.5511 2.5317 2.5511 2.4423 2.5511 2.5426 2.5426 2.5231 2.4379 2.4379 2.5231 2.5426 2.5426 2.5231 2.4379 2.5426 2.5321
2.4375 2.4375 2.4375 2.4375 2.4375 2.5901 3.0894 3.0690 3.0690 2.3053 2.2868 2.4710 2.4888 2.4221 2.4221 2.4221 2.4221 2.4196 2.5268 2.5268 2.5268 2.5268 2.5268 2.5268 2.5089 2.5268 2.5268 2.5268 2.5403 2.3100 2.3401 2.3401 2.3401 2.3117 2.3401 2.3401 2.3351 2.3401 2.3461 2.3461 2.3461 2.3461 2.3461 2.3461 2.3461 2.3461 2.3461 2.3461 2.3461 2.5511 2.5511 2.5511 2.5511 2.5511 2.5511 2.5511 2.5511 2.4423 2.5511 2.5426 2.5426 2.5426 2.5426 2.5231 2.5426 2.5426 2.5426 2.5231 2.5426 2.5231 2.5321
2.4375 2.4375 2.4375 2.4375 2.4399 2.5901 3.0895 3.0690 3.0690 2.2965 2.2868 2.3109 2.5332 2.4221 2.4221 2.4221 2.4221 2.4196 2.5268 2.5268 2.5268 2.5268 2.5268 2.5268 2.5268 2.5268 2.5268 2.4843 2.3100 2.3401 2.3401 2.3401 2.4977 2.4977 2.3327 2.3401 2.3401 2.3401 2.3461 2.3461 2.3461 2.3461 2.3461 2.3461 2.3191 2.3461 2.3461 2.3461 2.5486 2.4423 2.4423 2.4423 2.5511 2.5511 2.5511 2.5318 2.4423 2.4423 2.5511 2.5426 2.4380 2.5426 2.5232 2.4380 2.5426 2.4380 2.5426 2.4380 2.5426 2.5426 2.5321
2.4516 2.4516 2.4516 2.4516 2.4536 2.5775 3.0734 3.0734 3.0734 2.3888 1.9975 2.2876 2.4221 2.5333 2.5333 2.4221 2.4221 2.5268 2.5268 2.5268 2.5268 2.5268 2.5268 2.5268 2.5268 2.5268 2.5414 2.3401 2.3401 2.3117 2.3117 2.3117 2.2976 2.4319 2.4319 2.4319 2.5403 2.5403 2.3183 2.3461 2.3461 2.3191 2.3191 2.3191 2.0627 2.3183 2.3391 2.5487 2.5487 2.5511 2.5511 2.5511 2.4423 2.5511 2.5511 2.5511 2.4423 2.5318 2.5318 2.5232 2.5426 2.4380 2.5426 2.5426 2.5426 2.5232 2.5426 2.5232 2.5426 2.5426 2.5143
2.4516 2.4516 2.4516 2.4516 2.4536 2.5775 3.0735 3.0735 3.0735 2.3888 1.9975 2.2737 2.2237 2.5082 2.5082 2.4113 2.4113 2.4195 2.5222 2.5222 2.5042 2.5222 2.3201 2.3165 2.3165 2.2894 2.3106 2.3117 2.3117 2.3117 2.3351 2.3117 2.2977 2.4319 2.4319 2.5213 2.5403 2.5403 2.3126 2.3413 2.3461 2.3191 2.3413 2.3461 2.4432 2.4432 2.5293 2.4432 2.4423 2.5318 2.4423 2.4423 2.5318 2.4423 2.4423 2.4423 2.3518 2.3518 2.5318 2.5232 2.3533 2.4880 2.5232 2.4380 2.4880 2.4880 2.5244 2.3224 2.5426 2.5321 2.5321
2.4516 2.4516 2.4516 2.4516 2.6234 2.5286 3.0735 3.0735 3.0735 2.3656 2.2737 2.2737 2.2237 2.4792 2.5244 2.5244 2.5244 2.5222 2.5222 2.5222 2.5222 2.5222 2.3201 2.3201 2.3201 2.3201 2.3201 2.3244 2.3244 2.3244 2.3244 2.2886 2.4196 2.4196 2.5216 2.5403 2.5403 2.5403 2.3579 2.3461 2.3461 2.3975 2.3461 2.3391 2.5487 2.4432 2.5487 2.5487 2.5512 2.5512 2.5512 2.5512 2.5512 2.5512 2.5512 2.5318 2.5285 2.5512 2.5318 2.5232 2.3533 2.4380 2.5232 2.5232 2.4880 2.5232 2.3130 2.3246 2.4630 2.5321 2.5926
2.4517 2.4517 2.4517 2.4517 2.6234 2.5286 3.0735 3.0735 3.0735 2.3656 2.4843 1.9975 2.2237 2.5244 2.5244 2.5244 2.5244 2.5042 2.5223 2.5223 2.5223 2.5223 2.2812 2.3201 2.3201 2.3201 2.3201 2.3244 2.3244 2.3171 2.2886 2.2886 2.4197 2.4197 2.4835 2.4835 2.5216 2.5216 2.3475 2.3877 2.3877 2.5509 2.3293 2.5368 2.5324 2.3668 2.5427 2.5427 2.5451 2.5318 2.5512 2.5512 2.5512 2.5512 2.5512 2.5512 2.5512 2.5318 2.5512 2.5426 2.5426 2.5426 2.5426 2.5426 2.5426 2.5426 2.5232 2.3246 2.4630 2.3804 2.3528
2.4517 2.4517 2.4418 2.4536 2.6234 2.7469 3.0735 3.0735 3.0735 2.4823 2.5244 2.3145 2.3057 2.5244 2.5244 2.5244 2.5244 2.5223 2.5223 2.5223 2.5223 2.5223 2.5223 2.5223 2.3127 2.2812 2.2812 2.5298 2.5298 2.5298 2.2886 2.2886 2.2886 2.2870 2.3244 2.3244 2.3244 2.5216 2.5368 2.4982 2.4982 2.5368 2.5368 2.5530 2.5324 2.5324 2.5324 2.3668 2.4169 2.5038 2.5227 2.5227 2.5227 2.5227 2.5227 2.5227 2.5038 2.5227 2.5512 2.5426 2.5426 2.5426 2.5426 2.5426 2.5426 2.5426 2.3294 2.3031 2.5605 2.3528 2.5508
2.4517 2.4517 2.4517 2.4517 2.6234 2.7182 3.0736 3.0736 3.0736 2.5244 2.5244 2.3058 2.3058 2.4793 2.5244 2.5244 2.5244 2.5223 2.5223 2.5223 2.5223 2.5223 2.5223 2.5223 2.5557 2.5557 2.5557 2.5298 2.5298 2.5298 2.5335 2.2886 2.2886 2.3244 2.3244 2.3244 2.3244 2.5216 2.5368 2.5368 2.5368 2.5368 2.5368 2.5324 2.5324 2.5324 2.5324 2.5324 2.5227 2.5227 2.5227 2.5227 2.5227 2.5227 2.5227 2.5227 2.5227 2.5227 2.5227 2.5231 2.5231 2.5231 2.5231 2.5231 2.5231 2.2932 2.2738 2.5440 2.3390 2.4579 2.5508
2.4517 2.4517 2.4517 2.4517 2.4537 3.0848 3.0736 3.0736 2.5319 2.5244 2.5244 2.5244 2.5367 2.4793 2.5244 2.5244 2.5223 2.5223 2.5223 2.5223 2.5223 2.5223 2.5223 2.5557 2.5557 2.5557 2.5313 2.5298 2.5298 2.5298 2.5370 2.2886 2.2886 2.3244 2.3244 2.3244 2.3244 2.5216 2.5368 2.5368 2.5368 2.5368 2.5368 2.5325 2.5325 2.5325 2.3668 2.5186 2.5227 2.5227 2.5227 2.5039 2.4169 2.5039 2.5227 2.5227 2.5227 2.5227 2.5227 2.5231 2.5231 2.5231 2.5231 2.5231 2.4825 2.4825 2.3390 2.3390 2.5441 2.5023 2.5023
2.4517 2.4517 2.4517 2.4517 2.4517 3.0848 3.0736 3.0736 2.5176 2.5245 2.5245 2.5245 2.3617 2.4793 2.5245 2.5245 2.5223 2.4196 2.4196 2.5223 2.5223 2.5223 2.5557 2.5557 2.5557 2.5557 2.5164 2.5298 2.5298 2.5298 2.5538 2.4556 2.2886 2.3244 2.3244 2.3244 2.5216 2.5369 2.5369 2.5369 2.5369 2.5369 2.5369 2.5369 2.5325 2.5325 2.3668 2.5186 2.5228 2.5228 2.5228 2.5228 2.5228 2.5039 2.5228 2.5228 2.5228 2.5228 2.5231 2.5231 2.5231 2.5231 2.5231 2.4825 2.4825 2.3390 2.3390 2.5441 2.5441 2.5023 2.5023
2.4517 2.4517 2.4517 2.4517 2.4517 2.6968 3.0736 3.0736 3.0736 2.5245 2.5245 2.5245 2.3145 2.3001 2.5245 2.5245 2.5223 2.4196 2.4196 2.5043 2.5557 2.4569 2.5557 2.5557 2.5389 2.4569 2.5389 2.5538 2.5299 2.5679 2.5538 2.5538 2.3244 2.2886 2.2886 2.5036 2.5217 2.5369 2.5369 2.5186 2.5369 2.4349 2.5369 2.5369 2.5000 2.5325 2.5000 2.4349 2.5228 2.5228 2.5228 2.5228 2.5228 2.5228 2.5228 2.5228 2.5039 2.5039 2.5047 2.5047 2.5231 2.4825 2.4825 2.5679 2.4827 2.3390 2.4981 2.5441 2.5441 2.5023 2.5023
2.4517 2.3918 2.1231 2.3918 2.3918 2.6968 3.0737 3.0737 3.0737 2.5245 2.5245 2.5245 2.3145 2.3058 2.5245 2.5245 2.5223 2.5223 2.5557 2.5557 2.5557 2.5557 2.5557 2.5557 2.5557 2.5557 2.5557 2.5538 2.5538 2.5538 2.5538 2.5538 2.5538 2.2282 2.5217 2.5217 2.5217 2.5369 2.5369 2.5369 2.5369 2.5369 2.5369 2.5369 2.5325 2.5325 2.5000 2.5187 2.5228 2.5228 2.5228 2.5228 2.4842 2.3619 2.3619 2.3619 2.3619 2.3429 2.5314 2.6986 2.4912 2.3688 2.4981 2.3390 2.3390 2.4981 2.4981 2.5668 2.5441 2.5023 2.5023
2.4559 2.3975 2.3211 2.3975 2.3975 3.0849 3.0737 3.0737 2.4903 2.4824 2.5245 2.5245 2.3145 2.5245 2.5245 2.5245 2.5223 2.5223 2.5557 2.5557 2.5557 2.4569 2.4569 2.4569 2.5557 2.5557 2.5557 2.5538 2.5538 2.5538 2.5538 2.5538 2.5538 2.5036 2.5217 2.5299 2.5299 2.5369 2.5369 2.5369 2.5369 2.5369 2.5369 2.5369 2.5369 2.5369 2.5369 2.5187 2.2808 2.0774 2.4339 2.4339 2.3232 2.3619 2.3619 2.3619 2.0774 2.0774 2.3390 2.3390 2.3390 2.3390 2.3390 2.5441 2.5441 2.5441 2.5441 2.5441 2.5441 2.2635 2.5023
2.4559 2.4559 2.4430 2.4200 2.4559 3.0809 3.0816 3.0816 3.0816 2.5129 2.5320 2.5320 2.3259 2.4891 2.5320 2.5320 2.5314 2.5223 2.5223 2.5223 2.5223 2.5223 2.4196 2.5223 2.5557 2.5557 2.5557 2.5538 2.5538 2.5538 2.5538 2.5538 2.5538 2.5538 2.5217 2.5299 2.5679 2.5369 2.5369 2.5369 2.5369 2.4349 2.4349 2.4349 2.5369 2.5369 2.5187 2.5187 2.5039 2.3449 2.0774 2.0774 2.0774 2.0774 2.0774 2.0774 2.1117 2.1642 2.3390 2.3390 2.5441 2.5441 2.5441 2.5441 2.5441 2.5441 2.5441 2.5441 2.4827 2.2635 2.5024
2.4560 2.4560 2.4430 2.4200 2.4200 2.4205 3.0817 3.0817 3.0817 2.5129 2.5320 2.5320 2.3259 2.4891 2.5320 2.5320 2.5314 2.5314 2.5314 2.5314 2.5314 2.5314 2.5314 2.5314 2.5314 2.5638 2.5676 2.5360 2.5217 2.5217 2.5539 2.5539 2.5539 2.5517 2.5299 2.5299 2.5680 2.5369 2.5369 2.5369 2.5369 2.5369 2.5369 2.5369 2.5369 2.5369 2.5369 2.5369 2.5228 2.5228 2.5228 2.0774 2.0774 2.0774 2.3232 2.3232 2.3402 2.3394 2.3390 2.5441 2.4981 2.4981 2.5441 2.5441 2.5441 2.5441 2.3390 2.4827 2.4074 2.5024 2.5024
2.4560 2.4560 2.4560 2.3959 2.4430 2.4437 3.0817 3.0817 3.0817 2.5129 2.5320 2.5320 2.4891 2.4891 2.5320 2.5320 2.5314 2.5314 2.5314 2.5314 2.5314 2.5314 2.5314 2.5314 2.5314 2.5314 2.5360 2.5360 2.5360 2.5360 2.5360 2.5676 2.5815 2.5025 2.5468 2.5468 2.5360 2.5409 2.5409 2.5409 2.5369 2.5369 2.5369 2.5369 2.5369 2.5369 2.5369 2.5228 2.5228 2.5228 2.5228 2.0774 2.0774 2.3232 2.3232 2.3232 2.3329 2.3767 2.5441 2.5441 2.4981 2.4981 2.5441 2.5441 2.5441 2.5441 2.4973 2.4074 2.4882 2.5024 2.5024
2.4560 2.4560 2.4560 2.4560 2.4560 2.4438 3.0817 3.0817 3.0817 3.0817 2.5321 2.5321 2.4891 2.5321 2.5321 2.5321 2.5314 2.5314 2.5314 2.5314 2.5314 2.5314 2.5314 2.5314 2.5314 2.5314 2.5360 2.5360 2.5360 2.5179 2.5179 2.5360 2.5360 2.5468 2.5468 2.5360 2.5360 2.5409 2.5409 2.5409 2.5409 2.5409 2.5409 2.5409 2.5409 2.5409 2.5409 2.5055 2.5055 2.5055 2.5055 2.0650 2.0774 2.3232 2.3232 2.3249 2.3305 2.3232 2.2539 2.5848 2.5441 2.5441 2.5441 2.5441 2.3390 2.3390 2.3390 2.5293 2.4882 2.3572 2.2635
2.4560 2.3976 2.4560 2.4560 2.4560 2.4520 3.0817 3.0817 3.0817 3.0817 2.4906 2.5321 2.5321 2.5321 2.5321 2.5321 2.5314 2.5314 2.5314 2.5314 2.5314 2.5314 2.5314 2.5314 2.5314 2.5314 2.5360 2.5360 2.5360 2.5360 2.5360 2.5360 2.5360 2.3447 2.5148 2.5360 2.5360 2.5409 2.5409 2.5409 2.5409 2.5409 2.5409 2.5409 2.5409 2.5409 2.5224 2.5055 2.5055 2.5055 2.3970 2.0650 2.3003 2.3125 2.3103 2.3125 2.3140 2.3003 2.2819 2.5607 2.5111 2.5111 2.5111 2.5111 2.4981 2.5442 2.3390 2.4075 2.3571 2.3572 2.2635
2.4560 2.3976 2.3976 2.3976 2.3976 2.4520 3.0818 3.0818 3.0818 3.0818 2.4906 2.5321 2.4891 2.5321 2.5321 2.5321 2.5314 2.4297 2.4297 2.4297 2.4297 2.4297 2.4297 2.4297 2.4297 2.4297 2.4353 2.4353 2.4353 2.5179 2.5179 2.4353 2.4353 2.5179 2.4353 2.4353 2.5179 2.5224 2.5224 2.4387 2.4387 2.5224 2.4387 2.5409 2.5409 2.4387 2.4387 2.5055 2.4883 2.4883 2.3970 2.1338 2.3003 2.2699 2.3314 2.1092 2.3356 2.2520 2.2819 2.3011 2.3683 2.2729 2.5111 2.2729 2.2729 2.4671 2.2729 2.3683 2.3564 2.2455 2.2455
2.6212 2.3976 2.3976 2.3976 2.3976 3.0818 3.0818 3.0818 3.0818 2.7131 2.5321 2.5321 2.4891 2.5321 2.5321 2.5321 2.5314 2.4297 2.4297 2.4297 2.4297 2.4297 2.4297 2.3362 2.3362 2.5425 2.4869 2.4709 2.4353 2.5360 2.5360 2.5360 2.5360 2.2860 2.3817 2.5360 2.4353 2.4387 2.4387 2.4387 2.4387 2.5409 2.5409 2.5409 2.5409 2.5409 2.5409 2.4875 2.4291 2.4060 2.2270 2.1853 2.3341 2.3459 2.3976 2.4082 2.3879 2.3827 2.3832 2.4220 2.5343 2.5111 2.4679 2.5111 2.4672 2.5111 2.4545 2.3677 2.3566 2.2455 2.4715
2.4560 2.4472 2.4472 2.4472 2.4583 3.0818 3.0818 3.0818 3.0818 2.5396 2.5321 2.5321 2.4891 2.5321 2.5321 2.5314 2.5314 2.4297 2.3385 2.4297 2.4297 2.4297 2.4297 2.3362 2.3362 2.5425 2.3460 2.4710 2.4710 2.5360 2.5360 2.5360 2.5360 2.2860 2.3817 2.3817 2.4388 2.4388 2.4388 2.4388 2.4388 2.5410 2.5410 2.5410 2.5410 2.5410 2.5410 2.5056 2.5056 2.2902 2.0919 2.3243 2.3524 2.3916 2.4217 2.4322 2.4554 2.4519 2.4403 2.4834 2.4969 2.2729 2.5111 2.5111 2.5111 2.2729 2.4545 2.3661 2.3566 2.2455 2.4715
2.4560 2.4472 2.4472 2.4583 2.6973 3.0818 3.0818 3.0818 3.0818 2.5321 2.5321 2.5321 2.5321 2.5321 2.5321 2.5314 2.5314 2.4298 2.4298 2.4298 2.4298 2.4298 2.4298 2.3362 2.3362 2.5425 2.3460 2.4869 2.4353 2.5361 2.5361 2.5361 2.5361 2.5503 2.3818 2.3818 2.5410 2.5410 2.4388 2.4388 2.4388 2.5410 2.5410 2.5410 2.5361 2.5361 2.5410 2.5056 2.5056 2.2857 2.2601 2.1779 2.2129 2.2885 2.4994 2.5213 2.5277 2.5127 2.5343 2.5343 2.4672 2.2729 2.5111 2.5111 2.5111 2.2729 2.4545 2.4484 2.4597 2.4988 2.4884
