test/test_data/tcaap/monthly_mean_over_all_Jan__actual_et__2015-01-01_to_2019-12-31__180_by_260__inches.asc
NCOLS        180
NROWS        260
XLLCORNER     476375.000
YLLCORNER    4970875.000
CELLSIZE        100.000
NODATA_VALUE -9999.
[rows 203 to 231 of 260, columns 67 to 133 of 180]
0.31748 0.31748 0.31748 0.31871 0.31871 0.31871 0.31871 0.31871 0.31877 0.32797 0.36259 0.36020 0.36020 0.30743 0.30686 0.30870 0.32269 0.31949 0.31949 0.31949 0.31949 0.31130 0.31582 0.31582 0.31582 0.31582 0.31582 0.31582 0.31582 0.31582 0.31582 0.31384 0.29121 0.29633 0.29633 0.29633 0.30877 0.30877 0.29483 0.29633 0.29633 0.29633 0.29660 0.29660 0.29660 0.29660 0.29660 0.29660 0.29153 0.29660 0.29660 0.29660 0.31066 0.30867 0.30867 0.30867 0.31272 0.31272 0.31272 0.31175 0.30867 0.30867 0.31272 0.31336 0.30931 0.31336 0.31238
0.31749 0.31749 0.31749 0.31749 0.31749 0.31749 0.31749 0.31749 0.31755 0.32552 0.36181 0.36181 0.36181 0.31636 0.29706 0.30692 0.31950 0.32271 0.32271 0.31950 0.31950 0.31584 0.31584 0.31584 0.31584 0.31584 0.31584 0.31584 0.31584 0.31584 0.31641 0.29634 0.29634 0.29134 0.29134 0.29134 0.29593 0.30671 0.30671 0.30671 0.31066 0.31066 0.29141 0.29661 0.29661 0.29154 0.29154 0.29154 0.27824 0.29141 0.29510 0.31067 0.31067 0.31273 0.31273 0.31273 0.30868 0.31273 0.31273 0.31273 0.30868 0.31176 0.31176 0.31239 0.31337 0.30933 0.31337
0.31750 0.31750 0.31750 0.31750 0.31750 0.31750 0.31750 0.31750 0.31756 0.32553 0.36183 0.36183 0.36183 0.31637 0.29707 0.30812 0.30919 0.32367 0.32367 0.32126 0.32126 0.31142 0.31594 0.31594 0.31516 0.31594 0.30220 0.30212 0.30212 0.29904 0.30172 0.29135 0.29135 0.29135 0.29531 0.29135 0.29594 0.30672 0.30672 0.30972 0.31067 0.31067 0.29261 0.29558 0.29662 0.29155 0.29558 0.29662 0.30665 0.30665 0.30972 0.30665 0.30870 0.31177 0.30870 0.30870 0.31177 0.30870 0.30870 0.30870 0.30305 0.30305 0.31177 0.31241 0.30377 0.31091 0.31241
0.31631 0.31752 0.31752 0.31752 0.31752 0.31752 0.31752 0.31752 0.32812 0.32344 0.36184 0.36184 0.36184 0.31848 0.30813 0.30813 0.30921 0.32331 0.32402 0.32402 0.32402 0.31595 0.31595 0.31595 0.31595 0.31595 0.30221 0.30221 0.30221 0.30221 0.30221 0.29599 0.29599 0.29599 0.29599 0.29100 0.30624 0.30624 0.31017 0.31068 0.31068 0.31068 0.29528 0.29664 0.29664 0.29987 0.29664 0.29512 0.31070 0.30666 0.31070 0.31070 0.31276 0.31276 0.31276 0.31276 0.31276 0.31276 0.31276 0.31178 0.31162 0.31276 0.31178 0.31242 0.30378 0.30935 0.31242
0.31633 0.31753 0.31753 0.31753 0.31753 0.31753 0.31753 0.31753 0.32813 0.32345 0.36186 0.36186 0.36186 0.31849 0.32415 0.29709 0.30922 0.32403 0.32403 0.32403 0.32403 0.31518 0.31597 0.31597 0.31597 0.31597 0.29906 0.30222 0.30222 0.30222 0.30222 0.29600 0.29600 0.29450 0.29101 0.29101 0.30625 0.30625 0.30831 0.30831 0.31019 0.31019 0.29648 0.30100 0.30100 0.31249 0.29627 0.31171 0.31190 0.30362 0.31090 0.31090 0.31296 0.31179 0.31277 0.31277 0.31277 0.31277 0.31277 0.31277 0.31277 0.31179 0.31277 0.31340 0.31340 0.31340 0.31340
0.31754 0.31754 0.31754 0.31754 0.31754 0.31754 0.31673 0.31760 0.32815 0.33429 0.36187 0.36187 0.36187 0.32142 0.32404 0.31169 0.30993 0.32404 0.32404 0.32404 0.32404 0.31598 0.31598 0.31598 0.31598 0.31598 0.31598 0.31598 0.30165 0.29907 0.29907 0.31200 0.31200 0.31200 0.29102 0.29102 0.29102 0.29090 0.29601 0.29601 0.29601 0.31020 0.31172 0.30984 0.30984 0.31172 0.31172 0.31294 0.31191 0.31191 0.31191 0.30363 0.30981 0.31287 0.31384 0.31384 0.31384 0.31384 0.31384 0.31384 0.31287 0.31384 0.31278 0.31342 0.31342 0.31342 0.31342
0.31755 0.31755 0.31755 0.31755 0.31755 0.31755 0.31755 0.31755 0.32816 0.33326 0.36189 0.36189 0.36189 0.32406 0.32406 0.30994 0.30994 0.32335 0.32406 0.32406 0.32406 0.31599 0.31599 0.31599 0.31599 0.31599 0.31599 0.31599 0.31806 0.31806 0.31806 0.31201 0.31201 0.31201 0.31160 0.29103 0.29103 0.29602 0.29602 0.29602 0.29602 0.31021 0.31174 0.31174 0.31174 0.31174 0.31174 0.31192 0.31192 0.31192 0.31192 0.31192 0.31385 0.31385 0.31385 0.31385 0.31385 0.31385 0.31385 0.31385 0.31385 0.31385 0.31385 0.31788 0.31788 0.31788 0.31788
0.31757 0.31757 0.31636 0.31757 0.31757 0.31757 0.31757 0.31757 0.31763 0.36162 0.36191 0.36191 0.32423 0.32407 0.32407 0.32407 0.32434 0.32336 0.32407 0.32407 0.31601 0.31601 0.31601 0.31601 0.31600 0.31600 0.31600 0.31807 0.31807 0.31807 0.31718 0.31203 0.31203 0.31203 0.31175 0.29104 0.29104 0.29603 0.29603 0.29603 0.29603 0.31022 0.31175 0.31175 0.31175 0.31175 0.31175 0.31193 0.31193 0.31193 0.30365 0.31080 0.31386 0.31386 0.31386 0.31290 0.30983 0.31290 0.31386 0.31386 0.31386 0.31386 0.31386 0.31789 0.31789 0.31789 0.31789
0.31758 0.31758 0.31638 0.31758 0.31758 0.31758 0.31758 0.31758 0.31758 0.36164 0.36192 0.36192 0.32394 0.32408 0.32408 0.32408 0.31333 0.32337 0.32408 0.32408 0.31602 0.31149 0.31149 0.31602 0.31602 0.31602 0.31809 0.31809 0.31809 0.31809 0.31625 0.31204 0.31204 0.31204 0.31260 0.30912 0.29105 0.29605 0.29605 0.29605 0.31024 0.31176 0.31176 0.31176 0.31176 0.31176 0.31176 0.31176 0.31195 0.31195 0.30366 0.31081 0.31387 0.31387 0.31387 0.31387 0.31387 0.31291 0.31387 0.31387 0.31387 0.31387 0.31790 0.31790 0.31790 0.31790 0.31790
0.31759 0.31639 0.31759 0.31759 0.31759 0.31759 0.31759 0.31759 0.31759 0.33197 0.36194 0.36194 0.36194 0.32410 0.32410 0.32410 0.31174 0.30945 0.32410 0.32410 0.31603 0.31150 0.31150 0.31524 0.31810 0.31401 0.31810 0.31810 0.31732 0.31401 0.31732 0.31261 0.31205 0.31361 0.31261 0.31261 0.29606 0.29106 0.29106 0.30930 0.31025 0.31177 0.31177 0.31082 0.31177 0.30781 0.31177 0.31177 0.31072 0.31196 0.31072 0.30781 0.31389 0.31389 0.31389 0.31389 0.31389 0.31389 0.31389 0.31389 0.31292 0.31292 0.31693 0.31693 0.31792 0.31478 0.31478
0.31760 0.31760 0.31760 0.31760 0.31760 0.31640 0.30689 0.31640 0.31640 0.33198 0.36195 0.36195 0.36195 0.32411 0.32411 0.32411 0.31175 0.30999 0.32411 0.32411 0.31604 0.31604 0.31811 0.31811 0.31811 0.31811 0.31811 0.31811 0.31811 0.31811 0.31811 0.31262 0.31262 0.31262 0.31262 0.31262 0.31262 0.28718 0.31026 0.31026 0.31026 0.31179 0.31178 0.31178 0.31178 0.31178 0.31178 0.31178 0.31197 0.31197 0.31073 0.31083 0.31390 0.31390 0.31390 0.31390 0.31197 0.30264 0.30264 0.30264 0.30264 0.29946 0.31840 0.32962 0.31533 0.31035 0.31972
0.31827 0.31827 0.31827 0.31827 0.31827 0.31709 0.31478 0.31709 0.31709 0.36169 0.36197 0.36197 0.32168 0.32150 0.32412 0.32412 0.31176 0.32412 0.32412 0.32412 0.31606 0.31606 0.31813 0.31813 0.31813 0.31404 0.31404 0.31404 0.31813 0.31813 0.31813 0.31264 0.31264 0.31264 0.31264 0.31264 0.31264 0.30932 0.31027 0.31208 0.31208 0.31180 0.31180 0.31180 0.31180 0.31180 0.31180 0.31180 0.31180 0.31180 0.31180 0.31085 0.29539 0.28758 0.30982 0.30982 0.29805 0.30265 0.30265 0.30265 0.28758 0.28758 0.30667 0.30667 0.30667 0.30667 0.30667
0.32874 0.31828 0.31828 0.31828 0.31828 0.31828 0.31793 0.31743 0.31828 0.36277 0.36300 0.36300 0.36300 0.32451 0.32487 0.32487 0.31240 0.32403 0.32487 0.32487 0.31611 0.31607 0.31607 0.31607 0.31607 0.31607 0.31154 0.31607 0.31814 0.31814 0.31814 0.31265 0.31265 0.31265 0.31265 0.31265 0.31265 0.31265 0.31028 0.31209 0.31365 0.31181 0.31181 0.31181 0.31181 0.30784 0.30784 0.30784 0.31181 0.31181 0.31086 0.31086 0.31296 0.29967 0.28759 0.28759 0.28759 0.28759 0.28759 0.28759 0.29118 0.29585 0.30669 0.30669 0.32089 0.32089 0.32089
0.32849 0.31709 0.31829 0.31829 0.31829 0.31829 0.31794 0.31744 0.31744 0.31821 0.36302 0.36302 0.36302 0.32453 0.32488 0.32488 0.31242 0.32404 0.32488 0.32488 0.31612 0.31612 0.31612 0.31612 0.31612 0.31612 0.31612 0.31612 0.31612 0.31809 0.31330 0.31100 0.31030 0.31030 0.31266 0.31266 0.31266 0.31288 0.31210 0.31210 0.31366 0.31182 0.31182 0.31182 0.31182 0.31182 0.31182 0.31182 0.31182 0.31182 0.31182 0.31182 0.31394 0.31394 0.31394 0.28760 0.28760 0.28760 0.29807 0.29807 0.29969 0.30115 0.30670 0.32090 0.31976 0.31976 0.32090
0.32850 0.32850 0.31830 0.31830 0.31830 0.31830 0.31830 0.31710 0.31795 0.31875 0.36304 0.36304 0.36304 0.32454 0.32489 0.32489 0.32406 0.32406 0.32489 0.32489 0.31614 0.31614 0.31614 0.31614 0.31614 0.31614 0.31614 0.31614 0.31614 0.31614 0.31101 0.31101 0.31101 0.31101 0.31101 0.31332 0.31429 0.31141 0.31273 0.31273 0.31101 0.31150 0.31150 0.31150 0.31183 0.31183 0.31183 0.31183 0.31183 0.31183 0.31183 0.31395 0.31395 0.31395 0.31395 0.28761 0.28761 0.29808 0.29808 0.29808 0.29901 0.30305 0.32092 0.32092 0.31977 0.31977 0.32092
0.32852 0.32852 0.32852 0.31832 0.31832 0.31832 0.31832 0.31832 0.31832 0.31876 0.36305 0.36305 0.36305 0.36305 0.32491 0.32491 0.32407 0.32491 0.32491 0.32491 0.31615 0.31615 0.31615 0.31615 0.31615 0.31615 0.31615 0.31615 0.31615 0.31615 0.31103 0.31103 0.31103 0.31008 0.31008 0.31103 0.31103 0.31274 0.31274 0.31103 0.31103 0.31151 0.31151 0.31151 0.31151 0.31151 0.31151 0.31151 0.31151 0.31151 0.31151 0.32218 0.32218 0.32218 0.32218 0.29700 0.28762 0.29809 0.29809 0.29825 0.29880 0.29809 0.29866 0.32247 0.32093 0.32093 0.32093
0.32853 0.32853 0.32853 0.31833 0.31833 0.31716 0.31833 0.31833 0.31833 0.31901 0.36307 0.36307 0.36307 0.36307 0.32226 0.32492 0.32492 0.32492 0.32492 0.32492 0.31616 0.31616 0.31616 0.31616 0.31616 0.31616 0.31616 0.31616 0.31616 0.31616 0.31104 0.31104 0.31104 0.31104 0.31104 0.31104 0.31104 0.30095 0.30994 0.31104 0.31104 0.31152 0.31152 0.31152 0.31152 0.31152 0.31152 0.31152 0.31152 0.31152 0.31057 0.32219 0.32219 0.32219 0.31738 0.29701 0.30823 0.30916 0.30899 0.30916 0.30927 0.30823 0.31210 0.32909 0.32739 0.32739 0.32739
0.32854 0.31756 0.32785 0.31714 0.31834 0.31717 0.31717 0.31717 0.31717 0.31903 0.36308 0.36308 0.36308 0.36308 0.32227 0.32493 0.32410 0.32493 0.32493 0.32493 0.31617 0.31194 0.31194 0.31194 0.31194 0.31194 0.31194 0.31194 0.31194 0.31194 0.30711 0.30711 0.30711 0.31010 0.31010 0.30711 0.30711 0.31010 0.30711 0.30711 0.31010 0.31058 0.31058 0.30756 0.30756 0.31058 0.30756 0.31153 0.31153 0.30756 0.30756 0.32221 0.32131 0.32131 0.31740 0.29955 0.30824 0.30599 0.31059 0.29991 0.31090 0.30481 0.31211 0.31312 0.31638 0.31135 0.32740
0.32856 0.31757 0.32856 0.32856 0.32901 0.31718 0.31718 0.31718 0.31718 0.36310 0.36310 0.36310 0.36310 0.33427 0.32495 0.32495 0.32411 0.32495 0.32495 0.32495 0.31619 0.31195 0.31195 0.31195 0.31195 0.31195 0.31195 0.30189 0.30189 0.31749 0.31105 0.30988 0.30712 0.31106 0.31106 0.31106 0.31106 0.29525 0.30038 0.31106 0.30712 0.30757 0.30757 0.30757 0.30757 0.31154 0.31154 0.31154 0.31154 0.31154 0.31154 0.32078 0.31813 0.31645 0.30763 0.30441 0.31080 0.31167 0.31541 0.31621 0.31468 0.31431 0.31939 0.32201 0.32828 0.32741 0.32526
0.32857 0.32857 0.32857 0.32857 0.31837 0.31813 0.31813 0.31813 0.31843 0.36312 0.36312 0.36312 0.36312 0.32511 0.32496 0.32496 0.32412 0.32496 0.32496 0.31620 0.31620 0.31196 0.30561 0.31196 0.31196 0.31196 0.31196 0.30190 0.30190 0.31750 0.29726 0.30990 0.30990 0.31107 0.31107 0.31107 0.31107 0.29526 0.30040 0.30040 0.30758 0.30758 0.30758 0.30758 0.30758 0.31156 0.31156 0.31156 0.31156 0.31156 0.31156 0.32223 0.32223 0.30818 0.29514 0.30998 0.31216 0.31497 0.31721 0.31796 0.31958 0.31934 0.32322 0.32539 0.32691 0.31137 0.32743
0.32858 0.32858 0.32858 0.32858 0.31838 0.31814 0.31814 0.31844 0.33298 0.36313 0.36313 0.36313 0.36313 0.32497 0.32497 0.32497 0.32497 0.32497 0.32497 0.31621 0.31621 0.31198 0.31198 0.31198 0.31198 0.31198 0.31198 0.30192 0.30192 0.31752 0.29728 0.31108 0.30714 0.31109 0.31109 0.31109 0.31109 0.31186 0.30041 0.30041 0.31157 0.31157 0.30759 0.30759 0.30759 0.31157 0.31157 0.31157 0.31174 0.31174 0.31157 0.32224 0.32224 0.30781 0.30499 0.30377 0.30502 0.31023 0.32199 0.32337 0.32377 0.32708 0.32830 0.32830 0.32508 0.31138 0.32744
0.32859 0.32859 0.32859 0.32860 0.31719 0.31839 0.31839 0.31839 0.33300 0.36315 0.36315 0.36315 0.36315 0.32201 0.32201 0.32415 0.32499 0.32499 0.32499 0.31623 0.31623 0.31199 0.30623 0.31570 0.31199 0.31438 0.30193 0.30193 0.30193 0.31753 0.31281 0.31340 0.31110 0.31110 0.31110 0.31110 0.31110 0.30929 0.30042 0.30042 0.31158 0.31158 0.31158 0.31158 0.31158 0.31158 0.31158 0.31175 0.31175 0.31158 0.31158 0.32226 0.30821 0.30821 0.30821 0.31557 0.32023 0.32098 0.32506 0.32506 0.32506 0.32745 0.32745 0.32530 0.32745 0.32745 0.32530
0.32861 0.32861 0.32861 0.32861 0.31851 0.31851 0.31851 0.31851 0.33292 0.36356 0.36356 0.36356 0.36356 0.32485 0.32203 0.32416 0.32500 0.32500 0.32500 0.31624 0.31624 0.31624 0.31754 0.31754 0.31753 0.31753 0.31840 0.31754 0.31754 0.31754 0.31342 0.31342 0.31111 0.31111 0.31111 0.31111 0.31111 0.30765 0.30043 0.30043 0.31159 0.31159 0.31159 0.31159 0.31159 0.31064 0.31176 0.31176 0.31176 0.31159 0.31159 0.32227 0.30491 0.30822 0.32609 0.32609 0.32609 0.32609 0.32422 0.32422 0.32422 0.32747 0.32531 0.32531 0.32747 0.32747 0.32747
0.32862 0.32862 0.32862 0.32862 0.31852 0.31852 0.31852 0.31852 0.36275 0.36357 0.36357 0.36357 0.36357 0.32519 0.32519 0.32422 0.32519 0.32486 0.32519 0.31936 0.31936 0.31303 0.30332 0.30332 0.32138 0.32070 0.31754 0.31754 0.31822 0.31822 0.31343 0.31343 0.31343 0.31112 0.31112 0.31112 0.31112 0.31018 0.30044 0.30044 0.29967 0.31161 0.31161 0.31161 0.31161 0.31178 0.31178 0.31178 0.31161 0.31161 0.31161 0.32228 0.30493 0.30823 0.32423 0.32611 0.32423 0.32423 0.32423 0.32423 0.32423 0.32748 0.32748 0.32748 0.32748 0.32748 0.32748
0.32863 0.32863 0.32863 0.32863 0.31853 0.31853 0.31853 0.31853 0.36276 0.36359 0.36359 0.36359 0.32488 0.32521 0.32521 0.32423 0.32521 0.32521 0.32521 0.31938 0.31938 0.31304 0.32224 0.32139 0.32139 0.32139 0.32139 0.32139 0.32139 0.32139 0.31488 0.31487 0.31487 0.31487 0.31270 0.31270 0.31270 0.30864 0.30719 0.29913 0.31162 0.31162 0.31162 0.31162 0.31162 0.31179 0.31162 0.31162 0.31162 0.31162 0.31162 0.32230 0.30494 0.30824 0.32424 0.32424 0.32424 0.32424 0.32424 0.32424 0.30873 0.32749 0.32749 0.32749 0.32749 0.32749 0.32749
0.32890 0.32865 0.32865 0.32865 0.31854 0.31832 0.31832 0.31860 0.31927 0.36361 0.36361 0.36361 0.32489 0.32055 0.32032 0.30894 0.32424 0.32522 0.32522 0.31939 0.31939 0.31481 0.32225 0.32140 0.32140 0.32140 0.32140 0.32140 0.32140 0.31489 0.31489 0.31489 0.31489 0.31489 0.31271 0.31271 0.31271 0.30865 0.30865 0.31318 0.31234 0.31149 0.31149 0.31234 0.31234 0.31189 0.31189 0.31189 0.31189 0.31189 0.31163 0.32231 0.30826 0.32426 0.32426 0.32426 0.32426 0.32426 0.32426 0.30875 0.30875 0.32515 0.32535 0.32535 0.32535 0.31144 0.31648
0.32891 0.32866 0.32866 0.32866 0.32897 0.31833 0.31862 0.31780 0.31841 0.36362 0.36362 0.36362 0.32110 0.31892 0.31686 0.31560 0.30895 0.30949 0.32485 0.31863 0.30755 0.31482 0.32226 0.32142 0.32142 0.32142 0.32142 0.31940 0.31940 0.31272 0.31490 0.31490 0.31490 0.31490 0.31490 0.31272 0.31272 0.30867 0.30403 0.31779 0.31728 0.31728 0.32276 0.31684 0.31728 0.31279 0.30792 0.31190 0.31190 0.31190 0.32503 0.31056 0.32672 0.32672 0.32672 0.32672 0.32672 0.32672 0.32672 0.32616 0.32559 0.32654 0.32636 0.32591 0.32644 0.31649 0.36421
0.32868 0.32868 0.32868 0.32884 0.31863 0.31863 0.31781 0.31781 0.30918 0.36364 0.36364 0.36364 0.32057 0.31886 0.31760 0.31648 0.31917 0.32090 0.31318 0.30608 0.30756 0.30698 0.30756 0.30712 0.30712 0.32084 0.31941 0.31941 0.31941 0.31274 0.31491 0.31031 0.31491 0.31491 0.31274 0.31175 0.31175 0.30868 0.30153 0.31781 0.31729 0.31755 0.32277 0.32277 0.31729 0.31191 0.31191 0.31191 0.31191 0.31191 0.32505 0.31057 0.32674 0.32674 0.32674 0.32674 0.32674 0.31017 0.31473 0.31454 0.31429 0.31492 0.32541 0.31501 0.31580 0.36738 0.36738
0.32714 0.32714 0.31836 0.31864 0.33300 0.32535 0.31783 0.31845 0.31530 0.36365 0.36365 0.36365 0.32058 0.32123 0.32165 0.32203 0.32242 0.32438 0.31979 0.30598 0.31701 0.30666 0.30664 0.30598 0.31876 0.31943 0.31943 0.31943 0.31943 0.31275 0.31275 0.31492 0.31492 0.31492 0.31275 0.31275 0.31275 0.30869 0.30154 0.31232 0.31731 0.31798 0.31756 0.31756 0.32279 0.31193 0.31193 0.31193 0.31193 0.31193 0.32537 0.31068 0.32675 0.32675 0.32675 0.31018 0.32675 0.32434 0.32586 0.32504 0.31419 0.32587 0.32554 0.32746 0.32855 0.36740 0.36740
