test/test_data/tcaap/monthly_variance_over_all_Sep__actual_et__2015-01-01_to_2019-12-31__180_by_260__inches.asc
NCOLS        180
NROWS        260
XLLCORNER     476375.000
YLLCORNER    4970875.000
CELLSIZE        100.000
NODATA_VALUE -9999.
[rows 203 to 231 of 260, columns 67 to 133 of 180]
0.68041 0.68041 0.68041 0.67956 0.67956 0.67956 0.67956 0.67956 0.68864 0.74377 0.87316 0.87182 0.87182 0.64770 0.63730 0.63994 0.71370 0.68839 0.68839 0.68839 0.68839 0.68925 0.71577 0.71577 0.71577 0.71577 0.71577 0.71577 0.71577 0.71577 0.71577 0.70556 0.63287 0.63618 0.63618 0.63618 0.70071 0.70071 0.63580 0.63618 0.63618 0.63618 0.63399 0.63399 0.63399 0.63399 0.63399 0.63399 0.63059 0.63399 0.63399 0.63399 0.71101 0.68746 0.68746 0.68746 0.71307 0.71307 0.71307 0.70980 0.68746 0.68746 0.71307 0.71366 0.69246 0.71366 0.71172
0.68042 0.68042 0.68042 0.68042 0.68042 0.68042 0.68042 0.68042 0.68950 0.73676 0.87186 0.87186 0.87186 0.63197 0.59022 0.63745 0.68840 0.71371 0.71371 0.68840 0.68840 0.71577 0.71577 0.71577 0.71577 0.71577 0.71577 0.71577 0.71577 0.71577 0.71778 0.63619 0.63619 0.63305 0.63305 0.63305 0.59675 0.68422 0.68422 0.68422 0.71133 0.71133 0.63038 0.63400 0.63399 0.63059 0.63059 0.63059 0.58906 0.63038 0.63361 0.71101 0.71101 0.71308 0.71308 0.71308 0.68747 0.71308 0.71308 0.71308 0.68747 0.70980 0.70980 0.71173 0.71366 0.69247 0.71366
0.68043 0.68043 0.68043 0.68043 0.68043 0.68043 0.68043 0.68043 0.68950 0.73677 0.87188 0.87188 0.87188 0.63198 0.59022 0.63411 0.59304 0.70335 0.70335 0.68222 0.68222 0.69111 0.71560 0.71560 0.71144 0.71560 0.64314 0.64039 0.64039 0.63753 0.64016 0.63305 0.63305 0.63305 0.63596 0.63305 0.59676 0.68423 0.68423 0.70665 0.71133 0.71133 0.64099 0.63376 0.63400 0.63060 0.63376 0.63400 0.68393 0.68393 0.70649 0.68393 0.68747 0.70981 0.68747 0.68747 0.70981 0.68747 0.68747 0.68747 0.64801 0.64801 0.70981 0.71174 0.65201 0.70434 0.71174
0.67652 0.68043 0.68043 0.68043 0.68043 0.68043 0.68043 0.68043 0.75069 0.72576 0.87189 0.87189 0.87189 0.67245 0.63412 0.63412 0.59304 0.69813 0.70728 0.70728 0.70728 0.71561 0.71561 0.71561 0.71561 0.71561 0.64315 0.64315 0.64315 0.64315 0.64315 0.64164 0.64164 0.64164 0.64164 0.63856 0.69081 0.69081 0.71627 0.71134 0.71134 0.71134 0.64601 0.63401 0.63401 0.64985 0.63401 0.63362 0.71103 0.68393 0.71103 0.71103 0.71309 0.71309 0.71309 0.71309 0.71309 0.71309 0.71309 0.70982 0.70895 0.71309 0.70982 0.71174 0.65201 0.69248 0.71174
0.67653 0.68044 0.68044 0.68044 0.68044 0.68044 0.68044 0.68044 0.75069 0.72576 0.87190 0.87190 0.87190 0.67245 0.69308 0.59023 0.59304 0.70729 0.70729 0.70729 0.70729 0.71145 0.71561 0.71561 0.71561 0.71561 0.64026 0.64315 0.64315 0.64315 0.64315 0.64164 0.64164 0.64129 0.63857 0.63857 0.69081 0.69081 0.70618 0.70618 0.71628 0.71628 0.65030 0.65328 0.65328 0.71539 0.63722 0.71492 0.71454 0.65248 0.71012 0.71012 0.71320 0.70983 0.71310 0.71310 0.71310 0.71310 0.71310 0.71310 0.71310 0.70983 0.71310 0.71369 0.71369 0.71369 0.71369
0.68045 0.68045 0.68045 0.68045 0.68045 0.68045 0.66198 0.68952 0.75070 0.79438 0.87191 0.87191 0.87191 0.69653 0.70729 0.65001 0.63657 0.70729 0.70729 0.70729 0.70729 0.71562 0.71562 0.71562 0.71562 0.71562 0.71562 0.71562 0.64280 0.64026 0.64026 0.71900 0.71900 0.71900 0.63857 0.63857 0.63857 0.63840 0.64165 0.64165 0.64165 0.71629 0.71493 0.70545 0.70545 0.71493 0.71493 0.71936 0.71455 0.71455 0.71455 0.65248 0.69083 0.71098 0.71280 0.71280 0.71280 0.71280 0.71280 0.71280 0.71098 0.71280 0.71311 0.71369 0.71369 0.71369 0.71369
0.68045 0.68045 0.68045 0.68045 0.68045 0.68045 0.68045 0.68045 0.75071 0.78497 0.87193 0.87193 0.87193 0.70730 0.70730 0.63657 0.63657 0.69815 0.70730 0.70730 0.70730 0.71563 0.71563 0.71563 0.71563 0.71563 0.71563 0.71563 0.72439 0.72439 0.72439 0.71901 0.71901 0.71901 0.71967 0.63858 0.63858 0.64166 0.64166 0.64166 0.64166 0.71629 0.71494 0.71494 0.71494 0.71494 0.71494 0.71456 0.71456 0.71456 0.71456 0.71456 0.71281 0.71281 0.71281 0.71281 0.71281 0.71281 0.71281 0.71281 0.71281 0.71281 0.71281 0.71605 0.71605 0.71605 0.71605
0.68046 0.68046 0.67655 0.68046 0.68046 0.68046 0.68046 0.68046 0.68954 0.87291 0.87194 0.87194 0.71673 0.70731 0.70731 0.70731 0.70899 0.69816 0.70731 0.70731 0.71564 0.71564 0.71564 0.71564 0.71564 0.71564 0.71564 0.72439 0.72439 0.72439 0.71915 0.71902 0.71902 0.71902 0.72052 0.63858 0.63858 0.64166 0.64166 0.64166 0.64166 0.71630 0.71494 0.71494 0.71494 0.71494 0.71494 0.71456 0.71456 0.71456 0.65249 0.71110 0.71282 0.71282 0.71282 0.71100 0.69084 0.71100 0.71282 0.71282 0.71282 0.71282 0.71282 0.71606 0.71606 0.71606 0.71606
0.68047 0.68047 0.67655 0.68047 0.68047 0.68047 0.68047 0.68047 0.68047 0.87293 0.87195 0.87195 0.71404 0.70731 0.70731 0.70731 0.65260 0.69817 0.70731 0.70731 0.71564 0.69115 0.69115 0.71564 0.71564 0.71564 0.72440 0.72440 0.72440 0.72440 0.71508 0.71903 0.71903 0.71903 0.72471 0.69733 0.63859 0.64167 0.64167 0.64167 0.71631 0.71495 0.71495 0.71495 0.71495 0.71495 0.71495 0.71495 0.71457 0.71457 0.65250 0.71111 0.71283 0.71283 0.71283 0.71283 0.71283 0.71100 0.71283 0.71283 0.71283 0.71283 0.71606 0.71606 0.71606 0.71606 0.71606
0.68047 0.67656 0.68047 0.68047 0.68047 0.68047 0.68047 0.68047 0.68047 0.77558 0.87196 0.87196 0.87196 0.70732 0.70732 0.70732 0.65003 0.63634 0.70732 0.70732 0.71565 0.69115 0.69115 0.71149 0.72441 0.69799 0.72441 0.72441 0.72033 0.69799 0.72033 0.72472 0.71903 0.72855 0.72472 0.72472 0.64167 0.63860 0.63860 0.71205 0.71631 0.71496 0.71496 0.71112 0.71496 0.69077 0.71496 0.71496 0.70664 0.71458 0.70664 0.69077 0.71283 0.71283 0.71283 0.71283 0.71283 0.71283 0.71283 0.71283 0.71101 0.71101 0.71413 0.71413 0.71607 0.69947 0.69947
0.68048 0.68048 0.68048 0.68048 0.68048 0.67657 0.60445 0.67657 0.67657 0.77559 0.87197 0.87197 0.87197 0.70733 0.70733 0.70733 0.65004 0.63659 0.70733 0.70733 0.71566 0.71566 0.72442 0.72442 0.72442 0.72442 0.72442 0.72442 0.72442 0.72442 0.72442 0.72473 0.72473 0.72473 0.72473 0.72473 0.72473 0.63142 0.71632 0.71632 0.71632 0.71496 0.71496 0.71496 0.71496 0.71496 0.71496 0.71496 0.71458 0.71458 0.70664 0.71112 0.71284 0.71284 0.71284 0.71284 0.70631 0.64948 0.64948 0.64948 0.64948 0.65634 0.72501 0.77726 0.70845 0.68664 0.71639
0.67628 0.67628 0.67628 0.67628 0.67628 0.67179 0.65664 0.67179 0.67179 0.87296 0.87199 0.87199 0.70576 0.69657 0.70733 0.70733 0.65004 0.70733 0.70733 0.70733 0.71566 0.71566 0.72442 0.72442 0.72442 0.69801 0.69801 0.69801 0.72442 0.72442 0.72442 0.72473 0.72473 0.72473 0.72473 0.72473 0.72473 0.71206 0.71633 0.71905 0.71905 0.71497 0.71497 0.71497 0.71497 0.71497 0.71497 0.71497 0.71497 0.71497 0.71497 0.71113 0.64157 0.60554 0.68010 0.68010 0.64632 0.64948 0.64948 0.64948 0.60554 0.60554 0.59089 0.59089 0.59089 0.59089 0.59089
0.72783 0.67628 0.67628 0.67628 0.67628 0.67628 0.67611 0.67506 0.67628 0.87384 0.87288 0.87288 0.87288 0.70092 0.70548 0.70548 0.64605 0.69658 0.70548 0.70548 0.71616 0.71567 0.71567 0.71567 0.71567 0.71567 0.69117 0.71567 0.72443 0.72443 0.72443 0.72474 0.72474 0.72474 0.72474 0.72474 0.72474 0.72474 0.71633 0.71905 0.72857 0.71498 0.71498 0.71498 0.71498 0.69079 0.69079 0.69079 0.71498 0.71498 0.71114 0.71114 0.71103 0.64858 0.60554 0.60554 0.60554 0.60554 0.60554 0.60554 0.60808 0.60807 0.59090 0.59090 0.72770 0.72770 0.72770
0.72355 0.67145 0.67629 0.67629 0.67629 0.67629 0.67612 0.67507 0.67507 0.67493 0.87289 0.87289 0.87289 0.70093 0.70549 0.70549 0.64605 0.69658 0.70549 0.70549 0.71617 0.71617 0.71617 0.71617 0.71617 0.71617 0.71617 0.71617 0.71617 0.72514 0.72671 0.71797 0.71634 0.71634 0.72475 0.72475 0.72475 0.72445 0.71906 0.71906 0.72858 0.71499 0.71499 0.71499 0.71499 0.71499 0.71499 0.71499 0.71499 0.71499 0.71499 0.71499 0.71286 0.71286 0.71286 0.60555 0.60555 0.60555 0.64633 0.64633 0.65306 0.65019 0.59090 0.72770 0.71641 0.71641 0.72770
0.72355 0.72355 0.67630 0.67630 0.67630 0.67630 0.67630 0.67145 0.67612 0.67566 0.87290 0.87290 0.87290 0.70094 0.70550 0.70550 0.69659 0.69659 0.70550 0.70550 0.71618 0.71618 0.71618 0.71618 0.71617 0.71617 0.71617 0.71617 0.71617 0.71617 0.71797 0.71797 0.71797 0.71797 0.71797 0.72672 0.73069 0.70778 0.72142 0.72142 0.71797 0.71317 0.71317 0.71317 0.71499 0.71499 0.71499 0.71499 0.71499 0.71499 0.71499 0.71287 0.71287 0.71287 0.71287 0.60555 0.60555 0.64634 0.64634 0.64634 0.65018 0.66767 0.72771 0.72771 0.71642 0.71642 0.72771
0.72356 0.72356 0.72356 0.67630 0.67630 0.67630 0.67630 0.67630 0.67630 0.67567 0.87292 0.87292 0.87292 0.87292 0.70550 0.70550 0.69660 0.70550 0.70550 0.70550 0.71618 0.71618 0.71618 0.71618 0.71618 0.71618 0.71618 0.71618 0.71618 0.71618 0.71798 0.71798 0.71798 0.71370 0.71370 0.71798 0.71798 0.72143 0.72143 0.71798 0.71798 0.71318 0.71318 0.71318 0.71318 0.71318 0.71318 0.71318 0.71318 0.71318 0.71318 0.70924 0.70924 0.70924 0.70924 0.60318 0.60555 0.64634 0.64634 0.64700 0.64924 0.64634 0.64225 0.73686 0.72772 0.72772 0.72772
0.72357 0.72357 0.72357 0.67631 0.67631 0.67182 0.67631 0.67631 0.67631 0.67578 0.87293 0.87293 0.87293 0.87293 0.69449 0.70551 0.70551 0.70551 0.70551 0.70551 0.71619 0.71619 0.71619 0.71619 0.71619 0.71619 0.71619 0.71619 0.71619 0.71619 0.71799 0.71799 0.71799 0.71799 0.71799 0.71799 0.71799 0.65263 0.71284 0.71799 0.71799 0.71318 0.71318 0.71318 0.71318 0.71318 0.71318 0.71318 0.71318 0.71318 0.70894 0.70925 0.70925 0.70925 0.68817 0.60319 0.64047 0.64517 0.64432 0.64520 0.64576 0.64047 0.63951 0.73033 0.72140 0.72140 0.72140
0.72358 0.62795 0.71578 0.67147 0.67632 0.67182 0.67182 0.67182 0.67182 0.67578 0.87294 0.87294 0.87294 0.87294 0.69450 0.70552 0.69661 0.70552 0.70552 0.70552 0.71620 0.69062 0.69062 0.69062 0.69062 0.69062 0.69062 0.69062 0.69062 0.69062 0.69082 0.69082 0.69082 0.71371 0.71371 0.69082 0.69082 0.71371 0.69082 0.69082 0.71371 0.70895 0.70895 0.68646 0.68646 0.70895 0.68646 0.71319 0.71319 0.68646 0.68646 0.70925 0.70745 0.70745 0.68818 0.62034 0.64048 0.62837 0.65253 0.60782 0.65418 0.63589 0.63952 0.64107 0.62739 0.57230 0.72141
0.72358 0.62795 0.72358 0.72358 0.72929 0.67183 0.67183 0.67183 0.67183 0.87295 0.87295 0.87295 0.87295 0.77753 0.70552 0.70552 0.69662 0.70552 0.70552 0.70552 0.71620 0.69062 0.69062 0.69062 0.69062 0.69062 0.69062 0.59208 0.59208 0.72031 0.70143 0.69849 0.69082 0.71800 0.71800 0.71800 0.71800 0.60188 0.65321 0.71800 0.69082 0.68647 0.68647 0.68647 0.68647 0.71320 0.71320 0.71320 0.71320 0.71320 0.71320 0.69168 0.69629 0.68745 0.64367 0.63480 0.65359 0.65823 0.67919 0.68373 0.67495 0.67286 0.68024 0.69568 0.72580 0.72142 0.70718
0.72359 0.72359 0.72359 0.72359 0.67633 0.67623 0.67623 0.67623 0.68504 0.87297 0.87297 0.87297 0.87297 0.71406 0.70553 0.70553 0.69662 0.70553 0.70553 0.71621 0.71621 0.69063 0.65021 0.69063 0.69063 0.69063 0.69063 0.59209 0.59209 0.72032 0.59202 0.69850 0.69850 0.71801 0.71801 0.71801 0.71801 0.60188 0.65321 0.65321 0.68647 0.68647 0.68647 0.68647 0.68647 0.71320 0.71320 0.71320 0.71320 0.71320 0.71320 0.70927 0.70927 0.62660 0.60504 0.65331 0.66080 0.67654 0.68896 0.69302 0.70196 0.70059 0.70271 0.71191 0.71839 0.57231 0.72142
0.72360 0.72360 0.72360 0.72360 0.67634 0.67623 0.67623 0.68505 0.77155 0.87298 0.87298 0.87298 0.87298 0.70554 0.70554 0.70554 0.70554 0.70554 0.70554 0.71622 0.71622 0.69064 0.69064 0.69064 0.69064 0.69064 0.69064 0.59209 0.59209 0.72032 0.59202 0.70144 0.69084 0.71802 0.71802 0.71802 0.71802 0.71921 0.65322 0.65322 0.71321 0.71321 0.68648 0.68648 0.68648 0.71321 0.71321 0.71321 0.71266 0.71266 0.71321 0.70927 0.70927 0.62652 0.62433 0.63318 0.59797 0.64876 0.71216 0.71773 0.71940 0.72018 0.72581 0.72581 0.69507 0.57232 0.72143
0.72560 0.72560 0.72560 0.72361 0.67149 0.67634 0.67634 0.67634 0.77156 0.87299 0.87299 0.87299 0.87299 0.68169 0.68169 0.69664 0.70554 0.70554 0.70554 0.71622 0.71622 0.69064 0.64838 0.70587 0.69064 0.69756 0.59209 0.59209 0.59209 0.72033 0.72147 0.72677 0.71802 0.71802 0.71802 0.71802 0.71802 0.70851 0.65322 0.65322 0.71322 0.71322 0.71322 0.71322 0.71322 0.71322 0.71322 0.71266 0.71266 0.71322 0.71322 0.70928 0.62661 0.62661 0.62661 0.67351 0.70165 0.70606 0.72500 0.72500 0.72500 0.72144 0.72144 0.70720 0.72144 0.72144 0.70720
0.72561 0.72561 0.72561 0.72561 0.67671 0.67671 0.67671 0.67671 0.77359 0.87317 0.87317 0.87317 0.87317 0.70142 0.68170 0.69664 0.70555 0.70555 0.70555 0.71623 0.71623 0.71623 0.72034 0.72034 0.72048 0.72048 0.72460 0.72034 0.72034 0.72034 0.72677 0.72677 0.71803 0.71803 0.71803 0.71803 0.71803 0.69592 0.65323 0.65323 0.71322 0.71322 0.71322 0.71322 0.71322 0.70898 0.71267 0.71267 0.71267 0.71322 0.71322 0.70929 0.62418 0.62661 0.72946 0.72946 0.72946 0.72946 0.72068 0.72068 0.72068 0.72145 0.70721 0.70721 0.72145 0.72145 0.72145
0.72561 0.72561 0.72561 0.72561 0.67672 0.67672 0.67672 0.67672 0.87371 0.87318 0.87318 0.87318 0.87318 0.70507 0.70507 0.69658 0.70507 0.70143 0.70507 0.71168 0.71168 0.68676 0.58313 0.58313 0.72112 0.71653 0.72049 0.72049 0.72521 0.72521 0.72678 0.72678 0.72678 0.71804 0.71804 0.71804 0.71804 0.71375 0.65324 0.65324 0.64911 0.71323 0.71323 0.71323 0.71323 0.71268 0.71268 0.71268 0.71323 0.71323 0.71323 0.70930 0.62419 0.62662 0.72069 0.72947 0.72069 0.72069 0.72069 0.72069 0.72069 0.72145 0.72145 0.72145 0.72145 0.72145 0.72145
0.72562 0.72562 0.72562 0.72562 0.67673 0.67673 0.67673 0.67673 0.87373 0.87319 0.87319 0.87319 0.70143 0.70508 0.70508 0.69658 0.70508 0.70508 0.70508 0.71168 0.71168 0.68676 0.72532 0.72113 0.72113 0.72113 0.72113 0.72113 0.72113 0.72113 0.72414 0.72414 0.72414 0.72414 0.71559 0.71559 0.71559 0.68990 0.69086 0.65293 0.71324 0.71324 0.71324 0.71324 0.71324 0.71268 0.71324 0.71324 0.71324 0.71324 0.71324 0.70930 0.62420 0.62663 0.72070 0.72070 0.72070 0.72070 0.72070 0.72070 0.57825 0.72146 0.72146 0.72146 0.72146 0.72146 0.72146
0.72971 0.72563 0.72563 0.72563 0.67673 0.67663 0.67663 0.68587 0.68217 0.87321 0.87321 0.87321 0.70144 0.67992 0.68282 0.62718 0.69659 0.70509 0.70509 0.71169 0.71169 0.69752 0.72533 0.72114 0.72114 0.72114 0.72114 0.72114 0.72114 0.72414 0.72414 0.72414 0.72414 0.72414 0.71559 0.71559 0.71559 0.68991 0.68991 0.72472 0.72546 0.72281 0.72281 0.72546 0.72546 0.71640 0.71640 0.71640 0.71640 0.71640 0.71324 0.70931 0.62663 0.72070 0.72070 0.72070 0.72070 0.72070 0.72070 0.57825 0.57825 0.69510 0.70723 0.70723 0.70723 0.57233 0.62742
0.72972 0.72564 0.72564 0.72564 0.73028 0.67664 0.68587 0.68472 0.68093 0.87322 0.87322 0.87322 0.68203 0.67370 0.66628 0.65886 0.62719 0.62856 0.70071 0.70712 0.63754 0.69753 0.72533 0.72115 0.72115 0.72115 0.72115 0.71170 0.71170 0.71560 0.72415 0.72415 0.72415 0.72415 0.72415 0.71560 0.71560 0.68992 0.62974 0.74580 0.74651 0.74651 0.77478 0.74393 0.74651 0.70462 0.69052 0.71641 0.71641 0.71641 0.71306 0.63049 0.72406 0.72406 0.72406 0.72406 0.72406 0.72406 0.72406 0.72104 0.70636 0.70280 0.71556 0.70174 0.70399 0.62742 0.87122
0.72564 0.72564 0.72564 0.73681 0.68588 0.68588 0.68473 0.68473 0.63117 0.87323 0.87323 0.87323 0.66831 0.66204 0.65751 0.64947 0.66312 0.66956 0.63855 0.64478 0.63754 0.64147 0.63754 0.64079 0.64079 0.71732 0.71170 0.71170 0.71170 0.71561 0.72416 0.69711 0.72416 0.72416 0.71561 0.71154 0.71154 0.68992 0.64928 0.74580 0.74652 0.74727 0.77479 0.77479 0.74652 0.71642 0.71642 0.71642 0.71642 0.71642 0.71307 0.63050 0.72407 0.72407 0.72407 0.72407 0.72407 0.57520 0.62798 0.62995 0.63223 0.63142 0.70855 0.63079 0.62446 0.87131 0.87131
0.71884 0.71884 0.67665 0.68589 0.77364 0.71671 0.68473 0.68584 0.65641 0.87324 0.87324 0.87324 0.66831 0.67079 0.67242 0.67387 0.67529 0.68742 0.68004 0.64514 0.69959 0.64277 0.64284 0.64514 0.70793 0.71171 0.71171 0.71171 0.71171 0.71561 0.71561 0.72417 0.72417 0.72417 0.71561 0.71561 0.71561 0.68993 0.64929 0.72206 0.74653 0.74981 0.74728 0.74728 0.77480 0.71643 0.71643 0.71643 0.71643 0.71643 0.72186 0.63846 0.72407 0.72407 0.72407 0.57520 0.72407 0.71062 0.71962 0.71603 0.63322 0.71123 0.70929 0.72502 0.72960 0.87132 0.87132
