test/test_data/tcaap/monthly_mean_over_all_Sep__actual_et__2015-01-01_to_2019-12-31__180_by_260__inches.asc
NCOLS        180
NROWS        260
XLLCORNER     476375.000
YLLCORNER    4970875.000
CELLSIZE        100.000
NODATA_VALUE -9999.
[rows 0 to 31 of 260, columns 71 to 141 of 180]
2.4830 2.4830 2.4830 2.6353 2.6353 2.8925 2.8925 2.6353 2.6353 2.6353 2.5790 2.6353 2.6353 2.6040 2.6040 2.5178 2.5178 2.5178 2.5178 2.5178 2.5178 2.5178 2.6583 2.5490 2.6013 2.6013 2.5602 2.5602 2.6940 2.7084 2.7084 2.7084 2.7084 2.7084 2.7365 2.7057 2.9846 3.3157 3.1672 3.0035 2.9169 2.9169 3.1672 2.9169 3.1672 2.9351 3.2702 3.1717 2.7168 3.0582 3.3231 3.1717 2.7168 2.7299 2.7299 2.7137 2.6363 2.6756 2.6233 2.5499 2.7078 2.6756 2.7137 2.7137 2.6950 2.5499 2.6157 2.7203 2.7139 2.7075 2.6690
2.4572 2.4572 2.4572 2.4803 2.9169 3.2144 2.9169 2.6354 2.4803 2.4803 2.4803 2.5133 2.4803 2.5178 2.5178 2.6041 2.6041 2.5178 2.5178 2.5178 2.6041 2.5178 2.5490 2.5490 2.6566 2.6566 2.6406 2.5934 2.8568 2.7646 2.7646 2.7646 2.7662 2.7067 2.7348 2.7285 2.9846 3.1693 2.7693 2.9226 2.9169 3.1673 3.1673 3.1673 2.7219 2.7595 2.7004 2.9943 2.7168 3.0011 2.9943 2.7168 2.7300 2.7300 2.7300 2.7258 2.7614 3.2498 3.2498 2.7237 2.7258 2.7237 2.7137 2.7137 2.5499 2.5499 2.6157 2.7223 2.7223 2.7075 2.7075
2.4572 2.4572 2.4804 2.2810 3.2144 3.2144 3.5210 2.5791 2.5133 2.5133 2.5791 2.4804 2.5791 2.5178 2.5178 2.6041 2.6041 2.5178 2.6583 2.5178 2.6041 2.5178 2.6321 2.5602 2.5258 2.6027 2.6654 2.7356 2.9791 3.2577 2.9808 2.7646 2.7646 2.7067 2.7348 2.7745 3.2761 3.1693 2.7219 2.9227 2.9227 2.7337 2.7057 3.1714 2.7168 3.2717 3.1741 2.7004 3.0583 3.3204 3.4030 2.7168 2.7279 2.7300 2.7300 2.7258 2.7555 3.2498 3.2498 3.1469 2.7137 2.7137 2.7137 2.7137 2.6234 2.6757 2.6691 2.7795 2.7795 2.7795 3.5084
2.4572 2.4572 2.2810 2.2810 3.2144 3.2539 3.2539 2.2810 2.4804 2.4804 2.4804 2.4804 2.5791 2.6041 2.5178 2.5178 2.5178 2.6041 2.6041 2.5178 2.6322 2.6745 2.6745 2.6946 2.6946 2.6946 2.5258 2.7541 3.2818 3.2937 3.2937 2.7591 2.7067 2.7067 2.7348 2.7058 3.3151 3.1694 2.7366 3.1694 3.1694 2.7366 2.7366 2.7219 2.7168 3.2717 3.1742 2.7168 2.7231 3.2981 3.3677 2.7168 3.3204 3.1742 2.7300 2.7259 2.7259 3.2498 3.2982 3.2498 3.1469 3.1469 2.7138 2.7138 2.7138 2.7076 2.7795 2.7795 2.7795 3.0401 2.7506
2.6822 2.4877 2.3064 2.3064 3.2401 3.3426 2.3064 2.5127 2.5127 2.5791 2.5791 2.4804 2.4804 2.5178 2.5178 2.5178 2.5178 2.6041 2.6041 2.5943 2.6363 2.6363 2.6363 2.6947 2.7085 2.7085 2.6769 3.2581 3.2581 3.2937 3.2937 2.7387 2.6895 2.6769 2.7058 3.3151 3.2761 2.7219 2.7219 2.7366 2.7366 2.7366 2.7276 2.7338 2.7279 3.0012 2.7169 2.7222 2.7279 2.7279 2.7279 2.7279 3.0584 3.1742 2.7279 2.7259 2.7259 3.2983 3.2983 3.2983 3.2983 2.7138 2.7259 2.7829 2.7138 2.7076 2.7223 2.7223 2.7223 2.7076 3.5085
2.6823 2.6641 2.5127 3.2668 3.3016 3.3426 2.5127 2.5127 2.5127 2.5127 2.5985 2.5985 2.5985 2.5109 2.5109 2.5109 2.5109 2.6159 2.6159 2.6159 2.6770 2.6948 2.6948 2.6947 2.7085 2.7592 3.2581 3.2581 3.2938 3.0485 3.0993 3.0457 2.7388 2.7388 3.0654 3.3345 2.7277 2.7367 2.7367 2.7367 2.7338 2.7220 2.7367 2.7367 2.7301 2.7169 2.7301 2.7301 2.7301 2.7301 2.7301 2.7301 2.7169 3.1742 3.1742 2.7189 2.7189 3.2983 3.2983 3.2983 3.2983 2.7138 2.7259 2.7259 2.7138 2.7076 2.7224 2.7224 3.5086 3.5086 2.7076
2.6823 2.4878 2.7313 2.3939 3.3114 3.3016 3.5168 2.5127 2.5127 2.5127 2.5985 2.5985 2.5985 2.5110 2.5110 2.6554 2.6111 2.6159 2.6159 2.6886 2.6770 2.6770 2.6886 2.7201 2.7777 2.7510 3.0574 3.3102 3.0574 3.0574 3.0574 3.0574 3.0457 3.0457 3.0671 2.7657 3.2403 2.7277 2.7367 3.2383 2.7220 2.7220 2.7367 2.7367 2.7174 2.7301 2.7301 2.7301 2.7301 2.7301 2.7301 2.7301 2.7169 3.4031 3.4031 3.1503 3.0527 3.2983 3.2983 3.2983 3.2983 2.7189 2.7260 2.7138 2.7138 2.7077 2.7077 2.7204 2.7077 2.7077 2.7077
2.6823 2.6823 2.9208 2.8956 2.4029 2.4092 2.5127 2.5681 2.5127 2.5127 2.5127 2.5986 2.5986 2.5889 2.5889 2.6159 2.6770 2.6159 2.6159 2.6886 2.7272 2.6886 2.6886 2.7202 2.7511 2.9947 3.0574 3.0574 3.0574 3.0574 3.0574 3.0574 3.0574 3.0574 3.2328 2.7538 3.1806 2.7154 2.7234 3.1690 2.5563 2.7234 2.7234 2.7234 2.7301 2.7301 2.7301 2.7280 3.0608 3.3227 3.2368 2.7169 2.7169 3.4032 3.4032 2.7139 2.7139 3.2984 3.2984 3.2984 3.2984 2.7190 2.7139 2.7190 2.7139 2.7205 2.7141 2.7141 3.5086 2.7077 2.7077
2.6823 2.6823 2.9208 2.9208 2.5986 2.5986 2.5127 2.5127 2.5127 2.5986 2.5986 2.9292 2.9472 2.9472 2.6741 2.6741 2.6770 2.6160 2.6160 2.6887 2.6887 2.6887 2.6887 2.7202 2.7511 3.0575 3.0593 3.0593 3.0575 3.0575 3.0575 3.0575 3.0575 3.0036 2.9961 2.9961 3.3211 3.0603 2.7234 2.7088 2.7088 2.7234 2.7234 2.7234 2.7249 2.7249 2.7121 2.7121 3.1583 3.3135 2.7228 2.7121 2.7249 2.7121 3.1555 2.7100 2.7139 3.2500 3.2984 3.2984 3.2984 3.2984 2.7557 2.7190 2.7190 2.7778 2.7205 2.7141 3.5087 2.7077 2.7077
2.6824 2.6824 2.5986 2.5986 2.6870 2.6870 2.6870 2.6870 2.6870 2.5128 2.3065 2.3065 2.3667 2.5432 2.7376 2.7376 2.6771 2.6160 2.6160 2.6887 2.6887 2.6887 2.6887 3.0575 3.0575 3.0575 3.1332 2.9948 2.9948 3.0575 3.0575 3.0575 2.9948 3.0036 3.0036 2.9961 3.3212 3.0604 2.7234 2.7154 2.7226 2.7234 2.7234 2.7154 3.3239 3.3266 3.0572 2.7249 3.1584 2.7121 2.7249 2.7121 2.7228 2.7249 2.7101 2.7101 3.1743 3.3206 3.3206 3.3206 3.3206 3.0523 3.3206 3.2776 2.7568 2.7307 2.7424 2.7409 2.7077 2.7077 2.7077
2.6824 2.6824 2.6871 2.7009 2.6871 2.6871 2.6871 2.6871 2.6871 2.7314 3.2403 3.2403 3.2462 2.7376 2.7376 2.7376 2.6771 2.6771 2.6160 2.6887 2.6887 2.6887 2.6880 3.0575 3.0575 3.0575 3.3022 2.9948 2.9948 3.0575 3.0575 3.3143 3.0575 3.0902 3.0036 3.0034 3.3212 3.3212 2.7219 2.7038 3.0619 2.7234 2.7219 2.7154 3.3239 3.3266 3.3266 2.7122 2.7560 2.7122 2.7122 2.7122 2.7229 2.7229 2.7101 3.0033 3.1743 3.3207 3.3207 3.3207 3.3207 3.3207 3.3207 3.3207 3.3207 2.7307 2.7357 2.7357 2.7307 2.7307 2.7307
2.6824 2.6824 2.7599 2.7599 2.7599 2.7009 2.6871 2.6871 2.6871 3.2403 3.2403 3.2403 3.2462 2.7330 2.7477 2.7477 2.7377 2.7377 2.7477 2.6880 2.6880 2.9773 3.0896 3.0576 3.1603 2.9949 3.3485 3.0430 3.3143 3.3143 3.3143 3.0576 3.0576 2.7155 2.7235 2.7235 3.3212 3.0604 2.7155 2.7155 2.7095 2.7235 2.7220 2.6144 3.3266 3.3266 3.3266 3.1849 2.7122 2.7122 2.7122 2.7122 2.7122 3.2876 3.3207 3.3207 3.3207 3.3207 3.3207 3.1107 3.3207 3.3207 3.3207 3.3207 2.7101 2.7357 2.7357 2.7425 2.7410 2.7307 2.7307
2.6824 2.6824 2.6871 2.7600 2.7600 2.7600 2.7994 2.7919 3.1292 3.1292 2.7474 3.2905 2.7869 2.7430 2.7477 2.7477 2.7477 2.7377 2.7377 2.7875 3.5136 2.9773 3.0396 3.0576 3.0576 3.3104 3.3104 3.3023 3.3144 3.3144 3.0994 3.0994 3.0576 2.7089 2.7235 2.7235 3.0605 2.7155 2.7220 2.7155 2.7235 2.7235 2.7155 3.0679 3.3267 3.3267 3.3267 2.7122 2.7122 2.7250 2.7250 2.7122 2.7122 3.3267 3.3208 3.0524 3.3208 3.3208 3.3208 3.1107 3.0524 3.3208 3.3208 3.3208 2.6131 2.6359 2.7425 2.6640 2.7425 2.7307 2.7307
2.6825 2.6825 2.7600 2.7600 2.7600 2.7600 2.7994 2.7994 2.7600 2.7600 2.7474 2.7576 2.7473 2.6613 2.6613 2.6881 2.7478 2.7377 2.7875 3.5136 2.9774 3.0397 3.0397 3.0576 3.1025 3.2062 2.7779 2.7654 2.7779 2.7654 2.7654 2.7654 2.7654 2.7235 2.7235 2.7089 2.7089 2.7539 2.7089 2.7089 2.7235 2.7155 2.7155 3.1808 2.7122 3.3267 3.1557 3.1557 3.1557 2.7251 2.7251 2.7229 2.7122 3.3267 3.0524 3.0524 3.3208 3.3208 3.0524 2.9930 3.0524 3.3208 3.3208 3.3208 3.3208 2.6640 2.7425 2.6640 2.7308 2.7308 2.7308
2.6703 2.7312 2.7431 2.7600 2.7600 2.7600 2.7919 2.7576 2.7600 2.7600 2.7474 2.6872 2.6877 2.6613 2.6613 2.7216 2.7216 2.7143 2.7373 2.7207 3.5137 3.0397 3.0577 3.0023 2.7780 2.7780 2.7780 2.7780 2.7780 2.7780 2.7780 2.7780 2.7203 2.7235 2.7220 2.7220 2.7235 2.7619 3.4054 3.1613 2.7220 2.7155 2.7155 2.7123 2.7123 2.7123 3.4111 3.4111 3.4111 2.7123 2.7251 2.7251 2.7251 2.6810 2.7569 3.2778 3.3208 3.3208 3.0541 3.1413 3.0525 3.3208 3.3208 3.3208 3.0525 2.7426 2.7426 2.7426 2.7308 2.7308 2.7308
2.7401 2.7313 2.7360 2.7431 3.1323 3.1323 2.8869 2.6702 2.7313 2.7408 2.7313 2.6702 2.6625 2.6483 2.7373 2.7474 2.6767 2.5111 3.3601 3.0397 3.2893 3.0397 3.1141 3.0024 2.7780 2.7780 2.7780 2.7780 2.7780 2.7780 2.7204 2.7587 2.7069 2.7090 2.7156 2.7221 2.7236 2.7236 2.7156 3.3214 3.3232 3.1693 2.7090 3.5096 2.7123 3.3268 3.3268 2.3615 2.7129 2.7123 2.7230 2.7230 2.7251 2.7639 2.7569 3.2778 3.3209 3.3209 2.6825 2.6258 2.6258 3.1745 3.1745 2.7102 2.7426 2.7426 2.7426 2.7426 2.7308 2.6360 2.6360
2.6703 2.6702 2.6702 3.1323 3.1323 3.1323 3.5118 2.6702 2.6702 2.6702 2.7360 2.7313 2.7350 2.7350 2.7350 2.7350 2.7239 2.5004 3.0321 3.0321 3.0321 3.0321 2.9863 3.2193 2.7603 2.7603 2.7780 2.7780 2.7780 2.7780 2.7588 2.7513 2.7513 2.7090 2.7090 2.7236 2.7236 2.7090 2.7090 3.2894 3.2894 3.1693 3.1809 3.2878 3.3268 3.3268 3.1990 2.7706 2.7706 2.7251 2.7230 2.7123 2.7123 2.7562 2.7634 3.2778 3.3209 3.3209 3.0525 2.6132 2.6132 2.7102 2.7223 2.7159 2.7359 2.7426 2.7426 2.7308 2.7308 2.6360 2.7359
2.6704 2.6702 2.6702 2.6702 2.8869 2.8869 2.6702 2.6702 2.6702 2.6702 2.7432 2.7432 2.7350 2.7350 2.7350 2.7350 2.7240 2.5004 3.0322 3.0322 2.9677 3.0871 3.2193 3.2582 2.7604 2.7604 2.7604 2.7604 2.7604 2.7604 2.7398 2.7324 2.7324 2.7127 2.7222 2.7234 2.7181 2.7127 3.0292 2.7540 3.2894 2.9934 2.3573 3.3269 3.3269 3.3269 2.7701 2.7706 2.7706 2.7123 3.1851 2.7123 2.7123 2.7562 3.2779 3.3210 3.3210 3.3210 3.3210 2.6132 2.6132 2.7159 2.7159 2.7159 2.7426 2.7426 2.7426 3.1498 2.9170 2.9170 2.6360
2.6704 2.6703 2.6703 2.6703 2.6703 2.6703 2.6703 2.6755 2.6703 2.6703 2.7409 2.7432 2.7350 2.7350 2.7350 2.7350 2.7240 2.5004 2.7066 2.7066 2.7066 2.7743 3.2582 3.2582 2.7604 2.7604 2.7604 2.7604 2.7604 2.7604 2.7017 2.6886 2.6886 2.7127 2.7223 2.7235 2.7127 2.7127 2.7127 3.3173 3.3442 2.9539 2.3766 3.3360 3.3360 3.3360 2.7707 2.7591 2.7004 2.7438 3.2879 3.3269 2.6955 2.7124 3.2288 3.3210 3.3210 3.3210 3.3210 2.6132 2.7103 2.7103 2.7160 2.7246 2.7427 2.7427 2.7427 2.9792 2.9170 3.3096 2.7427
2.4727 2.4857 2.6564 2.6564 2.6564 2.6703 2.6564 2.5770 2.6564 2.4857 2.4857 2.7433 2.7350 2.7245 2.7245 2.7245 2.7245 2.7601 2.5005 2.7066 2.7738 2.7245 2.7489 2.7489 2.7489 2.6307 2.6307 2.6307 2.6307 2.6307 2.6014 2.6602 2.6014 2.6178 2.6178 2.6312 2.6178 2.9873 2.7673 2.7673 2.9540 2.9540 2.9540 2.9398 2.9398 2.9398 2.6188 2.6063 2.6063 2.6999 3.1843 3.1843 3.1843 2.6999 3.1241 3.1650 3.1771 3.1771 3.1608 3.0853 2.9932 2.6335 2.7103 2.7817 2.7992 2.7992 2.6599 2.9171 3.0401 2.7314 2.7314
2.4727 2.5771 2.6565 2.6565 2.6565 2.6703 2.6565 2.6565 2.6565 2.6703 2.6755 2.6680 2.7351 2.7647 2.9563 3.1377 2.8936 2.7245 2.7245 3.0323 3.0323 2.7245 2.7489 2.7489 2.6892 2.6307 2.6307 2.6307 2.6307 2.6254 2.6891 2.7914 2.8051 2.8051 2.9873 2.9873 2.9873 3.1047 2.7826 2.8051 2.8051 2.9540 2.9540 2.9398 2.9398 2.9398 2.9398 2.9398 2.6063 3.1843 3.1843 3.1843 2.6999 3.5002 3.5002 3.5002 3.5002 3.5002 3.5002 3.5002 3.5002 2.8143 2.7052 2.7641 2.7941 2.7941 2.6328 2.6328 2.7376 2.7376 2.7376
2.7315 2.5771 2.6703 2.6703 2.6565 2.6703 2.6565 2.6565 2.6565 2.6703 2.6703 2.7289 2.7351 2.7241 2.7241 2.6689 2.7245 2.7245 2.7351 2.6627 2.7067 2.7067 3.0515 3.0515 3.2195 2.6307 2.6307 2.6307 2.6307 2.6014 2.7529 2.7914 2.8051 2.8051 2.9874 2.9874 2.9874 2.9490 2.8195 2.8328 2.8328 2.8051 2.9540 2.9398 2.9398 2.9398 2.9398 2.9398 2.9398 2.9398 2.9398 3.5045 3.5045 3.5003 3.5003 3.5003 3.5003 3.5003 3.5003 3.5003 3.5003 3.5003 2.7367 2.7641 2.7826 2.9835 2.9835 2.7252 2.7376 2.7376 2.7376
2.6804 2.6709 2.6817 2.6764 2.7012 2.6704 2.6565 2.6565 2.6565 2.6704 2.7315 2.7067 2.6627 2.7351 2.7351 2.6485 2.6485 2.7246 2.7246 2.7246 2.7682 3.0323 3.0515 3.2195 3.2195 2.6307 2.6307 2.6307 2.6254 2.8744 2.7529 2.7787 2.8989 3.1048 3.1048 2.9355 2.9490 2.9490 2.9490 2.8328 2.8328 3.2090 2.9540 2.9398 2.9398 2.9398 2.9398 2.9398 2.9398 2.9398 3.2572 3.5046 3.5046 3.5003 3.5003 3.5003 3.5003 3.5003 3.5003 3.5003 3.5003 2.7609 2.7053 2.7762 2.7376 2.7253 2.9835 2.6586 2.7376 2.7307 2.7307
2.6804 2.6709 2.6709 2.6709 2.4857 2.4857 2.4857 2.6704 2.6704 2.7410 2.7434 2.6627 2.6735 2.7341 2.7351 2.7298 2.6588 2.6114 2.7246 2.7246 2.7744 3.0324 3.0479 3.2913 3.2395 2.9362 2.9362 2.9362 2.9362 2.9362 2.9362 2.9362 2.9356 2.9356 2.9356 2.9356 2.9491 2.9491 2.9491 2.9491 2.6421 2.6421 2.9541 2.9399 2.9399 2.9399 2.9399 2.9399 2.6064 2.7127 2.7053 3.5046 3.5046 3.5004 3.5004 3.5004 3.5004 3.5004 3.5004 3.5004 3.5004 2.7053 2.7053 2.7182 2.7376 3.4917 2.7376 2.7376 2.6587 2.7307 2.7253
2.9582 2.8871 2.9453 2.4858 2.4858 2.4858 2.5772 2.6704 2.6704 2.7411 2.6704 2.6627 2.7242 2.7341 2.7352 2.7345 2.6486 2.6470 2.6614 2.6614 3.0360 3.0324 3.0480 3.2395 2.9257 2.8833 2.9095 2.9115 2.9122 2.9139 2.9177 2.9265 2.9407 2.9526 2.9356 2.9356 2.9356 2.9495 2.9359 2.9232 2.6422 2.6422 2.6422 2.9399 2.9399 2.9399 2.9399 2.9399 2.6064 2.7128 2.7128 3.5047 3.5047 3.5004 3.5004 3.5004 3.5004 3.5004 3.5004 3.5004 3.5004 2.7100 2.7182 2.6395 2.6587 2.7377 2.7377 2.6587 2.6587 3.2278 3.4296
2.9933 2.8973 2.3171 2.4755 2.4755 2.5619 2.5619 2.6550 2.6705 2.7315 2.6705 2.7290 2.7290 2.7352 2.7352 2.7346 2.7104 2.7246 2.6615 2.6026 2.9691 3.0325 3.0480 3.0480 3.2720 2.9363 2.9363 2.9363 2.9363 2.9385 2.9371 2.9134 2.9293 2.9252 2.9356 2.9356 2.9356 2.9287 2.9207 2.9060 2.6422 2.6422 2.6180 2.9399 2.9399 2.9399 2.9399 2.6064 2.6064 2.7128 2.7128 3.5047 3.5047 3.5004 3.5004 3.5004 3.5004 3.5004 3.5004 3.5004 3.5004 3.5004 2.7283 2.6395 2.6587 2.7363 2.7363 2.7377 2.6587 3.3556 3.3281
2.9565 2.8973 2.4755 2.4755 2.4755 2.4755 2.6802 2.6859 2.7265 2.7217 2.6550 2.7334 2.7334 2.7377 2.7377 2.7377 2.7343 2.6674 2.6636 2.6040 2.9691 3.0517 3.0480 3.2446 2.9363 2.9363 2.9151 2.9151 2.9151 2.9151 2.9151 2.9151 2.9357 2.9357 2.9492 2.9492 2.8962 2.9063 2.9366 2.9686 2.6422 2.6422 2.6065 2.9400 2.9400 2.9515 2.9400 2.9698 2.6065 2.7128 2.7128 2.7001 2.9460 3.5005 3.5005 3.5005 3.5005 3.5005 3.5005 3.5005 3.5005 3.5005 2.7763 2.7763 2.6588 2.7377 2.7377 2.7377 2.7377 3.4918 3.4918
2.5620 3.1391 2.6550 2.6550 2.6550 2.5620 2.6346 2.5752 2.6927 2.6443 2.5620 2.6674 2.6674 2.7286 2.7286 2.7286 2.6674 2.5672 2.6636 2.6041 2.9682 2.9907 3.0565 3.2499 2.9461 2.9461 2.9461 2.9461 2.9461 2.9461 2.9461 2.9461 2.9492 2.8991 2.6993 2.6883 3.5073 3.5073 2.9227 2.9627 2.8884 2.9717 2.9607 3.5048 3.5048 2.9400 2.9400 2.9400 2.9400 3.3040 2.7108 2.7129 2.7054 3.5005 3.5005 3.5005 3.5005 3.5005 3.5005 3.5005 3.5005 3.5005 2.7743 2.7943 2.6588 2.7377 2.7377 2.7377 2.7377 3.4919 3.4919
2.5620 3.1391 2.6550 2.6550 2.6550 2.7276 2.7269 2.7269 2.6809 2.6927 2.7173 2.7286 2.6674 2.6674 2.6674 2.6674 2.6674 2.5672 2.6637 2.6041 2.9683 2.9882 3.0565 3.2491 2.9461 2.9461 2.9461 2.9314 2.9526 3.1779 2.9461 2.9461 2.9508 2.9049 3.4983 3.4983 2.8644 2.8785 2.9129 2.9644 2.8997 2.9578 3.5005 3.5005 3.5049 2.9400 2.9400 2.9400 2.9400 2.7001 2.7129 2.7129 2.7129 3.5006 3.5006 3.5006 3.5006 3.5006 3.5006 3.5006 3.5006 3.5006 2.7763 2.7943 2.6588 2.7378 2.7378 2.7378 2.7254 3.4919 3.4919
2.5620 2.6551 2.6551 2.7276 2.7276 2.7276 2.7276 2.7276 2.6324 2.7174 2.6485 2.7286 2.6674 2.6674 2.6674 2.6674 2.6674 2.5672 2.6607 2.6041 2.9683 3.0565 3.0565 2.9461 2.9461 2.9461 2.9461 2.9461 2.9526 2.8880 2.9461 2.9461 2.9529 2.6953 2.7773 2.7317 2.8483 2.8668 2.9066 2.9624 2.9173 2.9578 2.9656 3.5006 3.5006 2.9405 2.9405 2.9405 2.6212 2.7120 2.7120 2.7120 3.5006 3.4962 3.4962 3.4962 3.5006 3.5006 3.5006 3.5006 3.5006 3.5006 2.7764 2.7145 2.6588 2.6588 2.7378 2.6588 2.6588 2.9463 2.9463
2.6604 2.6551 2.7169 2.7277 2.7277 2.7277 2.7277 2.7277 2.6485 2.7277 2.7174 2.7287 2.6675 2.6675 2.6675 2.6675 2.6675 2.6452 2.6012 2.9683 2.9683 3.0566 3.2492 2.9462 2.9462 2.9462 2.9462 2.9462 2.8880 2.8880 2.9462 2.9462 2.6953 2.6953 2.6974 2.6974 2.7061 2.7339 2.7861 2.8472 2.9579 2.9579 2.9656 3.5006 3.5006 2.9406 2.6320 2.6354 2.6212 2.6354 2.6354 2.7121 3.5006 3.4962 3.4962 3.4962 3.4962 3.4962 3.4962 3.4962 3.4962 3.4962 2.7698 2.7215 2.6671 2.6671 2.6671 2.7464 2.6589 2.6543 2.7364
2.7277 2.7170 2.7170 2.7170 2.7277 2.7174 2.6928 2.7174 2.7174 2.7174 2.7174 2.7287 2.6675 2.6675 2.6675 2.6675 2.6675 2.4879 2.6042 2.9684 2.7137 2.6092 2.9462 2.9462 2.9462 2.9315 2.9742 2.9462 2.9462 2.9462 2.9462 2.6678 2.6953 2.6953 2.6974 2.6974 2.6953 2.6874 2.6874 2.6974 2.9579 2.9731 2.9656 3.5007 3.5007 2.9406 2.6354 2.6354 3.2240 2.7121 2.7121 2.7121 3.5007 3.4963 3.4963 3.4963 3.4963 3.4963 3.4963 3.4963 3.4963 2.7651 2.7698 2.8018 2.8018 2.6671 2.6671 2.7465 2.7465 2.7368 2.7451
