test/test_data/tcaap/monthly_mean_over_all_Nov__actual_et__2015-01-01_to_2019-12-31__180_by_260__inches.asc
NCOLS        180
NROWS        260
XLLCORNER     476375.000
YLLCORNER    4970875.000
CELLSIZE        100.000
NODATA_VALUE -9999.
[rows 87 to 115 of 260, columns 0 to 66 of 180]
0.70699 0.69933 0.70678 0.70819 0.70819 0.70227 0.67771 0.70818 0.70818 0.70818 0.70818 0.70818 0.67771 0.70967 0.83229 0.83229 0.71548 0.72067 0.72067 0.72067 0.72067 0.72067 0.72067 0.72067 0.71841 0.70735 0.70735 0.75199 0.74822 0.74616 0.75112 0.76164 0.76298 0.76164 0.76164 0.76437 0.76536 0.76597 0.76640 0.76640 0.76640 0.67004 0.76735 0.77063 0.77078 0.77324 0.77182 0.76459 0.76391 0.76391 0.76392 0.76391 0.76393 0.76389 0.76371 0.76334 0.76159 0.76160 0.75811 0.75810 0.82246 0.82246 0.82246 0.82246 0.75626 0.75830 0.75846
0.70702 0.70265 0.70680 0.70821 0.70821 0.70821 0.70821 0.70821 0.70821 0.70821 0.70821 0.70819 0.70819 0.71018 0.83233 0.83233 0.83233 0.68088 0.72070 0.72070 0.72070 0.72070 0.72070 0.72070 0.71844 0.75091 0.75091 0.75201 0.74825 0.75091 0.75541 0.76166 0.76109 0.76166 0.76166 0.76345 0.76429 0.76570 0.76621 0.76643 0.76643 0.67006 0.76916 0.77363 0.77515 0.77646 0.76394 0.76395 0.76312 0.76395 0.76397 0.76403 0.76416 0.76437 0.76173 0.76394 0.76163 0.82249 0.82249 0.82249 0.82249 0.82249 0.82249 0.82249 0.71958 0.75813 0.76049
0.70326 0.70268 0.70683 0.70823 0.70823 0.70823 0.70823 0.70823 0.70823 0.70823 0.70821 0.70821 0.69374 0.76932 0.83236 0.83236 0.83236 0.71553 0.72072 0.72072 0.72072 0.72072 0.72072 0.72072 0.71775 0.75093 0.74267 0.75093 0.74827 0.71657 0.75570 0.75833 0.76031 0.76143 0.76105 0.76338 0.76422 0.76544 0.76614 0.75758 0.75706 0.67008 0.77180 0.77546 0.77577 0.77783 0.76398 0.76398 0.76398 0.76441 0.76403 0.76565 0.76506 0.76422 0.76397 0.76176 0.76165 0.82253 0.82253 0.82253 0.82253 0.82253 0.82253 0.82253 0.75815 0.75815 0.75785
0.70386 0.70685 0.70707 0.70826 0.70826 0.70826 0.70826 0.70826 0.70826 0.70759 0.70826 0.70824 0.70233 0.72023 0.83239 0.83239 0.68092 0.68092 0.72075 0.72075 0.72075 0.72075 0.72075 0.72075 0.71773 0.73683 0.74457 0.74858 0.74810 0.71646 0.75427 0.75738 0.75989 0.76179 0.76229 0.76338 0.76422 0.76497 0.76592 0.67003 0.75739 0.67009 0.76136 0.75854 0.75627 0.82285 0.78016 0.76401 0.76400 0.77005 0.76416 0.76637 0.76568 0.76433 0.76480 0.76179 0.75946 0.82256 0.82256 0.82256 0.82256 0.82256 0.82256 0.75818 0.75818 0.75712 0.75787
0.70709 0.70709 0.70709 0.70828 0.70828 0.70828 0.70828 0.70828 0.70828 0.70828 0.70826 0.70826 0.67778 0.72273 0.83243 0.83243 0.72077 0.72077 0.72077 0.72077 0.72077 0.72077 0.72077 0.72012 0.71776 0.73438 0.74239 0.74442 0.74742 0.74801 0.75437 0.75751 0.76005 0.76198 0.76250 0.76359 0.76442 0.76514 0.67095 0.76670 0.76821 0.65791 0.63798 0.75730 0.74826 0.82288 0.76404 0.76404 0.76913 0.77049 0.71969 0.76709 0.76638 0.76515 0.76499 0.76170 0.76171 0.82260 0.82259 0.82259 0.76085 0.82259 0.75821 0.75821 0.75852 0.75821 0.76057
0.69972 0.70712 0.70712 0.70831 0.70831 0.70831 0.70831 0.70831 0.70831 0.70831 0.70829 0.70828 0.67779 0.72507 0.83246 0.83246 0.71560 0.72080 0.72080 0.72080 0.72080 0.72080 0.72080 0.72014 0.72256 0.73129 0.73635 0.73818 0.74573 0.74743 0.75411 0.75753 0.76027 0.76097 0.76288 0.76397 0.76476 0.76540 0.67076 0.66848 0.66481 0.65829 0.65111 0.61407 0.82665 0.76369 0.76406 0.76406 0.76893 0.71930 0.71963 0.76775 0.76713 0.76613 0.76595 0.76135 0.76771 0.76770 0.82263 0.82263 0.75825 0.75825 0.75718 0.71965 0.75824 0.75824 0.76073
0.70676 0.70676 0.70676 0.70826 0.70826 0.70826 0.70826 0.70826 0.70826 0.70826 0.70823 0.70823 0.67621 0.75854 0.83250 0.83250 0.72082 0.72082 0.72082 0.72082 0.72082 0.72082 0.72082 0.72082 0.71357 0.72941 0.73934 0.74323 0.74410 0.69227 0.75031 0.74963 0.75215 0.68941 0.67583 0.76445 0.67269 0.76568 0.76628 0.75805 0.66601 0.66123 0.65525 0.77885 0.76086 0.76408 0.76408 0.77207 0.76912 0.76843 0.76919 0.76834 0.76706 0.76668 0.76658 0.76671 0.76671 0.76176 0.75827 0.76773 0.76496 0.75720 0.75823 0.75742 0.75827 0.75827 0.76076
0.69815 0.70306 0.70659 0.70828 0.70828 0.70828 0.70828 0.70828 0.70828 0.70828 0.70826 0.70826 0.70826 0.83271 0.83271 0.71396 0.72025 0.72025 0.72025 0.72025 0.72025 0.72025 0.72025 0.72025 0.71359 0.72721 0.73867 0.74218 0.73887 0.69223 0.74603 0.75231 0.75473 0.75360 0.67493 0.76789 0.76789 0.76789 0.76654 0.76688 0.76796 0.66456 0.66042 0.77563 0.76223 0.76411 0.76957 0.77300 0.77139 0.77023 0.76846 0.76793 0.76766 0.76778 0.76207 0.75960 0.76674 0.71896 0.71902 0.76316 0.76224 0.71937 0.71956 0.71967 0.75829 0.75829 0.76079
0.70243 0.70308 0.70830 0.70830 0.70831 0.70831 0.70831 0.70759 0.70830 0.70830 0.70828 0.70828 0.67450 0.83274 0.83274 0.72027 0.72027 0.72027 0.72027 0.72027 0.72027 0.72027 0.72027 0.71398 0.71962 0.72605 0.73867 0.74130 0.74447 0.69552 0.75044 0.75311 0.75211 0.75911 0.76891 0.76891 0.76792 0.76792 0.67018 0.76634 0.76698 0.66752 0.75862 0.76787 0.76601 0.76561 0.76574 0.77178 0.77075 0.77004 0.76860 0.76813 0.76844 0.76856 0.76209 0.76677 0.75962 0.76621 0.76584 0.76335 0.76260 0.71927 0.71940 0.71967 0.71973 0.75832 0.76082
0.68977 0.70316 0.70839 0.70839 0.70836 0.70833 0.70833 0.70833 0.70833 0.70831 0.70831 0.70831 0.67452 0.83278 0.83278 0.72030 0.72030 0.72030 0.72030 0.72030 0.72030 0.72030 0.72030 0.71619 0.72401 0.73727 0.74085 0.74305 0.69556 0.74891 0.75157 0.69521 0.75615 0.76794 0.75468 0.66462 0.66468 0.66468 0.76725 0.75353 0.76675 0.71228 0.76378 0.77004 0.77247 0.77242 0.77206 0.77059 0.76916 0.76836 0.76870 0.76862 0.76895 0.76895 0.76212 0.75965 0.75965 0.68066 0.76553 0.76392 0.76315 0.71925 0.71938 0.71971 0.71975 0.75728 0.76084
0.70665 0.70458 0.67639 0.70880 0.70864 0.70845 0.70835 0.70835 0.70835 0.70833 0.70833 0.67628 0.83101 0.83281 0.72032 0.72032 0.72032 0.72032 0.72032 0.72032 0.72032 0.72032 0.72032 0.71622 0.71828 0.73555 0.73894 0.74131 0.69561 0.74251 0.74528 0.75213 0.75435 0.76541 0.75471 0.66465 0.66476 0.66536 0.76550 0.76552 0.76718 0.71260 0.76356 0.76839 0.77054 0.76976 0.76976 0.76975 0.76952 0.76998 0.76987 0.76997 0.82377 0.82377 0.76023 0.76090 0.76090 0.76086 0.76669 0.76595 0.76250 0.71922 0.71937 0.71977 0.75731 0.76087 0.76087
0.70688 0.70618 0.70660 0.70777 0.70923 0.70866 0.70841 0.70762 0.69571 0.70836 0.70836 0.67455 0.83105 0.83285 0.67983 0.72035 0.72035 0.72035 0.72035 0.72035 0.72035 0.72035 0.72035 0.71969 0.71972 0.73359 0.73675 0.73932 0.69567 0.74022 0.74298 0.69555 0.69552 0.76388 0.76427 0.76448 0.67043 0.67067 0.76418 0.76414 0.76491 0.71302 0.76359 0.76359 0.76907 0.76878 0.76912 0.76941 0.76978 0.76996 0.77001 0.77000 0.82381 0.82381 0.76026 0.67706 0.67707 0.67710 0.76036 0.76000 0.75947 0.75407 0.71993 0.76006 0.75202 0.75163 0.75950
0.70690 0.70690 0.70840 0.70486 0.70916 0.70818 0.69829 0.70015 0.70486 0.70838 0.70838 0.75728 0.83108 0.83288 0.67985 0.72037 0.72037 0.72037 0.72037 0.72037 0.72037 0.72037 0.72037 0.71626 0.71828 0.73144 0.73432 0.73711 0.73563 0.69568 0.74040 0.74302 0.74990 0.76092 0.76160 0.76203 0.76225 0.76235 0.76244 0.76259 0.76440 0.71306 0.71308 0.76362 0.76813 0.76814 0.76868 0.76913 0.76991 0.77003 0.77003 0.77003 0.76995 0.76994 0.67237 0.67746 0.76078 0.67813 0.76814 0.76745 0.76642 0.76561 0.76092 0.76092 0.76092 0.75954 0.75953
0.71757 0.71825 0.71986 0.70843 0.70843 0.69628 0.71097 0.71463 0.70584 0.70488 0.67633 0.73172 0.83111 0.83291 0.67987 0.72040 0.71410 0.71410 0.70426 0.67987 0.67987 0.67987 0.67987 0.70626 0.71700 0.72916 0.73174 0.73457 0.73725 0.69575 0.73763 0.74027 0.74735 0.75657 0.75772 0.75853 0.76071 0.75967 0.76017 0.76222 0.76281 0.71312 0.76419 0.76495 0.76743 0.76764 0.76828 0.76883 0.76924 0.76955 0.77006 0.77006 0.77000 0.77000 0.76107 0.76897 0.76883 0.76857 0.76813 0.76745 0.76648 0.76577 0.76110 0.76095 0.76095 0.75957 0.75956
0.71828 0.71828 0.70845 0.70845 0.70845 0.70845 0.70841 0.70841 0.69693 0.70217 0.68035 0.83115 0.83115 0.83295 0.67989 0.70289 0.71293 0.71115 0.69991 0.70055 0.70076 0.70128 0.70167 0.70535 0.70455 0.72684 0.72910 0.73166 0.73445 0.69583 0.73475 0.73741 0.74469 0.74717 0.74969 0.75263 0.75492 0.75697 0.75879 0.76017 0.76131 0.76226 0.76306 0.76372 0.76588 0.76601 0.76639 0.76671 0.78708 0.76723 0.76979 0.76107 0.76111 0.77003 0.76998 0.76896 0.76876 0.76846 0.76800 0.76733 0.76703 0.76587 0.76466 0.76354 0.76269 0.76068 0.76027
0.70697 0.70697 0.70848 0.70848 0.70848 0.70848 0.70848 0.70848 0.70997 0.71934 0.75058 0.78684 0.83298 0.83298 0.71415 0.72345 0.71298 0.71024 0.69914 0.70749 0.71047 0.70060 0.70061 0.70382 0.70371 0.72459 0.72652 0.72880 0.73137 0.69586 0.69586 0.69580 0.74203 0.74449 0.74735 0.75007 0.75254 0.75476 0.75670 0.75837 0.75975 0.76063 0.76145 0.76213 0.76414 0.76451 0.76492 0.76529 0.76563 0.76595 0.76744 0.75987 0.76764 0.76764 0.76667 0.76652 0.76628 0.76598 0.76561 0.76562 0.76513 0.76463 0.76413 0.76367 0.76326 0.76148 0.76111
0.71089 0.71089 0.71117 0.71117 0.71117 0.71117 0.70850 0.70850 0.70848 0.67899 0.68067 0.78687 0.78868 0.83301 0.74038 0.72909 0.72927 0.71847 0.70705 0.70433 0.70965 0.69997 0.69992 0.70259 0.70247 0.72252 0.72412 0.72613 0.72848 0.69567 0.69587 0.73685 0.73949 0.74162 0.74465 0.74752 0.75014 0.75249 0.75454 0.75626 0.75767 0.75879 0.75962 0.76028 0.76207 0.76259 0.76307 0.76352 0.76392 0.76432 0.76625 0.76648 0.76665 0.76675 0.76588 0.76583 0.76568 0.76545 0.76516 0.76519 0.76477 0.76433 0.76390 0.76349 0.71978 0.72190 0.72195
0.71091 0.71091 0.71120 0.71120 0.71120 0.71120 0.71120 0.71120 0.71120 0.71120 0.68723 0.78655 0.79088 0.83225 0.83225 0.73451 0.72946 0.72436 0.70674 0.70435 0.70489 0.70512 0.69913 0.70131 0.71025 0.72065 0.72195 0.72368 0.69295 0.69431 0.69568 0.73415 0.73737 0.73890 0.74206 0.74503 0.74775 0.75018 0.75229 0.75403 0.75541 0.75406 0.75735 0.75804 0.75966 0.75557 0.76061 0.76109 0.76162 0.76219 0.76472 0.76506 0.76536 0.76558 0.76484 0.76490 0.76486 0.76473 0.76453 0.76457 0.76425 0.76390 0.76354 0.76321 0.71984 0.72195 0.72199
0.71094 0.71094 0.71122 0.71122 0.71122 0.71122 0.71122 0.71122 0.71122 0.71122 0.73202 0.68710 0.78997 0.83228 0.83228 0.73818 0.72988 0.72464 0.70303 0.70979 0.70979 0.70979 0.70979 0.70842 0.69911 0.70115 0.70132 0.71139 0.70260 0.70337 0.69802 0.71878 0.72077 0.72117 0.72330 0.72562 0.72820 0.74787 0.74999 0.75171 0.75302 0.71403 0.75475 0.75418 0.75694 0.75735 0.75778 0.75827 0.75886 0.75953 0.68545 0.68476 0.68412 0.76413 0.76353 0.76373 0.76382 0.76381 0.76373 0.76377 0.76356 0.76332 0.76307 0.76283 0.71990 0.72200 0.72204
0.71094 0.71096 0.71125 0.71125 0.72223 0.72223 0.72223 0.72223 0.71125 0.71125 0.72637 0.68724 0.68815 0.83231 0.83231 0.83231 0.72873 0.72764 0.71331 0.70085 0.71195 0.71195 0.70981 0.70901 0.69913 0.69913 0.70035 0.70063 0.70119 0.69913 0.68318 0.70907 0.70906 0.70807 0.71780 0.71991 0.72252 0.74712 0.74925 0.75094 0.75218 0.71410 0.75127 0.75163 0.75395 0.75425 0.75461 0.75508 0.75573 0.75651 0.76026 0.75596 0.75626 0.76226 0.76192 0.76232 0.76257 0.76270 0.76275 0.76279 0.76271 0.76259 0.76246 0.76233 0.71999 0.72208 0.72210
0.71096 0.71127 0.72225 0.72225 0.72225 0.72225 0.72225 0.72152 0.72225 0.72225 0.70805 0.71115 0.68731 0.68732 0.83235 0.83235 0.83235 0.72555 0.71332 0.71198 0.71198 0.71198 0.71198 0.70903 0.70903 0.69915 0.69915 0.69988 0.70009 0.69915 0.68320 0.70909 0.70909 0.70796 0.71350 0.71559 0.71846 0.74482 0.74689 0.74848 0.74956 0.75018 0.75058 0.75081 0.75121 0.75137 0.75162 0.75207 0.75276 0.75366 0.75342 0.75880 0.75434 0.76050 0.75987 0.76047 0.76092 0.76125 0.76147 0.76161 0.76168 0.76171 0.76171 0.72008 0.72008 0.72216 0.72217
0.69755 0.69779 0.72228 0.72228 0.72228 0.72228 0.72228 0.72154 0.72228 0.72228 0.68623 0.71955 0.72861 0.71248 0.83238 0.83238 0.71068 0.71981 0.71402 0.71208 0.71208 0.70090 0.68322 0.70848 0.70848 0.70906 0.69917 0.69917 0.69958 0.70848 0.70848 0.70848 0.70912 0.70791 0.71186 0.71440 0.71800 0.74261 0.74459 0.74605 0.74695 0.74340 0.74753 0.74795 0.74787 0.74784 0.74796 0.74835 0.69025 0.75008 0.75472 0.75490 0.75525 0.75558 0.75599 0.75628 0.75654 0.75679 0.75701 0.75721 0.75739 0.69140 0.75767 0.75778 0.75785 0.75505 0.75508
0.69757 0.69781 0.72230 0.72230 0.72230 0.72230 0.72230 0.72230 0.72230 0.72230 0.72228 0.71691 0.72767 0.71235 0.71202 0.83241 0.83241 0.71823 0.71189 0.71247 0.71211 0.68340 0.68324 0.70851 0.70859 0.70908 0.70908 0.70852 0.70877 0.70851 0.70851 0.70914 0.70912 0.70801 0.71264 0.71621 0.72111 0.72665 0.73210 0.73700 0.74105 0.74461 0.74452 0.74485 0.74453 0.74430 0.74426 0.74457 0.74530 0.74638 0.75129 0.75373 0.75412 0.75448 0.75493 0.75526 0.75556 0.75585 0.75612 0.75636 0.75658 0.75678 0.75696 0.75711 0.75439 0.75448 0.75454
0.69760 0.75591 0.72233 0.72233 0.72233 0.72233 0.72233 0.72233 0.72233 0.72233 0.72233 0.72231 0.71259 0.71244 0.71209 0.83245 0.83245 0.71772 0.71257 0.71046 0.71203 0.70094 0.69922 0.69985 0.70921 0.70911 0.70911 0.70911 0.70853 0.70911 0.70911 0.70853 0.70917 0.70823 0.70799 0.70758 0.70730 0.70955 0.71655 0.72845 0.74742 0.73983 0.73956 0.74185 0.74138 0.74092 0.74072 0.74092 0.74162 0.74275 0.74418 0.75252 0.75294 0.75334 0.75383 0.75420 0.75455 0.75488 0.75519 0.75548 0.75575 0.75600 0.75622 0.75642 0.75375 0.75389 0.75400
0.75233 0.75593 0.75570 0.75517 0.75271 0.75593 0.72235 0.72235 0.72235 0.72235 0.72235 0.72233 0.71179 0.71079 0.70971 0.70874 0.83248 0.83248 0.71547 0.71079 0.71215 0.70992 0.70913 0.71036 0.71063 0.70913 0.70913 0.70913 0.70913 0.70913 0.70913 0.70913 0.70919 0.70826 0.70826 0.70824 0.71804 0.69446 0.69446 0.75559 0.75416 0.73972 0.73920 0.73933 0.73858 0.73793 0.73755 0.73762 0.73826 0.73938 0.74085 0.75129 0.75174 0.75218 0.75270 0.75311 0.75349 0.75387 0.75423 0.75457 0.75488 0.75518 0.75545 0.75571 0.75308 0.75328 0.75344
0.76603 0.75596 0.76506 0.76617 0.75259 0.75596 0.76637 0.72238 0.72164 0.72238 0.72238 0.68630 0.73532 0.70860 0.70859 0.70986 0.83252 0.83252 0.71648 0.71337 0.71025 0.70995 0.70922 0.72050 0.72050 0.70915 0.70915 0.70915 0.70915 0.70915 0.70915 0.70915 0.70915 0.70819 0.70754 0.70754 0.70754 0.74963 0.77015 0.75801 0.68080 0.68708 0.73704 0.73711 0.73620 0.73529 0.73476 0.73470 0.73523 0.73637 0.69203 0.75002 0.75051 0.75098 0.75154 0.75199 0.75242 0.75284 0.69330 0.69316 0.69301 0.75434 0.75466 0.75497 0.75239 0.75264 0.75286
0.75561 0.75598 0.76620 0.76620 0.76620 0.75685 0.76350 0.76350 0.76350 0.76350 0.76350 0.76633 0.68578 0.72326 0.70862 0.71159 0.83255 0.83255 0.71795 0.71418 0.71056 0.73797 0.70918 0.72046 0.72052 0.72046 0.70918 0.70918 0.70918 0.70918 0.70918 0.70918 0.70918 0.70822 0.70822 0.70822 0.70736 0.76338 0.75186 0.58829 0.67652 0.68212 0.75172 0.74412 0.73690 0.73325 0.73258 0.73238 0.73278 0.73372 0.73507 0.74874 0.74926 0.74976 0.75036 0.75084 0.75132 0.75178 0.69372 0.69356 0.69340 0.75347 0.75384 0.75421 0.75168 0.75198 0.75226
0.75371 0.75429 0.76515 0.75305 0.76515 0.76590 0.76590 0.76590 0.76590 0.76590 0.78005 0.77012 0.75545 0.75545 0.72328 0.71261 0.83258 0.83258 0.71970 0.71534 0.71121 0.71153 0.70926 0.71982 0.72055 0.72049 0.70920 0.70920 0.70920 0.70920 0.70920 0.70920 0.70824 0.70824 0.71053 0.70414 0.68462 0.66103 0.63277 0.62287 0.67598 0.68259 0.74997 0.74112 0.73322 0.73154 0.73075 0.73042 0.73069 0.73147 0.73267 0.69097 0.69078 0.74863 0.74916 0.74968 0.74925 0.75070 0.75119 0.75167 0.75213 0.75258 0.75301 0.75343 0.75096 0.75131 0.75164
0.75374 0.76593 0.76593 0.76593 0.76593 0.76593 0.76593 0.76593 0.76593 0.76593 0.76593 0.77015 0.75106 0.75666 0.72370 0.73415 0.73157 0.83258 0.83258 0.71854 0.71431 0.71178 0.71132 0.71143 0.72057 0.72051 0.70923 0.70923 0.70923 0.70923 0.70923 0.70923 0.70826 0.67675 0.71042 0.72502 0.68554 0.66758 0.64777 0.64261 0.68019 0.71418 0.74614 0.73739 0.72985 0.73022 0.72936 0.72891 0.72902 0.72963 0.73064 0.69143 0.69124 0.74738 0.74794 0.74849 0.74905 0.74959 0.75013 0.75066 0.75118 0.75168 0.75218 0.75263 0.75021 0.75062 0.75101
