test/test_data/tcaap/monthly_variance_over_all_Dec__actual_et__2015-01-01_to_2019-12-31__180_by_260__inches.asc
NCOLS        180
NROWS        260
XLLCORNER     476375.000
YLLCORNER    4970875.000
CELLSIZE        100.000
NODATA_VALUE -9999.
[rows 175 to 199 of 260, columns 0 to 56 of 180]
0.92019E-1 0.92019E-1 0.92019E-1 0.92019E-1 0.92019E-1 0.92019E-1 0.91945E-1 0.91825E-1 0.91825E-1 0.91098E-1 0.90622E-1 0.91098E-1 0.91098E-1 0.90870E-1 0.90870E-1 0.90797E-1 0.90830E-1 0.90033E-1 0.90035E-1 0.90035E-1 0.90329E-1 0.90329E-1 0.90035E-1 0.90034E-1 0.90035E-1 0.90578E-1 0.90034E-1 0.90990E-1 0.91012E-1 0.93207E-1 0.91045E-1 0.91055E-1 0.91061E-1 0.90941E-1 0.90845E-1 0.90935E-1 0.90927E-1 0.90916E-1 0.91036E-1 0.91599E-1 0.91849E-1 0.91910E-1 0.91910E-1 0.91910E-1 0.91679E-1 0.91910E-1 0.89199E-1 0.89649E-1 0.90138E-1 0.90407E-1 0.90801E-1 0.92257E-1 0.92257E-1 0.89028E-1 0.89028E-1 0.10117 0.10117
0.94314E-1 0.94314E-1 0.94314E-1 0.94314E-1 0.94314E-1 0.94314E-1 0.94239E-1 0.94239E-1 0.94239E-1 0.91923E-1 0.90626E-1 0.91102E-1 0.90981E-1 0.91102E-1 0.91102E-1 0.91102E-1 0.90981E-1 0.90689E-1 0.90806E-1 0.90806E-1 0.90806E-1 0.90806E-1 0.90039E-1 0.90039E-1 0.90039E-1 0.90039E-1 0.90333E-1 0.90455E-1 0.90476E-1 0.90495E-1 0.90512E-1 0.90529E-1 0.90543E-1 0.90905E-1 0.90915E-1 0.90922E-1 0.90927E-1 0.90929E-1 0.91060E-1 0.91343E-1 0.91571E-1 0.91684E-1 0.91914E-1 0.91914E-1 0.91684E-1 0.91400E-1 0.90549E-1 0.90438E-1 0.90684E-1 0.90904E-1 0.91226E-1 0.92262E-1 0.92262E-1 0.92262E-1 0.89032E-1 0.89032E-1 0.88943E-1
0.93591E-1 0.93591E-1 0.93591E-1 0.93591E-1 0.93591E-1 0.93591E-1 0.93775E-1 0.93775E-1 0.91331E-1 0.89897E-1 0.90913E-1 0.91106E-1 0.91106E-1 0.90985E-1 0.90985E-1 0.90985E-1 0.90895E-1 0.90599E-1 0.90810E-1 0.90810E-1 0.90810E-1 0.90810E-1 0.90410E-1 0.90337E-1 0.90337E-1 0.90337E-1 0.90337E-1 0.90319E-1 0.90319E-1 0.90319E-1 0.90319E-1 0.90319E-1 0.90319E-1 0.90319E-1 0.90319E-1 0.90319E-1 0.90582E-1 0.90581E-1 0.90875E-1 0.91001E-1 0.93842E-1 0.91688E-1 0.91688E-1 0.91706E-1 0.91688E-1 0.91688E-1 0.91570E-1 0.91272E-1 0.91552E-1 0.91522E-1 0.91942E-1 0.92169E-1 0.92266E-1 0.92266E-1 0.92266E-1 0.92266E-1 0.88753E-1
0.93596E-1 0.93596E-1 0.93596E-1 0.93596E-1 0.93596E-1 0.93595E-1 0.93779E-1 0.91335E-1 0.91335E-1 0.91335E-1 0.90470E-1 0.90470E-1 0.90470E-1 0.90579E-1 0.90579E-1 0.90579E-1 0.90579E-1 0.90560E-1 0.90676E-1 0.90560E-1 0.90676E-1 0.90676E-1 0.90676E-1 0.90341E-1 0.90603E-1 0.90814E-1 0.90414E-1 0.90667E-1 0.90680E-1 0.90323E-1 0.90396E-1 0.90667E-1 0.90803E-1 0.90803E-1 0.90803E-1 0.90803E-1 0.90803E-1 0.90803E-1 0.90553E-1 0.90684E-1 0.91169E-1 0.91033E-1 0.91692E-1 0.91922E-1 0.91692E-1 0.91692E-1 0.91692E-1 0.91594E-1 0.91781E-1 0.91764E-1 0.91958E-1 0.91998E-1 0.92007E-1 0.92025E-1 0.92025E-1 0.92025E-1 0.92025E-1
0.93600E-1 0.93600E-1 0.93600E-1 0.93600E-1 0.93600E-1 0.93600E-1 0.91339E-1 0.91448E-1 0.91339E-1 0.91339E-1 0.90583E-1 0.90583E-1 0.90583E-1 0.90583E-1 0.90474E-1 0.90474E-1 0.90564E-1 0.90564E-1 0.90680E-1 0.90680E-1 0.90680E-1 0.90680E-1 0.90680E-1 0.90564E-1 0.90680E-1 0.90564E-1 0.90564E-1 0.90771E-1 0.90559E-1 0.90652E-1 0.90771E-1 0.90771E-1 0.90771E-1 0.90652E-1 0.90771E-1 0.90807E-1 0.90807E-1 0.90813E-1 0.91207E-1 0.90876E-1 0.91079E-1 0.89607E-1 0.89663E-1 0.91696E-1 0.91927E-1 0.91927E-1 0.91927E-1 0.91927E-1 0.92274E-1 0.92274E-1 0.92274E-1 0.92274E-1 0.92027E-1 0.92274E-1 0.92274E-1 0.92274E-1 0.92274E-1
0.93604E-1 0.93604E-1 0.91197E-1 0.91197E-1 0.91197E-1 0.91040E-1 0.91453E-1 0.91453E-1 0.91453E-1 0.90587E-1 0.90587E-1 0.90587E-1 0.90587E-1 0.90587E-1 0.90587E-1 0.90478E-1 0.90684E-1 0.90684E-1 0.90684E-1 0.90684E-1 0.90684E-1 0.90684E-1 0.90568E-1 0.90568E-1 0.90684E-1 0.90684E-1 0.90684E-1 0.90775E-1 0.90775E-1 0.90656E-1 0.90656E-1 0.90656E-1 0.90656E-1 0.90656E-1 0.90656E-1 0.90656E-1 0.90656E-1 0.90709E-1 0.90917E-1 0.90586E-1 0.89668E-1 0.89788E-1 0.91221E-1 0.91587E-1 0.91614E-1 0.91587E-1 0.91820E-1 0.91700E-1 0.92033E-1 0.92279E-1 0.92033E-1 0.92033E-1 0.92033E-1 0.92033E-1 0.92033E-1 0.92033E-1 0.92072E-1
0.93609E-1 0.91202E-1 0.91202E-1 0.91202E-1 0.91202E-1 0.91044E-1 0.91347E-1 0.91457E-1 0.91457E-1 0.90482E-1 0.91457E-1 0.91457E-1 0.91457E-1 0.91457E-1 0.91457E-1 0.90482E-1 0.90573E-1 0.90573E-1 0.90573E-1 0.90573E-1 0.90688E-1 0.90688E-1 0.90573E-1 0.90573E-1 0.90688E-1 0.90688E-1 0.90573E-1 0.90779E-1 0.90779E-1 0.90660E-1 0.90779E-1 0.90779E-1 0.90779E-1 0.90779E-1 0.90779E-1 0.90779E-1 0.90779E-1 0.90752E-1 0.90959E-1 0.90707E-1 0.89581E-1 0.90873E-1 0.91079E-1 0.91308E-1 0.91825E-1 0.91825E-1 0.91825E-1 0.91825E-1 0.91871E-1 0.91805E-1 0.91871E-1 0.91871E-1 0.91871E-1 0.91871E-1 0.91871E-1 0.91871E-1 0.91871E-1
0.91206E-1 0.91206E-1 0.91206E-1 0.91048E-1 0.91206E-1 0.91048E-1 0.91461E-1 0.91461E-1 0.91461E-1 0.90486E-1 0.90596E-1 0.90596E-1 0.90596E-1 0.91461E-1 0.90596E-1 0.90596E-1 0.90692E-1 0.90577E-1 0.90577E-1 0.90692E-1 0.90692E-1 0.90692E-1 0.90577E-1 0.89232E-1 0.90692E-1 0.90692E-1 0.90692E-1 0.90664E-1 0.90664E-1 0.90784E-1 0.90784E-1 0.90784E-1 0.90784E-1 0.90783E-1 0.90783E-1 0.90783E-1 0.90783E-1 0.90963E-1 0.90963E-1 0.90624E-1 0.90137E-1 0.90386E-1 0.90879E-1 0.91100E-1 0.91595E-1 0.91829E-1 0.91829E-1 0.91829E-1 0.91876E-1 0.91876E-1 0.91876E-1 0.91876E-1 0.91876E-1 0.91876E-1 0.91531E-1 0.91876E-1 0.91876E-1
0.91210E-1 0.91210E-1 0.91210E-1 0.91052E-1 0.91052E-1 0.91052E-1 0.91465E-1 0.91465E-1 0.91465E-1 0.90600E-1 0.90600E-1 0.90600E-1 0.90600E-1 0.90600E-1 0.90600E-1 0.90600E-1 0.90697E-1 0.90581E-1 0.90581E-1 0.90697E-1 0.90697E-1 0.90581E-1 0.90697E-1 0.89236E-1 0.90485E-1 0.90697E-1 0.90581E-1 0.90668E-1 0.90668E-1 0.90788E-1 0.90668E-1 0.90788E-1 0.90788E-1 0.90668E-1 0.90576E-1 0.90668E-1 0.90668E-1 0.90967E-1 0.90967E-1 0.90967E-1 0.90967E-1 0.90721E-1 0.90410E-1 0.91093E-1 0.90842E-1 0.91833E-1 0.91833E-1 0.91833E-1 0.91880E-1 0.91880E-1 0.91880E-1 0.91813E-1 0.91880E-1 0.91880E-1 0.91535E-1 0.91880E-1 0.91880E-1
0.91214E-1 0.91214E-1 0.91214E-1 0.91214E-1 0.91056E-1 0.91214E-1 0.91470E-1 0.91470E-1 0.91470E-1 0.91470E-1 0.90604E-1 0.90604E-1 0.90604E-1 0.90604E-1 0.90604E-1 0.90494E-1 0.90585E-1 0.90585E-1 0.90701E-1 0.90585E-1 0.90585E-1 0.90701E-1 0.90701E-1 0.89240E-1 0.90701E-1 0.90585E-1 0.90585E-1 0.90672E-1 0.90792E-1 0.90792E-1 0.90792E-1 0.90792E-1 0.90792E-1 0.90792E-1 0.90792E-1 0.90672E-1 0.90792E-1 0.90971E-1 0.90971E-1 0.90725E-1 0.90971E-1 0.90971E-1 0.90145E-1 0.90406E-1 0.90918E-1 0.91438E-1 0.91838E-1 0.91838E-1 0.91884E-1 0.91884E-1 0.91884E-1 0.91884E-1 0.91884E-1 0.91817E-1 0.91817E-1 0.91884E-1 0.91884E-1
0.91218E-1 0.91218E-1 0.91218E-1 0.91060E-1 0.91218E-1 0.91474E-1 0.91474E-1 0.91474E-1 0.91474E-1 0.90608E-1 0.90608E-1 0.90608E-1 0.90608E-1 0.90608E-1 0.90608E-1 0.90608E-1 0.90589E-1 0.90589E-1 0.90705E-1 0.90589E-1 0.90589E-1 0.90705E-1 0.90705E-1 0.90589E-1 0.90705E-1 0.90705E-1 0.90796E-1 0.90796E-1 0.90796E-1 0.90796E-1 0.90796E-1 0.90796E-1 0.90796E-1 0.90796E-1 0.90796E-1 0.90796E-1 0.90796E-1 0.90769E-1 0.90975E-1 0.90975E-1 0.90975E-1 0.90975E-1 0.90637E-1 0.90546E-1 0.90770E-1 0.91016E-1 0.91185E-1 0.91279E-1 0.91543E-1 0.91543E-1 0.91888E-1 0.91821E-1 0.91821E-1 0.91888E-1 0.91888E-1 0.91888E-1 0.91888E-1
0.91223E-1 0.91223E-1 0.91064E-1 0.91064E-1 0.91223E-1 0.91478E-1 0.91478E-1 0.91478E-1 0.91267E-1 0.90502E-1 0.90612E-1 0.90612E-1 0.90612E-1 0.90612E-1 0.90612E-1 0.90612E-1 0.90709E-1 0.90709E-1 0.90709E-1 0.90593E-1 0.90593E-1 0.90593E-1 0.90709E-1 0.90593E-1 0.90709E-1 0.90709E-1 0.90680E-1 0.90680E-1 0.90680E-1 0.90680E-1 0.90680E-1 0.90800E-1 0.90800E-1 0.90800E-1 0.90800E-1 0.90589E-1 0.90800E-1 0.90980E-1 0.90980E-1 0.90980E-1 0.90733E-1 0.90888E-1 0.90897E-1 0.90495E-1 0.90798E-1 0.90935E-1 0.91060E-1 0.91192E-1 0.91271E-1 0.90460E-1 0.91548E-1 0.91548E-1 0.91548E-1 0.91826E-1 0.91893E-1 0.91893E-1 0.91893E-1
0.91478E-1 0.91478E-1 0.91478E-1 0.91420E-1 0.91478E-1 0.91482E-1 0.91482E-1 0.91482E-1 0.90616E-1 0.90616E-1 0.90616E-1 0.90616E-1 0.90616E-1 0.90506E-1 0.90616E-1 0.90616E-1 0.90597E-1 0.90597E-1 0.90713E-1 0.90597E-1 0.90597E-1 0.90713E-1 0.90713E-1 0.89251E-1 0.90597E-1 0.90597E-1 0.90685E-1 0.90685E-1 0.90685E-1 0.90684E-1 0.90684E-1 0.90804E-1 0.90804E-1 0.90804E-1 0.90804E-1 0.90804E-1 0.90804E-1 0.90738E-1 0.90984E-1 0.90984E-1 0.90984E-1 0.90984E-1 0.90984E-1 0.90686E-1 0.90750E-1 0.90916E-1 0.90908E-1 0.91092E-1 0.91241E-1 0.90473E-1 0.90464E-1 0.91552E-1 0.91552E-1 0.91897E-1 0.91897E-1 0.91897E-1 0.91897E-1
0.91483E-1 0.91424E-1 0.91424E-1 0.91482E-1 0.91482E-1 0.91514E-1 0.91514E-1 0.91514E-1 0.90540E-1 0.90430E-1 0.90647E-1 0.90647E-1 0.90540E-1 0.90647E-1 0.90647E-1 0.90539E-1 0.90586E-1 0.90601E-1 0.90717E-1 0.90601E-1 0.90601E-1 0.90717E-1 0.90601E-1 0.90601E-1 0.90717E-1 0.90717E-1 0.90689E-1 0.90809E-1 0.90809E-1 0.90689E-1 0.90689E-1 0.90689E-1 0.90809E-1 0.90809E-1 0.90809E-1 0.90597E-1 0.90808E-1 0.90988E-1 0.90988E-1 0.90988E-1 0.90988E-1 0.90988E-1 0.90988E-1 0.90742E-1 0.90429E-1 0.90575E-1 0.91421E-1 0.90557E-1 0.90487E-1 0.90615E-1 0.91908E-1 0.92401E-1 0.95548E-1 0.89353E-1 0.91901E-1 0.91901E-1 0.91633E-1
0.91487E-1 0.91428E-1 0.91487E-1 0.91487E-1 0.91487E-1 0.91518E-1 0.91518E-1 0.91518E-1 0.90651E-1 0.90651E-1 0.90651E-1 0.90651E-1 0.90544E-1 0.90651E-1 0.90651E-1 0.90651E-1 0.90590E-1 0.90590E-1 0.90709E-1 0.90709E-1 0.90709E-1 0.90577E-1 0.89938E-1 0.90590E-1 0.90709E-1 0.90709E-1 0.90497E-1 0.90616E-1 0.90616E-1 0.90693E-1 0.90693E-1 0.90813E-1 0.90813E-1 0.90813E-1 0.90813E-1 0.90813E-1 0.90813E-1 0.90746E-1 0.90786E-1 0.90992E-1 0.90992E-1 0.90992E-1 0.90992E-1 0.90433E-1 0.90446E-1 0.90433E-1 0.91276E-1 0.91486E-1 0.90648E-1 0.92173E-1 0.92856E-1 0.93425E-1 0.92854E-1 0.93032E-1 0.91905E-1 0.91905E-1 0.91637E-1
0.91491E-1 0.91491E-1 0.91491E-1 0.91491E-1 0.91491E-1 0.91523E-1 0.91523E-1 0.91523E-1 0.90548E-1 0.90548E-1 0.90655E-1 0.90655E-1 0.90655E-1 0.90655E-1 0.90655E-1 0.90655E-1 0.90594E-1 0.90713E-1 0.90501E-1 0.90713E-1 0.90487E-1 0.89943E-1 0.89942E-1 0.90594E-1 0.90501E-1 0.90713E-1 0.90620E-1 0.90620E-1 0.90418E-1 0.90501E-1 0.90501E-1 0.90501E-1 0.90501E-1 0.90620E-1 0.90620E-1 0.90620E-1 0.90620E-1 0.90921E-1 0.90967E-1 0.90967E-1 0.90996E-1 0.90996E-1 0.90437E-1 0.90442E-1 0.90475E-1 0.91358E-1 0.91860E-1 0.91661E-1 0.92228E-1 0.92539E-1 0.92692E-1 0.92799E-1 0.92980E-1 0.93010E-1 0.95649E-1 0.95649E-1 0.91293E-1
0.91495E-1 0.91436E-1 0.91495E-1 0.91495E-1 0.91495E-1 0.91527E-1 0.91527E-1 0.91527E-1 0.90659E-1 0.90659E-1 0.90659E-1 0.90659E-1 0.90659E-1 0.90659E-1 0.90659E-1 0.90717E-1 0.90598E-1 0.90598E-1 0.90717E-1 0.90315E-1 0.90717E-1 0.89947E-1 0.89947E-1 0.90598E-1 0.90717E-1 0.90717E-1 0.90624E-1 0.90505E-1 0.90624E-1 0.90505E-1 0.90505E-1 0.90624E-1 0.90624E-1 0.90624E-1 0.90624E-1 0.90624E-1 0.90925E-1 0.90925E-1 0.90972E-1 0.90972E-1 0.90972E-1 0.90972E-1 0.90333E-1 0.90332E-1 0.90340E-1 0.91345E-1 0.92108E-1 0.92477E-1 0.92667E-1 0.92809E-1 0.92905E-1 0.93060E-1 0.93040E-1 0.93031E-1 0.92945E-1 0.94038E-1 0.93316E-1
0.91499E-1 0.91499E-1 0.91499E-1 0.91499E-1 0.91499E-1 0.91531E-1 0.91531E-1 0.91531E-1 0.90556E-1 0.90556E-1 0.90663E-1 0.90663E-1 0.90663E-1 0.90663E-1 0.90663E-1 0.90510E-1 0.90602E-1 0.90602E-1 0.90721E-1 0.90721E-1 0.90247E-1 0.89951E-1 0.89951E-1 0.90602E-1 0.90721E-1 0.90721E-1 0.90628E-1 0.90628E-1 0.90509E-1 0.90509E-1 0.90509E-1 0.90628E-1 0.90426E-1 0.90628E-1 0.90628E-1 0.90628E-1 0.90976E-1 0.90929E-1 0.90976E-1 0.90976E-1 0.90976E-1 0.90929E-1 0.90622E-1 0.89949E-1 0.89964E-1 0.91400E-1 0.91879E-1 0.93178E-1 0.93773E-1 0.95122E-1 0.93065E-1 0.95896E-1 0.95807E-1 0.95896E-1 0.95896E-1 0.95896E-1 0.95896E-1
0.91445E-1 0.91504E-1 0.91504E-1 0.91504E-1 0.91504E-1 0.91535E-1 0.91535E-1 0.91535E-1 0.90668E-1 0.90667E-1 0.92885E-1 0.90560E-1 0.90667E-1 0.90667E-1 0.90667E-1 0.90726E-1 0.90606E-1 0.90514E-1 0.90606E-1 0.90514E-1 0.90251E-1 0.90251E-1 0.90251E-1 0.90606E-1 0.90606E-1 0.90606E-1 0.90513E-1 0.90632E-1 0.90513E-1 0.89864E-1 0.89864E-1 0.90231E-1 0.90632E-1 0.90513E-1 0.90513E-1 0.90632E-1 0.90980E-1 0.90980E-1 0.90980E-1 0.90980E-1 0.90980E-1 0.90626E-1 0.90626E-1 0.90626E-1 0.89681E-1 0.91222E-1 0.91960E-1 0.92580E-1 0.92770E-1 0.93037E-1 0.93086E-1 0.93086E-1 0.95901E-1 0.95812E-1 0.95901E-1 0.95901E-1 0.95901E-1
0.91508E-1 0.91449E-1 0.91449E-1 0.91449E-1 0.91449E-1 0.91540E-1 0.91540E-1 0.91432E-1 0.90672E-1 0.90564E-1 0.90564E-1 0.90455E-1 0.90564E-1 0.90564E-1 0.90672E-1 0.90730E-1 0.90610E-1 0.90610E-1 0.90610E-1 0.90610E-1 0.90518E-1 0.90730E-1 0.90610E-1 0.90610E-1 0.90610E-1 0.90610E-1 0.90637E-1 0.90637E-1 0.90518E-1 0.89868E-1 0.90411E-1 0.90411E-1 0.90034E-1 0.90435E-1 0.90636E-1 0.90636E-1 0.90984E-1 0.90937E-1 0.90984E-1 0.90984E-1 0.90984E-1 0.90630E-1 0.88238E-1 0.88238E-1 0.90630E-1 0.90129E-1 0.90862E-1 0.92595E-1 0.92787E-1 0.93032E-1 0.93080E-1 0.93090E-1 0.95816E-1 0.95905E-1 0.93090E-1 0.95905E-1 0.95905E-1
0.91453E-1 0.91453E-1 0.91453E-1 0.91512E-1 0.91453E-1 0.91544E-1 0.91544E-1 0.91544E-1 0.90568E-1 0.90568E-1 0.90568E-1 0.90676E-1 0.90568E-1 0.90568E-1 0.90676E-1 0.90332E-1 0.90259E-1 0.90615E-1 0.90615E-1 0.90615E-1 0.90734E-1 0.90734E-1 0.90614E-1 0.90614E-1 0.90522E-1 0.90734E-1 0.90641E-1 0.90641E-1 0.90641E-1 0.90415E-1 0.90415E-1 0.90415E-1 0.90641E-1 0.90522E-1 0.90641E-1 0.90641E-1 0.90634E-1 0.90735E-1 0.90988E-1 0.90988E-1 0.90988E-1 0.90634E-1 0.88241E-1 0.88241E-1 0.88241E-1 0.90634E-1 0.90634E-1 0.92583E-1 0.92780E-1 0.93019E-1 0.93081E-1 0.93093E-1 0.93094E-1 0.93094E-1 0.93094E-1 0.95821E-1 0.95910E-1
0.91457E-1 0.91457E-1 0.91304E-1 0.91457E-1 0.91457E-1 0.91440E-1 0.91440E-1 0.91440E-1 0.91548E-1 0.90572E-1 0.90572E-1 0.90680E-1 0.90680E-1 0.90572E-1 0.90680E-1 0.89257E-1 0.90738E-1 0.90263E-1 0.90619E-1 0.90619E-1 0.90619E-1 0.90619E-1 0.90738E-1 0.90619E-1 0.90619E-1 0.90619E-1 0.90526E-1 0.90526E-1 0.90526E-1 0.90526E-1 0.90526E-1 0.90526E-1 0.90526E-1 0.90526E-1 0.90526E-1 0.90526E-1 0.90638E-1 0.90638E-1 0.90945E-1 0.90945E-1 0.90638E-1 0.90945E-1 0.88245E-1 0.88428E-1 0.90638E-1 0.90638E-1 0.90638E-1 0.90972E-1 0.92755E-1 0.92989E-1 0.93074E-1 0.93098E-1 0.93097E-1 0.93098E-1 0.95825E-1 0.93098E-1 0.95618E-1
0.91461E-1 0.91461E-1 0.91521E-1 0.91521E-1 0.91552E-1 0.91552E-1 0.91552E-1 0.91444E-1 0.91444E-1 0.90576E-1 0.90684E-1 0.90684E-1 0.90684E-1 0.90684E-1 0.90684E-1 0.90340E-1 0.89971E-1 0.90267E-1 0.90623E-1 0.90623E-1 0.90742E-1 0.90742E-1 0.90742E-1 0.90623E-1 0.90742E-1 0.90649E-1 0.90649E-1 0.90649E-1 0.90649E-1 0.90649E-1 0.90649E-1 0.90649E-1 0.90649E-1 0.90649E-1 0.90530E-1 0.90649E-1 0.90949E-1 0.90997E-1 0.90997E-1 0.90997E-1 0.90997E-1 0.90997E-1 0.90997E-1 0.90642E-1 0.90642E-1 0.90642E-1 0.91079E-1 0.90976E-1 0.89244E-1 0.94281E-1 0.93049E-1 0.93103E-1 0.93103E-1 0.93102E-1 0.95919E-1 0.95919E-1 0.95919E-1
0.91162E-1 0.91222E-1 0.91222E-1 0.91222E-1 0.91804E-1 0.91804E-1 0.91804E-1 0.91804E-1 0.91804E-1 0.90843E-1 0.90954E-1 0.90580E-1 0.90688E-1 0.90688E-1 0.90688E-1 0.90344E-1 0.89975E-1 0.90271E-1 0.90746E-1 0.90627E-1 0.90746E-1 0.90746E-1 0.90746E-1 0.90746E-1 0.90746E-1 0.90653E-1 0.90534E-1 0.90653E-1 0.90653E-1 0.90534E-1 0.90653E-1 0.90653E-1 0.90653E-1 0.90653E-1 0.90653E-1 0.90534E-1 0.91001E-1 0.91001E-1 0.91001E-1 0.91001E-1 0.91001E-1 0.91001E-1 0.91001E-1 0.90646E-1 0.90646E-1 0.90953E-1 0.91288E-1 0.91350E-1 0.91083E-1 0.93107E-1 0.93006E-1 0.93078E-1 0.95924E-1 0.95924E-1 0.95924E-1 0.95924E-1 0.93107E-1
0.91226E-1 0.91226E-1 0.91226E-1 0.91226E-1 0.91808E-1 0.91808E-1 0.91808E-1 0.91808E-1 0.90958E-1 0.90958E-1 0.90958E-1 0.90958E-1 0.90958E-1 0.90958E-1 0.90958E-1 0.90849E-1 0.90300E-1 0.91076E-1 0.90956E-1 0.90956E-1 0.91076E-1 0.91076E-1 0.90750E-1 0.90750E-1 0.90750E-1 0.90657E-1 0.90657E-1 0.90657E-1 0.90657E-1 0.90538E-1 0.90657E-1 0.90657E-1 0.90657E-1 0.90538E-1 0.90657E-1 0.90657E-1 0.91005E-1 0.90958E-1 0.91005E-1 0.91005E-1 0.91005E-1 0.90957E-1 0.91005E-1 0.90650E-1 0.90650E-1 0.91005E-1 0.91355E-1 0.91355E-1 0.91087E-1 0.90176E-1 0.92967E-1 0.93071E-1 0.95839E-1 0.93111E-1 0.95928E-1 0.95928E-1 0.93111E-1
