test/test_data/tcaap/monthly_mean_over_all_Jul__actual_et__2015-01-01_to_2019-12-31__180_by_260__inches.asc
NCOLS        180
NROWS        260
XLLCORNER     476375.000
YLLCORNER    4970875.000
CELLSIZE        100.000
NODATA_VALUE -9999.
[rows 160 to 191 of 260, columns 0 to 70 of 180]
3.7415 2.9636 2.9636 2.9636 3.2251 2.9369 3.6713 3.6313 3.8636 3.5695 3.6076 3.6841 3.6625 3.6435 3.6281 3.6166 3.6073 3.2044 3.1548 3.1558 3.1587 3.1612 3.1629 3.1637 3.1645 3.1651 3.7713 3.5570 3.5746 3.4903 3.5845 2.7836 2.8049 2.8044 6.1112 6.1112 6.1112 6.1112 6.1112 3.0913 3.4388 3.5076 3.5076 3.4113 3.7661 3.5287 3.4703 3.4641 3.7161 3.7161 3.9370 3.7676 3.5173 3.5173 3.5262 3.1318 3.1324 3.1330 3.1335 3.0756 3.1612 3.1616 3.1619 3.1621 3.6088 3.6088 2.8961 2.8961 3.1621 3.1615 3.5995
4.1577 4.1577 2.9636 2.9636 2.9449 2.9409 2.9382 3.6994 3.6733 3.6432 3.6204 3.6851 3.6623 3.6423 3.6264 3.6145 3.2043 3.2044 3.1545 3.1564 3.1600 3.1623 3.1633 3.1641 3.1649 3.1654 3.1658 3.1662 3.6841 3.0768 3.0769 3.6089 3.6931 2.7975 2.7905 6.1112 6.1112 6.1112 6.1112 6.1120 6.1120 6.1120 3.4230 3.4362 3.0911 2.7981 3.4113 3.0939 3.4750 3.4740 3.1296 3.7181 3.5222 3.5225 3.5242 3.1314 3.1320 3.1325 3.1330 3.1337 3.2191 3.2195 3.2199 3.2202 3.2204 2.9336 2.9336 2.9336 3.2209 3.2196 3.9308
2.9636 2.9636 2.9623 2.9602 2.9473 2.9433 2.9399 3.7153 3.6946 3.6675 3.9447 3.8786 3.2042 3.2041 3.2041 3.2043 3.2044 3.2046 3.8090 3.1674 3.1669 3.1628 3.1636 3.7566 3.1652 3.1657 3.1662 3.1666 3.0769 3.0771 2.7791 2.7840 3.6118 2.7838 3.0773 3.5208 3.8282 6.1112 6.1112 6.1120 6.1120 6.1120 6.1120 6.1120 6.1120 6.1120 3.0975 3.4846 3.4733 3.5294 3.1304 3.7216 3.5233 3.5224 3.5230 3.5320 3.5344 3.1320 3.1325 3.1328 3.2183 3.2184 3.2184 2.9327 2.9330 2.9331 2.9336 3.2209 3.2208 3.8085 3.9679
3.8157 2.9623 2.9572 2.9543 2.9508 2.9471 2.9430 3.7264 3.7128 3.6914 3.2042 3.2047 3.2042 3.2041 3.2042 3.2043 3.2044 3.2046 3.1680 3.1674 3.1668 3.1664 3.1660 3.1657 3.1654 2.8522 2.8529 2.8536 2.7792 2.7795 2.7794 3.6055 3.5741 3.5928 3.0734 3.0481 3.0754 3.0745 3.0429 3.0435 3.0329 3.5247 3.0329 3.0329 6.1120 6.1120 6.1120 3.8565 3.4744 3.5319 3.1311 3.5303 3.5269 3.5229 3.5225 3.5303 3.5326 3.1316 3.1320 3.1323 3.2180 3.2180 2.9313 2.9323 2.9326 2.9328 2.9329 3.2198 3.2192 3.2181 3.2230
2.9608 2.9623 2.9619 2.9542 2.9519 2.9493 2.9464 2.9153 2.9101 3.2080 3.2060 3.2048 3.2042 3.2041 3.2042 3.2043 3.2044 3.2046 3.1680 3.1674 3.1668 3.1664 3.1660 3.7749 3.1654 2.8525 2.8533 2.8539 2.7795 2.7797 2.7796 3.5984 2.7816 2.7800 3.6547 3.6590 3.0745 3.0712 3.0252 3.0359 3.0334 3.0341 3.5801 3.3520 3.6923 3.7225 6.1120 6.1120 3.5076 3.5571 3.5345 3.5324 3.5285 3.5238 3.5223 3.5287 3.5308 3.5326 3.5341 3.5352 3.6376 3.6378 3.6376 3.6714 2.9321 2.9323 2.9324 3.2191 3.2185 3.2174 3.2219
2.9675 2.9692 2.9702 2.9548 2.9525 2.9499 2.9470 2.9160 2.9107 3.2083 3.2061 3.2049 3.2042 3.2041 3.2042 3.2043 3.2044 3.2046 3.1679 3.1673 3.1668 3.1664 3.1660 3.1657 3.1654 2.8528 2.8535 2.8541 3.5731 2.7798 2.7797 2.7793 2.7787 3.0765 3.0761 3.0746 3.6152 3.0607 3.5226 3.0332 3.0329 3.0330 3.3528 3.3537 3.6570 3.6570 3.6253 6.1120 3.8565 3.5596 3.5344 3.5160 3.5188 3.5247 3.5224 3.5272 3.5291 3.5307 3.5319 3.5328 3.6353 3.6353 3.6350 3.6663 2.9316 2.9318 3.6448 3.2183 3.2177 3.2166 3.6542
3.0303 3.0349 3.8645 3.0070 3.0043 2.9501 2.9472 2.9164 2.9110 3.2084 3.2062 3.2049 3.2043 3.8172 3.7907 3.7726 3.2044 3.6820 3.6113 3.6036 3.5965 3.1664 3.1660 3.1657 2.8514 3.6571 2.8536 2.8542 2.7797 2.7798 3.5448 2.7792 2.7786 3.0764 3.0760 3.0734 3.5999 3.0531 3.0465 3.3914 3.3902 3.7121 3.3950 3.4006 3.3593 3.6570 3.7647 6.1120 6.1120 3.5530 3.5311 3.5154 3.5180 3.5214 3.5238 3.5213 3.5210 3.5214 3.5223 3.5238 3.6278 3.6306 3.6341 3.6314 3.6307 3.6303 3.6305 3.6371 3.6308 3.6200 3.6480
4.3414 4.6745 3.0555 3.0068 3.0041 3.0009 2.9973 2.9917 2.9881 3.2894 3.2890 3.9353 3.9068 3.8750 3.2923 3.8323 3.2926 3.6190 3.6108 3.6032 3.5962 3.5902 3.5847 3.5799 3.5759 2.8528 3.6637 2.8540 2.7795 2.7796 2.7794 2.7790 2.7784 3.0763 3.0759 3.0663 3.0577 3.5831 3.0500 3.4019 3.4038 3.7288 3.4059 3.4063 3.3669 3.5687 3.6124 6.1120 6.1120 3.5363 3.5239 3.5149 3.5174 3.5205 3.5227 3.5213 3.5206 3.5204 3.5208 3.5218 3.6253 3.6280 3.6315 3.6289 3.6280 3.6276 3.6278 3.6323 3.9042 3.6130 3.6424
4.3516 3.0586 3.0694 3.0762 3.0748 3.0621 3.0388 3.0107 2.9924 2.9830 2.9809 3.2913 3.2719 3.2629 3.2603 3.2929 3.2931 3.6205 3.6126 3.6050 3.5981 3.5923 3.5868 3.5820 3.5780 2.8824 3.6620 3.6668 2.8523 2.7792 2.7790 2.7786 2.7781 3.0762 3.0758 3.0604 3.0571 3.0568 3.0717 3.4202 3.4244 3.7531 3.4223 3.0725 3.0702 3.5967 3.6044 6.1120 3.0857 3.1254 3.5142 3.5147 3.5170 3.5197 3.5217 3.8605 3.8593 3.5203 3.8544 3.9378 3.9403 3.6274 3.9495 3.9434 3.9423 3.9417 3.9060 3.9104 3.8977 3.8807 3.6378
3.0492 3.0625 3.0745 3.0815 3.0794 3.0650 3.0397 3.0099 2.9911 2.9823 2.9817 2.9817 3.2410 3.2410 3.7562 3.8381 3.9482 3.9676 3.6119 3.6045 3.5977 3.5919 3.5865 3.5818 3.5778 2.8821 3.6247 2.8829 2.8515 2.8516 2.8513 2.8508 2.8500 3.1583 3.1574 3.1565 3.1556 3.1548 3.1209 3.8680 3.8753 3.6945 3.6868 3.0791 3.0736 3.5966 3.0705 6.1120 3.6157 3.1179 3.1021 3.1263 3.1275 3.5191 3.5209 3.5218 3.5238 3.5171 3.9370 3.6186 3.9412 3.6283 3.6325 3.6254 3.6246 3.6243 3.6247 3.9077 3.8928 3.8747 3.6559
3.0437 3.0562 3.0665 3.9203 3.9180 3.9095 3.0309 4.2591 2.9886 2.9818 2.9815 2.9817 3.5634 3.5634 3.8758 3.9608 3.9513 3.8721 3.5457 3.5486 3.5531 3.5915 3.5862 3.5816 3.5777 2.8817 3.6524 2.8825 3.5791 2.8506 2.8504 2.8500 3.6019 3.1579 3.1572 3.1564 3.1556 3.1549 3.7285 3.7223 3.7297 3.7290 3.7183 3.1101 3.0889 3.5361 3.5870 6.0950 6.0950 2.8766 3.5082 3.5082 3.1744 3.1282 3.1286 3.5215 3.5263 3.5171 3.9371 3.9828 3.9429 3.9477 3.6343 3.9598 3.6399 3.6390 3.6344 3.6252 3.8886 3.5993 3.6425
3.0688 3.1218 4.4351 3.1307 3.9049 3.8979 3.8906 4.2304 4.1604 2.9815 2.9812 3.5957 3.6672 3.7119 3.7793 3.9639 3.6688 3.5479 3.8746 3.5497 3.5533 3.5584 3.5640 3.5694 3.9095 3.9155 3.9205 3.9244 3.8305 3.5417 3.5409 3.5388 3.5357 3.7738 3.7679 3.7617 3.7555 3.7498 3.9027 3.7404 3.7475 3.7461 3.4958 3.1167 3.0983 2.8106 3.4300 6.0950 6.0950 6.1025 3.8069 3.8201 3.8676 3.1771 3.1748 3.1750 3.5723 3.5607 3.8001 3.9619 3.7846 3.9171 3.6272 4.0272 3.9602 3.6579 3.9896 3.6481 3.6095 3.9005 3.7735
4.2984 4.4566 4.4566 4.2984 3.2848 3.2676 3.7892 4.1906 4.1832 3.7266 6.1133 4.3866 4.3747 3.7590 3.7939 3.2844 3.8113 3.7264 3.1893 3.5506 3.5532 3.5548 3.5622 3.5666 3.5708 3.9095 3.5778 3.5803 3.5345 3.5353 3.8563 3.8546 3.5315 3.9369 3.9331 3.7611 3.7565 3.7523 3.8731 3.9227 3.9551 3.9531 3.8571 3.5096 2.8185 2.8135 2.8096 3.4300 6.0950 6.1025 6.1025 3.6736 3.8424 3.7882 3.7414 3.7433 3.8001 3.9608 3.9608 4.0065 3.6621 3.9087 4.0089 4.0284 4.0387 4.0387 4.0387 3.9457 3.5903 3.9399 3.9156
3.9165 4.2984 3.7595 3.7595 3.7172 4.1405 3.7775 3.9463 3.7119 3.6982 3.8708 6.1133 6.1133 3.8086 3.8080 3.8129 3.8206 3.1890 3.1925 3.5532 3.5548 3.5557 3.5558 3.1952 3.7436 3.7437 3.7106 3.8458 3.5283 3.5292 3.5292 3.5287 3.5275 3.9334 3.7634 3.7605 3.7575 3.7546 3.7387 3.9302 3.9550 3.7884 3.9553 2.8269 2.8220 2.8178 2.8136 2.8101 3.7150 6.1025 6.1025 6.1025 6.1025 6.1025 6.1025 4.0131 3.9841 3.9841 3.9608 4.0065 3.6037 3.9318 3.9336 3.9490 4.0387 4.0705 4.0705 3.2096 3.7621 3.4957 3.5507
3.9165 3.9165 3.7595 3.9165 4.1406 4.1406 4.1289 3.9463 3.9463 3.7119 3.2926 3.8421 3.8340 3.9313 3.8202 3.2927 3.8279 3.1922 3.1947 3.5566 3.5566 3.5562 3.5562 3.1953 3.7436 3.7436 3.7436 3.8391 3.8408 3.5237 3.8426 3.8427 3.8422 3.9302 3.9290 3.7598 3.7582 3.7564 3.7415 3.9340 3.9539 3.9553 3.9833 3.9833 3.7820 2.8222 2.8175 2.8137 3.4937 3.5107 3.6038 4.0737 6.1025 6.1025 6.1025 6.1025 6.1025 4.0493 3.9841 3.8391 3.6126 3.2104 3.2115 3.9738 4.0387 4.0705 4.0502 3.7974 3.7974 3.8447 3.7570
4.1406 4.1406 4.1406 4.1406 4.1406 4.1406 4.0995 3.9463 3.9463 3.9615 3.6743 4.0472 4.0472 3.8421 3.8421 3.8375 3.8396 3.1953 3.1953 3.1953 3.5566 3.5566 3.1953 3.1953 3.1953 3.7436 3.1953 3.9073 3.8352 4.1748 3.8373 3.8379 3.8383 3.7592 3.8937 3.7588 3.7583 3.7576 3.7435 3.9347 3.9512 3.9553 3.9833 3.9833 3.7884 3.9403 2.8210 3.1071 3.5282 3.5413 3.5601 4.0255 4.0737 3.8110 3.8009 6.1025 6.1025 6.1025 6.1025 2.9251 3.2099 3.2102 3.6225 3.6274 4.0387 4.0705 3.7974 3.7974 3.7974 3.8447 3.8447
4.3155 4.3155 4.3155 4.3155 4.3155 4.3155 4.3021 4.2770 4.2770 3.7290 3.6743 4.0472 3.8900 4.0472 4.0472 4.0472 3.8900 3.8031 3.9739 3.9739 4.0030 3.9739 3.1953 3.1953 3.1953 3.1953 3.5566 3.5139 3.5149 3.5159 3.5167 3.5175 3.5182 3.7565 3.7572 3.7577 3.7580 3.7582 3.7448 3.7641 3.7802 3.7884 3.9553 3.9553 3.7884 3.5353 3.1262 3.1253 3.1753 3.5645 3.5793 4.0131 4.0255 4.0737 3.8110 3.8110 3.7293 6.1025 3.1743 3.2144 3.9132 3.9069 3.9868 3.9758 3.8392 4.0705 4.0705 3.7974 3.7974 3.8447 3.8447
4.3518 4.3518 4.3518 4.3518 4.3518 4.3518 4.3173 4.2915 3.9544 3.0001 3.7154 3.9615 3.9615 3.8900 3.8900 3.8900 4.0055 3.9387 3.9739 3.9739 3.9739 3.9739 3.6164 3.5566 3.5566 3.5566 3.5566 3.5072 3.5072 3.5072 3.5072 3.5072 3.5072 3.5072 3.5072 3.5072 3.7886 3.5199 3.5088 3.5148 4.2070 3.7884 3.7884 3.9225 3.7884 3.7884 3.9322 3.7589 3.8269 3.8249 3.9228 4.0423 4.0255 4.0737 4.0493 4.0493 3.6651 2.8649 6.1026 6.0947 3.7078 3.8327 3.9868 4.0065 4.0065 3.8392 4.0705 4.0705 3.7974 4.1021 4.1197
4.3518 4.3518 4.3518 4.3518 4.3240 4.3240 4.2915 3.9544 3.9544 3.9544 3.8977 3.8977 3.8977 4.0523 4.0799 4.0523 4.0523 3.8436 4.0180 3.8436 4.0180 4.0180 4.0442 3.5566 3.8511 3.9739 3.6164 3.7345 3.7408 3.5072 3.5652 3.7345 3.9388 3.9388 3.9100 3.9388 3.9388 3.9388 3.1262 3.1273 3.5230 3.1306 3.7884 3.9554 3.7884 3.7884 3.7884 3.7813 3.8415 3.8406 3.8507 3.8528 3.8533 3.8542 3.8542 3.8542 3.8542 3.8110 6.1026 6.0947 6.0947 3.7078 3.7792 3.8775 3.8392 3.8392 3.8392 4.0705 4.0705 4.1197 4.1197
4.3518 4.3518 4.3518 4.3240 4.3518 4.3240 3.9544 4.1115 3.9544 3.9544 4.0523 4.0799 4.0799 4.0523 3.8977 3.8977 3.8436 3.8436 4.0180 4.0180 4.0180 4.0180 4.0180 3.8436 4.0180 3.8436 3.8436 3.9197 3.8840 3.7343 3.9441 3.9441 3.9441 3.7343 3.9441 3.9388 3.9100 3.7278 3.8244 3.5084 3.5183 2.8261 2.8269 3.7884 3.9554 3.9554 3.9554 3.9554 4.0255 4.0255 4.0255 4.0255 3.8541 4.0255 4.0493 4.0255 4.0493 4.0493 3.7849 6.0948 6.0948 6.0948 4.4888 3.9141 4.0065 4.0065 3.8392 4.0705 4.0705 4.1197 4.1197
4.3518 4.3518 4.1759 4.1759 4.1472 3.9867 4.1115 4.1115 4.1115 4.0523 4.0799 4.0799 4.0523 4.0523 4.0799 3.8977 4.0180 4.0180 4.0180 4.0442 4.0180 4.0180 3.8436 3.8436 4.0442 4.0180 4.0180 3.9197 3.9197 3.7343 3.7343 3.7343 3.7343 3.7343 3.7343 3.7343 3.7343 3.8083 3.8890 3.6038 2.9326 2.9343 3.6357 3.8675 3.9899 3.8675 4.0253 3.7884 3.8542 4.0255 3.8542 3.8542 3.8542 3.8542 3.8542 3.8542 3.9931 3.8542 4.0502 3.7047 6.0948 6.0948 6.0948 4.6209 3.9141 3.9141 4.0065 3.8392 4.0065 4.1021 4.1197
4.3518 4.1759 4.1759 4.1759 4.1759 3.9867 3.9544 4.1401 4.1401 3.8977 4.1115 4.1115 4.1401 4.1115 4.1115 3.8977 3.8436 3.8436 3.8436 3.8436 4.0180 4.0180 3.8436 3.8436 4.0442 4.0442 3.8436 3.9197 3.9700 3.7343 3.9441 3.9441 3.9441 3.9441 3.9441 3.9441 3.9197 3.9364 3.9708 3.7624 2.9314 3.6188 3.6286 3.6399 4.0253 4.0253 4.0522 4.0522 4.0630 4.0391 4.0630 4.0630 4.0630 4.0630 4.0630 4.0630 4.0630 4.0630 4.0705 4.0705 4.4411 6.0948 6.0948 6.0948 4.0341 3.9141 3.9141 4.0065 3.8392 4.0559 4.1197
4.1759 4.1759 4.1759 3.9868 4.1472 3.9868 4.1115 4.1401 4.1115 3.8977 4.0799 4.0523 4.0799 4.1115 4.0799 4.0523 4.0180 3.8436 3.8436 4.0180 4.0732 4.0180 3.8436 2.8741 3.9262 4.0442 4.0180 3.7343 3.7343 3.9441 3.9441 3.9441 3.9441 3.9441 3.9197 3.9197 3.9197 3.9969 3.9969 3.7567 3.2334 3.2405 3.6189 3.6294 3.8675 4.0522 4.0522 4.0522 4.0630 4.0630 4.0630 4.0630 4.0630 4.0630 3.8741 4.0630 4.0630 4.0630 4.0372 4.0557 4.0767 4.4455 6.0937 6.0937 6.0937 4.0210 3.9163 3.9920 3.9920 3.6637 3.2509
4.1759 4.1472 4.1759 3.9868 3.9868 3.9868 4.1115 4.1401 4.1115 4.0523 4.0799 4.0799 4.0799 4.0799 4.0523 4.0799 4.0180 3.8436 3.8436 4.0442 4.0732 3.8436 4.0442 2.8741 3.9771 4.0442 3.8436 3.7343 3.7343 3.9441 3.7343 3.9441 3.9441 3.7343 3.8840 3.7343 3.7343 3.9969 3.9969 3.9708 3.9708 3.8083 3.2406 3.7879 3.2441 4.0522 4.0522 4.0522 4.0630 4.0630 4.0630 4.0391 4.0630 4.0630 3.8741 4.0630 4.0630 4.0630 4.0557 4.0557 4.0557 4.0557 6.0937 6.0937 6.0937 6.0937 4.6877 3.9163 3.9163 3.9600 3.2714
4.1759 4.1759 4.1472 4.1472 3.9868 4.1759 4.1401 4.1115 4.1401 4.1115 4.0523 4.0523 4.0799 4.0799 4.0799 3.8977 3.8436 3.8436 4.0180 3.8436 3.8436 4.0180 4.0180 2.8742 4.0180 3.8436 3.8436 3.7343 3.9441 3.9197 3.9441 3.9441 3.9441 3.9441 3.9197 3.7343 3.9441 3.9969 3.9969 3.8083 3.9708 3.9708 3.2334 3.2406 3.6204 3.8558 4.0522 4.0522 4.0630 4.0630 4.0630 4.0630 4.0630 4.0392 4.0392 4.0630 4.0630 4.0392 4.0557 4.0557 4.0557 4.0557 4.0557 6.0937 6.0937 6.0937 6.0937 4.5726 3.9163 3.2428 3.3353
4.1759 4.1759 4.1759 3.9868 4.1472 4.1401 4.1401 4.1401 4.1401 4.0799 4.0799 4.0799 4.0799 4.0799 4.0523 4.0523 3.8436 3.8436 4.0180 3.8436 3.8436 4.0180 4.0442 3.8436 4.0180 4.0442 3.9197 3.9441 3.9441 3.9441 3.9441 3.9441 3.9441 3.9441 3.9441 3.9441 3.9441 3.9364 3.9970 3.9970 3.9708 3.9708 3.7567 3.6007 3.6125 3.6248 3.6330 3.6376 3.8741 3.8741 4.0630 4.0392 4.0392 4.0630 4.0830 4.0630 4.0630 4.0630 4.0557 4.0557 4.0557 4.0557 4.0557 4.0557 6.0937 6.0937 6.0937 6.0937 3.8810 3.8344 3.3353
4.1759 4.1759 3.9868 3.9868 4.1759 4.1115 4.1115 4.1115 4.0705 3.8977 4.0799 4.0799 4.0523 4.0799 4.0799 4.0523 4.0442 4.0180 4.0442 3.8436 3.8436 3.8436 4.0180 3.8436 4.0442 4.0180 3.7343 3.7343 3.7343 3.7343 3.7343 3.9441 3.9441 3.9441 3.9441 3.8840 3.9441 3.9708 3.9970 3.9708 3.8083 3.8857 3.8863 3.5979 3.6137 3.6208 3.6267 3.6171 3.6208 2.9172 3.8741 3.8741 3.8741 4.0392 4.0630 4.0630 4.0630 4.0630 4.0557 4.0372 4.0557 4.0557 4.0372 4.0557 4.0557 6.0937 6.0937 6.0937 6.0853 3.9512 3.9531
4.1920 4.1920 4.1920 4.0418 4.1920 4.1401 4.1401 4.1401 4.0799 4.0799 4.0799 4.0523 4.0799 3.8977 4.0799 4.0523 3.8436 3.8436 4.0180 3.8436 3.8436 4.0180 4.0180 2.8742 3.8436 3.8436 3.7343 3.7343 3.7343 3.7343 3.7343 3.9197 3.9441 3.9441 3.9197 3.9441 3.9441 3.8083 3.9970 3.9970 3.9970 3.9557 3.9557 3.8483 3.6109 3.6197 3.6193 3.6121 3.6192 2.9174 2.9172 3.8741 3.8741 4.0630 4.0630 4.0630 4.0630 4.0630 4.0557 4.0557 4.0557 4.0557 4.0557 4.0557 4.0557 4.0557 6.0937 6.0937 6.0853 6.0853 3.8289
4.1920 4.0418 4.0418 4.1920 4.2195 4.1582 4.1842 4.1842 3.9347 4.0487 4.0946 4.0946 3.9347 4.0946 4.0946 3.9347 3.8735 3.8436 4.0180 3.8436 3.8436 4.0180 3.8436 3.8436 4.0442 4.0442 3.7343 3.9197 3.9441 3.7343 3.7343 3.7343 3.9197 3.9441 3.9441 3.8840 3.9441 3.9708 3.9970 3.9970 3.9970 3.9708 3.9970 3.8083 3.5941 3.6016 3.8940 2.9190 2.9176 2.9201 3.6517 3.6764 3.7620 2.9938 4.0630 4.0630 4.0002 3.8741 3.8871 3.8871 4.0557 4.0557 4.0557 4.0557 4.0557 4.0557 4.0557 6.0937 6.0853 6.0853 6.0853
4.2195 4.0418 4.1920 4.2195 4.2195 4.1842 4.1582 4.1842 4.1217 4.0946 4.1217 4.0946 3.9347 4.0946 4.0946 4.0946 3.8735 3.8735 4.0347 4.0347 4.0601 3.8673 3.2276 3.8735 4.0601 4.0601 3.8231 3.9666 3.9666 3.7343 3.7343 3.9197 3.9197 3.9441 3.9441 3.9441 3.9441 3.8083 3.9364 3.9970 3.9970 3.9970 3.9970 3.5941 3.5948 3.5941 3.6367 3.2050 2.9208 3.2101 3.6962 3.7196 3.2326 3.2744 4.0630 4.0630 4.0002 3.2048 3.2184 3.2185 3.8810 4.0557 4.0557 4.0557 4.0557 4.0557 4.0768 4.0557 4.1171 6.0853 6.0853
4.2196 4.1920 4.2196 4.2196 4.2196 4.1582 4.1842 4.1842 3.9347 3.9347 4.1217 4.1217 4.0946 4.1217 4.0946 4.0946 3.8735 4.0601 3.9941 4.0601 3.8216 3.2276 3.2276 3.8735 3.9941 4.0601 3.9666 3.9666 3.9292 3.8231 3.8231 3.8231 3.8231 3.9909 3.9909 3.9909 3.9666 3.9955 4.0168 4.0168 3.9970 3.9970 3.5941 3.5944 3.5961 3.6405 3.8038 3.2061 3.2105 3.2158 3.2218 3.2280 3.2494 3.2576 4.1066 4.1066 3.7828 3.2080 3.2207 3.2210 3.2166 4.0372 3.8871 3.8871 4.0210 3.8810 4.0558 4.0558 4.1171 4.5242 6.0853
4.1920 4.0418 4.2196 4.2196 4.1920 4.1842 4.1842 4.1842 4.1217 4.0946 4.0946 4.1217 4.1217 4.1217 4.0946 4.0347 3.8735 3.8735 4.0347 3.7068 4.0217 3.2276 3.2276 3.8735 4.0601 4.0347 3.9666 3.8231 3.9909 3.8231 3.8231 3.9909 3.9909 3.9909 3.9909 3.9909 3.9955 3.9955 4.0168 4.0168 4.0168 4.0168 3.6314 3.6313 3.6317 3.6788 3.8853 3.2677 3.2737 3.2805 3.2876 3.3152 3.2744 3.2660 3.2423 4.1099 4.0607 3.2215 3.2296 3.2234 3.2197 3.8936 4.0570 4.0650 4.0768 4.0558 4.0558 4.0558 4.1171 4.1171 2.9603
