test/test_data/tcaap/monthly_mean_over_all_Nov__actual_et__2015-01-01_to_2019-12-31__180_by_260__inches.asc
NCOLS        180
NROWS        260
XLLCORNER     476375.000
YLLCORNER    4970875.000
CELLSIZE        100.000
NODATA_VALUE -9999.
[rows 174 to 202 of 260, columns 0 to 66 of 180]
0.70097 0.70097 0.70086 0.70097 0.73403 0.73403 0.73753 0.73745 0.73745 0.73694 0.71691 0.72872 0.72743 0.72587 0.72519 0.71547 0.72645 0.71614 0.71642 0.72462 0.72462 0.72454 0.72454 0.71673 0.72510 0.72510 0.72509 0.72837 0.72864 0.72822 0.72892 0.72893 0.72886 0.72875 0.72857 0.72828 0.72804 0.72779 0.72873 0.73231 0.73534 0.73556 0.73556 0.73556 0.73547 0.69467 0.69400 0.69339 0.70808 0.71180 0.73148 0.73204 0.82994 0.82994 0.82994 0.82994 0.82994 0.73204 0.72290 0.71990 0.72124 0.71617 0.71750 0.72926 0.72927 0.72927 0.72927
0.73406 0.73406 0.73406 0.73406 0.73406 0.73406 0.73756 0.73748 0.73748 0.72892 0.72830 0.72893 0.72893 0.72875 0.72875 0.72801 0.72834 0.71676 0.71677 0.71677 0.72465 0.72464 0.71677 0.71676 0.71677 0.72512 0.71677 0.72757 0.72779 0.75019 0.72812 0.72822 0.72828 0.72823 0.72758 0.72817 0.72809 0.72798 0.72907 0.73243 0.73497 0.73559 0.73559 0.73559 0.73551 0.73559 0.69452 0.71829 0.71554 0.71823 0.72218 0.73206 0.73206 0.69847 0.69847 0.82997 0.82997 0.82997 0.82997 0.69105 0.71544 0.71587 0.72327 0.72427 0.72930 0.72930 0.69515
0.75876 0.75876 0.75876 0.75876 0.75876 0.75876 0.76116 0.76116 0.76116 0.74109 0.72833 0.72896 0.72888 0.72896 0.72896 0.72896 0.72887 0.72526 0.72534 0.72534 0.72534 0.72534 0.71679 0.71679 0.71679 0.71679 0.72467 0.72630 0.72651 0.72670 0.72687 0.72703 0.72717 0.72785 0.72795 0.72802 0.72807 0.72809 0.72928 0.73212 0.73440 0.73553 0.73561 0.73561 0.73553 0.73502 0.72159 0.72119 0.71879 0.72319 0.72643 0.73209 0.73209 0.73209 0.69849 0.69849 0.69848 0.83001 0.71758 0.71954 0.72117 0.72002 0.72004 0.72004 0.71995 0.72933 0.72933
0.76026 0.76026 0.76026 0.76026 0.76026 0.76026 0.75954 0.75953 0.73600 0.70315 0.73454 0.72897 0.72897 0.72890 0.72890 0.72890 0.72819 0.72463 0.72537 0.72537 0.72537 0.72537 0.72487 0.72469 0.72469 0.72469 0.72469 0.72496 0.72496 0.72496 0.72496 0.72496 0.72496 0.72496 0.72496 0.72496 0.72487 0.72753 0.72989 0.73111 0.75530 0.73556 0.73556 0.73490 0.73556 0.73556 0.73210 0.73139 0.72719 0.72688 0.72981 0.73110 0.73211 0.73211 0.73211 0.73211 0.69842 0.68826 0.83004 0.82882 0.72894 0.71997 0.72006 0.72006 0.72006 0.71998 0.72935
0.76028 0.76028 0.76028 0.76028 0.76028 0.76028 0.75956 0.73603 0.73603 0.73603 0.72745 0.72745 0.72745 0.72754 0.72754 0.72754 0.72754 0.72561 0.72570 0.72561 0.72570 0.72570 0.72570 0.72472 0.72465 0.72539 0.72489 0.72553 0.72554 0.72498 0.72515 0.72553 0.72562 0.72562 0.72562 0.72562 0.72562 0.72562 0.72161 0.72209 0.73274 0.72284 0.73558 0.73566 0.73558 0.73558 0.73558 0.73460 0.72954 0.72937 0.73137 0.73179 0.73188 0.73206 0.73206 0.73206 0.73206 0.69854 0.83007 0.82886 0.82886 0.72896 0.70882 0.70819 0.72000 0.72000 0.72000
0.76031 0.76031 0.76031 0.76031 0.76031 0.76031 0.73606 0.73614 0.73606 0.73606 0.72757 0.72757 0.72757 0.72757 0.72748 0.72748 0.72564 0.72564 0.72573 0.72573 0.72573 0.72573 0.72573 0.72564 0.72573 0.72564 0.72564 0.72583 0.72507 0.72573 0.72583 0.72583 0.72583 0.72573 0.72583 0.72565 0.72565 0.72677 0.72928 0.72987 0.73184 0.69526 0.69536 0.73561 0.73569 0.73569 0.73569 0.73569 0.73217 0.73217 0.73217 0.73217 0.73207 0.73217 0.73217 0.73217 0.73217 0.73217 0.69856 0.82889 0.82889 0.82889 0.78113 0.70894 0.72011 0.72011 0.72003
0.76034 0.76034 0.73692 0.73692 0.73692 0.73683 0.73617 0.73617 0.73617 0.72760 0.72760 0.72760 0.72760 0.72759 0.72759 0.72750 0.72575 0.72575 0.72575 0.72575 0.72575 0.72575 0.72566 0.72566 0.72575 0.72575 0.72575 0.72585 0.72585 0.72576 0.72576 0.72576 0.72576 0.72576 0.72576 0.72576 0.72576 0.72579 0.72641 0.72707 0.70144 0.70154 0.73325 0.73457 0.73391 0.73457 0.73465 0.73564 0.73211 0.73219 0.73211 0.73211 0.73211 0.73211 0.73211 0.73211 0.73144 0.73211 0.72943 0.69517 0.82892 0.82892 0.82892 0.79529 0.70896 0.70896 0.72014
0.76037 0.73694 0.73694 0.73694 0.73694 0.73686 0.73611 0.73619 0.73619 0.72753 0.73619 0.73619 0.73619 0.73619 0.73619 0.72753 0.72569 0.72569 0.72569 0.72569 0.72578 0.72578 0.72569 0.72569 0.72578 0.72578 0.72569 0.72588 0.72588 0.72578 0.72588 0.72588 0.72588 0.72588 0.72588 0.72588 0.72588 0.72516 0.72590 0.72657 0.70139 0.72985 0.73185 0.73409 0.73468 0.73468 0.73468 0.73468 0.73111 0.73111 0.73111 0.73111 0.73111 0.73111 0.73111 0.73111 0.73111 0.73111 0.72945 0.72945 0.77328 0.82896 0.82896 0.82896 0.72945 0.70898 0.70898
0.73697 0.73697 0.73697 0.73688 0.73697 0.73688 0.73622 0.73622 0.73622 0.72755 0.72765 0.72765 0.72765 0.73622 0.72765 0.72765 0.72580 0.72571 0.72571 0.72580 0.72580 0.72580 0.72571 0.69771 0.72579 0.72580 0.72580 0.72581 0.72581 0.72590 0.72590 0.72590 0.72590 0.72590 0.72590 0.72590 0.72590 0.72593 0.72593 0.72574 0.72264 0.72395 0.72989 0.73205 0.73462 0.73470 0.73470 0.73470 0.73113 0.73113 0.73113 0.73113 0.73113 0.73113 0.73105 0.73113 0.73113 0.73113 0.73143 0.73143 0.73143 0.77424 0.82865 0.82865 0.82865 0.73143 0.71146
0.73699 0.73699 0.73699 0.73691 0.73691 0.73691 0.73624 0.73624 0.73624 0.72767 0.72767 0.72767 0.72767 0.72767 0.72767 0.72767 0.72583 0.72574 0.72574 0.72583 0.72583 0.72574 0.72583 0.69773 0.72509 0.72583 0.72574 0.72584 0.72584 0.72593 0.72583 0.72593 0.72593 0.72583 0.72517 0.72583 0.72583 0.72595 0.72595 0.72595 0.72595 0.72587 0.72408 0.73036 0.72636 0.73473 0.73473 0.73473 0.73116 0.73116 0.73116 0.73116 0.73116 0.73116 0.73108 0.73116 0.73116 0.73116 0.73146 0.73146 0.73146 0.73146 0.82869 0.82869 0.82869 0.82869 0.79705
0.73702 0.73702 0.73702 0.73702 0.73693 0.73702 0.73627 0.73627 0.73627 0.73627 0.72770 0.72770 0.72770 0.72770 0.72770 0.72760 0.72576 0.72576 0.72585 0.72576 0.72576 0.72585 0.72585 0.69775 0.72585 0.72576 0.72576 0.72586 0.72595 0.72595 0.72595 0.72595 0.72595 0.72595 0.72595 0.72586 0.72595 0.72598 0.72598 0.72589 0.72598 0.72598 0.72268 0.72406 0.73024 0.73302 0.73475 0.73475 0.73119 0.73118 0.73118 0.73118 0.73118 0.73118 0.73118 0.73118 0.73118 0.73118 0.73148 0.73148 0.73148 0.73148 0.73148 0.82872 0.82872 0.82872 0.82872
0.73705 0.73705 0.73705 0.73696 0.73705 0.73630 0.73630 0.73630 0.73630 0.72772 0.72772 0.72772 0.72772 0.72772 0.72772 0.72772 0.72579 0.72579 0.72588 0.72579 0.72579 0.72588 0.72588 0.72579 0.72588 0.72588 0.72598 0.72598 0.72598 0.72598 0.72598 0.72598 0.72598 0.72598 0.72598 0.72598 0.72598 0.72526 0.72600 0.72600 0.72600 0.72600 0.72581 0.72662 0.72880 0.73118 0.73283 0.73374 0.73113 0.73113 0.73121 0.73121 0.73121 0.73121 0.73121 0.73121 0.73121 0.73121 0.73151 0.73151 0.73151 0.73151 0.73151 0.73151 0.82875 0.82875 0.82875
0.73707 0.73707 0.73699 0.73699 0.73707 0.73632 0.73632 0.73632 0.73551 0.72765 0.72775 0.72775 0.72775 0.72775 0.72775 0.72775 0.72591 0.72591 0.72591 0.72581 0.72581 0.72581 0.72590 0.72581 0.72590 0.72590 0.72591 0.72591 0.72591 0.72591 0.72591 0.72600 0.72600 0.72600 0.72600 0.72525 0.72600 0.72603 0.72603 0.72603 0.72594 0.72602 0.72610 0.72611 0.72905 0.73038 0.73160 0.72950 0.73028 0.70521 0.73116 0.73116 0.73116 0.73124 0.73124 0.73124 0.73124 0.73124 0.73153 0.73153 0.73153 0.73153 0.73153 0.73153 0.73153 0.82879 0.82879
0.73558 0.73558 0.73558 0.73550 0.73558 0.73635 0.73635 0.73635 0.72777 0.72777 0.72777 0.72777 0.72777 0.72768 0.72777 0.72777 0.72584 0.72584 0.72593 0.72584 0.72584 0.72593 0.72593 0.69780 0.72584 0.72584 0.72594 0.72594 0.72594 0.72594 0.72594 0.72603 0.72603 0.72603 0.72603 0.72603 0.72603 0.72597 0.72605 0.72605 0.72605 0.72605 0.72605 0.72530 0.72857 0.73018 0.73011 0.72849 0.72997 0.70524 0.70523 0.73118 0.73118 0.73126 0.73126 0.73126 0.73126 0.73126 0.73156 0.73156 0.73156 0.73156 0.73156 0.73156 0.73156 0.73156 0.82882
0.73561 0.73552 0.73552 0.73561 0.73561 0.73449 0.73449 0.73449 0.72572 0.72504 0.72582 0.72581 0.72572 0.72581 0.72581 0.72572 0.72612 0.72586 0.72596 0.72586 0.72586 0.72595 0.72586 0.72586 0.72595 0.72595 0.72596 0.72605 0.72605 0.72596 0.72596 0.72596 0.72605 0.72605 0.72605 0.72530 0.72605 0.72608 0.72608 0.72608 0.72608 0.72608 0.72608 0.72599 0.72544 0.72686 0.73275 0.70535 0.70527 0.70542 0.73659 0.74152 0.76514 0.67232 0.73129 0.73129 0.73052 0.73121 0.73151 0.73151 0.73159 0.73158 0.73158 0.73158 0.73158 0.73158 0.73158
0.73563 0.73555 0.73563 0.73563 0.73563 0.73451 0.73451 0.73451 0.72584 0.72584 0.72584 0.72584 0.72575 0.72584 0.72584 0.72584 0.72614 0.72614 0.72624 0.72624 0.72624 0.72613 0.72179 0.72614 0.72624 0.72624 0.72631 0.72640 0.72640 0.72599 0.72599 0.72608 0.72608 0.72608 0.72608 0.72608 0.72608 0.72602 0.72537 0.72610 0.72610 0.72610 0.72610 0.72546 0.72559 0.72546 0.73366 0.72665 0.70546 0.73053 0.74607 0.75177 0.73163 0.72768 0.73131 0.73131 0.73054 0.72653 0.72402 0.72412 0.73152 0.73161 0.73161 0.73161 0.73161 0.73161 0.73161
0.73566 0.73566 0.73566 0.73566 0.73566 0.73454 0.73454 0.73454 0.72577 0.72577 0.72587 0.72587 0.72587 0.72587 0.72587 0.72586 0.72617 0.72626 0.72549 0.72626 0.72605 0.72181 0.72181 0.72617 0.72549 0.72626 0.72643 0.72643 0.72567 0.72634 0.72634 0.72634 0.72634 0.72643 0.72643 0.72643 0.72643 0.72581 0.72581 0.72581 0.72613 0.72613 0.72549 0.72554 0.72586 0.73444 0.73917 0.72767 0.73083 0.73206 0.73226 0.73190 0.72979 0.72903 0.77355 0.77355 0.73039 0.72915 0.72648 0.72671 0.72291 0.73164 0.73156 0.73156 0.73163 0.73155 0.73164
0.73569 0.73560 0.73569 0.73569 0.73569 0.73456 0.73456 0.73456 0.72589 0.72589 0.72589 0.72589 0.72589 0.72589 0.72589 0.72629 0.72619 0.72619 0.72629 0.72577 0.72629 0.72183 0.72183 0.72619 0.72629 0.72629 0.72645 0.72636 0.72645 0.72636 0.72636 0.72645 0.72645 0.72645 0.72645 0.72645 0.72583 0.72583 0.72583 0.72583 0.72583 0.72583 0.72496 0.72495 0.72502 0.73469 0.74095 0.73476 0.73497 0.73507 0.73504 0.73309 0.72772 0.72836 0.73054 0.75591 0.74841 0.73230 0.72835 0.72739 0.72553 0.73254 0.73183 0.73167 0.73166 0.73166 0.73166
0.73571 0.73571 0.73571 0.73571 0.73571 0.73459 0.73459 0.73459 0.72582 0.72582 0.72592 0.72592 0.72592 0.72592 0.72592 0.72554 0.72622 0.72622 0.72631 0.72630 0.72562 0.72186 0.72186 0.72622 0.72631 0.72631 0.72648 0.72648 0.72639 0.72639 0.72639 0.72648 0.72572 0.72648 0.72648 0.72648 0.72586 0.72586 0.72586 0.72586 0.72586 0.72586 0.72576 0.72251 0.72265 0.73521 0.73328 0.74989 0.75582 0.76932 0.73309 0.77631 0.77621 0.77631 0.77631 0.77631 0.77631 0.77453 0.75516 0.73289 0.73291 0.73291 0.73291 0.73291 0.73169 0.73169 0.73169
0.73565 0.73574 0.73574 0.73574 0.73574 0.73462 0.73461 0.73461 0.72594 0.72594 0.74820 0.72585 0.72594 0.72594 0.72594 0.72634 0.72624 0.72556 0.72624 0.72555 0.72564 0.72564 0.72564 0.72624 0.72624 0.72624 0.72641 0.72651 0.72641 0.72212 0.72212 0.72599 0.72650 0.72641 0.72641 0.72650 0.72588 0.72588 0.72588 0.72588 0.72588 0.72579 0.72579 0.72579 0.71997 0.72994 0.73369 0.73491 0.73509 0.73378 0.73204 0.73204 0.77634 0.77624 0.77634 0.77634 0.77634 0.77456 0.73017 0.73293 0.73293 0.73293 0.73293 0.73293 0.73293 0.73293 0.73293
0.73576 0.73568 0.73568 0.73568 0.73568 0.73464 0.73464 0.73455 0.72597 0.72587 0.72587 0.72519 0.72587 0.72587 0.72597 0.72636 0.72627 0.72627 0.72627 0.72627 0.72559 0.72636 0.72627 0.72627 0.72627 0.72627 0.72653 0.72653 0.72644 0.72214 0.72632 0.72632 0.72525 0.72577 0.72653 0.72653 0.72591 0.72591 0.72591 0.72591 0.72591 0.72581 0.70244 0.70244 0.72581 0.72410 0.72802 0.73495 0.73512 0.73393 0.73285 0.73207 0.77627 0.77637 0.73207 0.77637 0.77637 0.77459 0.73020 0.77459 0.73296 0.73296 0.73296 0.73296 0.73288 0.73288 0.73296
0.73570 0.73570 0.73570 0.73579 0.73570 0.73467 0.73467 0.73467 0.72590 0.72590 0.72590 0.72599 0.72590 0.72590 0.72599 0.72587 0.72569 0.72629 0.72629 0.72629 0.72639 0.72639 0.72629 0.72629 0.72561 0.72639 0.72656 0.72656 0.72656 0.72635 0.72635 0.72635 0.72656 0.72646 0.72655 0.72655 0.72584 0.72518 0.72593 0.72593 0.72593 0.72584 0.70246 0.70246 0.70246 0.72584 0.72584 0.73495 0.73514 0.73420 0.73302 0.73228 0.73210 0.73209 0.73209 0.77630 0.77640 0.73022 0.77462 0.77462 0.77462 0.73299 0.73299 0.73298 0.73298 0.73298 0.73298
0.73573 0.73573 0.73502 0.73573 0.73573 0.73461 0.73461 0.73461 0.73469 0.72592 0.72592 0.72602 0.72602 0.72592 0.72602 0.70082 0.72640 0.72572 0.72632 0.72632 0.72632 0.72632 0.72641 0.72632 0.72632 0.72632 0.72649 0.72649 0.72649 0.72649 0.72649 0.72649 0.72649 0.72649 0.72649 0.72649 0.72587 0.72587 0.72596 0.72596 0.72587 0.72596 0.70248 0.70185 0.72586 0.72586 0.72586 0.72737 0.73514 0.73461 0.73337 0.73211 0.73224 0.73213 0.77633 0.73211 0.77551 0.73024 0.73024 0.77455 0.73024 0.73024 0.73293 0.73293 0.73293 0.73293 0.73293
0.73575 0.73575 0.73584 0.73584 0.73472 0.73472 0.73472 0.73463 0.73463 0.72595 0.72604 0.72604 0.72604 0.72604 0.72604 0.72592 0.72198 0.72574 0.72634 0.72634 0.72644 0.72644 0.72644 0.72634 0.72644 0.72661 0.72661 0.72661 0.72661 0.72661 0.72661 0.72661 0.72661 0.72661 0.72651 0.72661 0.72598 0.72598 0.72598 0.72598 0.72598 0.72598 0.72598 0.72589 0.72589 0.72589 0.72669 0.72740 0.67504 0.76207 0.73394 0.73213 0.73213 0.73218 0.77645 0.77645 0.77645 0.77468 0.77468 0.77468 0.77468 0.77468 0.77468 0.73304 0.73304 0.73304 0.73304
0.73520 0.73530 0.73530 0.73530 0.73655 0.73655 0.73655 0.73655 0.73655 0.72794 0.72805 0.72597 0.72607 0.72607 0.72607 0.72594 0.72200 0.72577 0.72646 0.72637 0.72646 0.72646 0.72646 0.72646 0.72646 0.72663 0.72654 0.72663 0.72663 0.72654 0.72663 0.72663 0.72663 0.72663 0.72663 0.72654 0.72601 0.72601 0.72601 0.72601 0.72601 0.72601 0.72601 0.72591 0.72591 0.72601 0.72751 0.72751 0.72671 0.73216 0.73457 0.73353 0.77648 0.77648 0.77648 0.77648 0.73216 0.77471 0.77471 0.77471 0.77471 0.77471 0.76550 0.76550 0.73306 0.73306 0.73306
0.73533 0.73533 0.73533 0.73533 0.73658 0.73658 0.73658 0.73658 0.72808 0.72808 0.72808 0.72808 0.72808 0.72808 0.72808 0.72812 0.72659 0.72833 0.72824 0.72824 0.72833 0.72833 0.72649 0.72649 0.72649 0.72666 0.72666 0.72666 0.72666 0.72656 0.72666 0.72666 0.72666 0.72656 0.72666 0.72666 0.72603 0.72603 0.72603 0.72603 0.72603 0.72603 0.72603 0.72594 0.72594 0.72603 0.72753 0.72753 0.72674 0.71104 0.73500 0.73377 0.77641 0.73218 0.77651 0.77651 0.73218 0.77473 0.77473 0.77473 0.77473 0.77473 0.76552 0.76553 0.76553 0.73309 0.73309
0.73535 0.73535 0.73535 0.73535 0.73660 0.73660 0.73660 0.72810 0.72799 0.72810 0.72810 0.72810 0.72810 0.72810 0.72810 0.72836 0.72826 0.72836 0.72826 0.72826 0.72836 0.72836 0.72836 0.72836 0.72836 0.72718 0.72718 0.72718 0.72718 0.72718 0.72718 0.72718 0.70389 0.70389 0.70330 0.72668 0.72606 0.72606 0.72606 0.72606 0.72606 0.72597 0.72606 0.72606 0.72606 0.72606 0.72756 0.72756 0.72756 0.72746 0.73220 0.73386 0.73288 0.77644 0.77644 0.77654 0.77654 0.77476 0.77476 0.77476 0.77476 0.77476 0.77476 0.76291 0.76556 0.73303 0.73311
0.73538 0.73538 0.73538 0.73538 0.73663 0.73663 0.73663 0.72813 0.72813 0.72813 0.72813 0.72813 0.72813 0.72813 0.72802 0.72838 0.72838 0.72838 0.72829 0.72829 0.72838 0.72838 0.72838 0.72838 0.72838 0.72721 0.72721 0.72721 0.72721 0.72721 0.72721 0.72721 0.70391 0.75684 0.76389 0.72721 0.72411 0.72411 0.72411 0.72411 0.72411 0.72411 0.72411 0.72411 0.72411 0.72411 0.72758 0.72758 0.72758 0.72749 0.73222 0.73384 0.73289 0.77628 0.77657 0.77657 0.77657 0.77479 0.77479 0.77479 0.77479 0.77479 0.77479 0.76559 0.76559 0.73305 0.73314
0.73540 0.73540 0.73540 0.73540 0.73665 0.73665 0.73665 0.72815 0.72815 0.72815 0.72815 0.72815 0.72815 0.72815 0.72815 0.72841 0.72841 0.72841 0.72841 0.72831 0.72841 0.72841 0.72841 0.72841 0.72841 0.72723 0.72723 0.72723 0.72723 0.72714 0.72723 0.72723 0.82886 0.82886 0.76392 0.72723 0.72413 0.72413 0.72413 0.72413 0.72413 0.72413 0.72413 0.72413 0.72413 0.72413 0.72365 0.72365 0.72365 0.74649 0.77422 0.73051 0.73051 0.77422 0.77412 0.77422 0.77422 0.77446 0.77482 0.77482 0.77482 0.77482 0.77482 0.76561 0.76562 0.76562 0.73317
