test/test_data/tcaap/monthly_mean_over_all_Aug__actual_et__2015-01-01_to_2019-12-31__180_by_260__inches.asc
NCOLS        180
NROWS        260
XLLCORNER     476375.000
YLLCORNER    4970875.000
CELLSIZE        100.000
NODATA_VALUE -9999.
[rows 0 to 31 of 260, columns 71 to 141 of 180]
3.0545 3.0545 3.0545 3.4969 3.4969 3.6784 3.6784 3.4969 3.4969 3.4969 3.4634 3.4969 3.4969 3.4876 3.4876 3.0441 3.0441 3.0441 3.0441 3.0441 3.0441 3.0441 3.5212 3.0269 3.5179 3.5179 3.0636 3.0636 3.6829 3.7457 3.7457 3.7457 3.7457 3.7457 3.7358 3.5912 3.8528 4.5675 4.1684 3.9697 3.7852 3.7852 4.1684 3.7852 4.1684 3.8090 4.3420 4.1861 3.6451 4.0182 4.5787 4.1861 3.6451 3.7094 3.7094 3.6272 3.5231 3.5133 3.4692 3.0977 3.6635 3.5133 3.6272 3.6272 3.5500 3.0977 3.3604 3.6067 3.5669 3.5298 3.4005
3.0571 3.0571 3.0571 3.0648 3.7544 4.2030 3.7544 3.4969 3.0648 3.0648 3.0648 3.0620 3.0648 3.0441 3.0441 3.4876 3.4876 3.0441 3.0441 3.0441 3.4876 3.0441 3.0269 3.0269 3.5591 3.5591 3.3271 3.0272 3.7541 3.8048 3.8048 3.8048 3.8091 3.7411 3.7316 3.7030 3.8528 4.1580 3.7599 3.7758 3.7852 4.1684 4.1684 4.1684 3.6673 3.7152 3.5703 3.8814 3.6451 3.8722 3.8814 3.6451 3.7094 3.7094 3.7094 3.6945 3.7376 4.2953 4.2953 3.6856 3.6945 3.6856 3.6272 3.6272 3.0977 3.0977 3.3604 3.6160 3.6160 3.5298 3.5298
3.0571 3.0571 3.0648 2.8765 4.2030 4.2030 5.0535 3.4635 3.0620 3.0620 3.4635 3.0648 3.4635 3.0441 3.0441 3.4876 3.4876 3.0441 3.5213 3.0441 3.4876 3.0441 3.2849 3.0636 3.0775 3.3306 3.3253 3.3010 3.9242 4.3399 3.8052 3.8048 3.8048 3.7411 3.7316 3.7789 4.3229 4.1580 3.6673 3.7758 3.7758 3.7279 3.5913 4.1126 3.6451 4.3244 4.1755 3.5704 4.0183 4.5687 4.6694 3.6451 3.7009 3.7094 3.7094 3.6945 3.7018 4.2953 4.2953 4.1365 3.6272 3.6272 3.6272 3.6272 3.4693 3.5133 3.4006 3.6723 3.6723 3.6723 5.0322
3.0571 3.0571 2.8765 2.8765 4.2030 4.4623 4.4623 2.8765 3.0648 3.0648 3.0648 3.0648 3.4635 3.4876 3.0441 3.0441 3.0441 3.4876 3.4876 3.0441 3.2849 3.6005 3.6005 3.6857 3.6857 3.6857 3.0775 3.2632 4.3351 4.5051 4.5051 3.7756 3.7411 3.7411 3.7316 3.5913 4.5570 4.1580 3.7359 4.1580 4.1580 3.7359 3.7359 3.6673 3.6451 4.3244 4.1755 3.6451 3.6766 4.3675 4.6014 3.6451 4.5687 4.1755 3.7094 3.6945 3.6945 4.2953 4.5422 4.2953 4.1365 4.1365 3.6272 3.6272 3.6272 3.5299 3.6723 3.6723 3.6723 3.9127 3.6114
3.6176 3.0597 2.8601 2.8601 4.1939 4.5376 2.8601 3.0177 3.0177 3.4635 3.4635 3.0648 3.0648 3.0441 3.0441 3.0441 3.0441 3.4876 3.4876 3.2881 3.6603 3.6603 3.6603 3.6857 3.7458 3.7458 3.6032 4.2775 4.2775 4.5051 4.5051 3.7554 3.6608 3.6032 3.5913 4.5570 4.3230 3.6673 3.6673 3.7359 3.7359 3.7359 3.6979 3.7279 3.7009 3.8722 3.6451 3.6718 3.7009 3.7009 3.7009 3.7009 4.0183 4.1756 3.7009 3.6945 3.6945 4.5423 4.5423 4.5423 4.5423 3.6272 3.6945 3.7509 3.6272 3.5299 3.6160 3.6160 3.6160 3.5299 5.0323
3.6176 3.5072 3.0177 4.4412 4.4585 4.5376 3.0177 3.0177 3.0177 3.0177 3.4589 3.4589 3.4589 3.0300 3.0300 3.0300 3.0300 3.6450 3.6450 3.6450 3.6442 3.6637 3.6637 3.6857 3.7458 3.7756 4.2775 4.2775 4.5051 4.0603 4.0950 4.0472 3.7554 3.7554 4.0466 4.5838 3.6979 3.7359 3.7359 3.7359 3.7279 3.6673 3.7359 3.7359 3.7095 3.6452 3.7095 3.7095 3.7095 3.7095 3.7095 3.7095 3.6452 4.1756 4.1756 3.6559 3.6559 4.5423 4.5423 4.5423 4.5423 3.6272 3.6945 3.6945 3.6272 3.5299 3.6160 3.6160 5.0323 5.0323 3.5299
3.6176 3.0597 3.7136 2.8261 4.3929 4.4585 5.0408 3.0177 3.0177 3.0177 3.4589 3.4589 3.4589 3.0300 3.0300 3.5158 3.6081 3.6451 3.6451 3.7235 3.6443 3.6443 3.7235 3.7450 3.8032 3.7486 4.0564 4.5051 4.0564 4.0564 4.0564 4.0564 4.0473 4.0473 4.0528 3.7387 4.2894 3.6979 3.7359 4.2287 3.6674 3.6674 3.7359 3.7359 3.6476 3.7095 3.7095 3.7095 3.7095 3.7095 3.7095 3.7095 3.6452 4.6695 4.6695 4.1075 4.0017 4.5423 4.5423 4.5423 4.5423 3.6559 3.6946 3.6273 3.6273 3.5299 3.5299 3.6068 3.5299 3.5299 3.5299
3.6176 3.6176 3.6462 3.6351 2.8269 2.8279 3.0177 2.9367 3.0177 3.0177 3.0177 3.4589 3.4589 3.4733 3.4733 3.6451 3.6443 3.6451 3.6451 3.7235 3.7650 3.7235 3.7235 3.7450 3.7486 3.9864 4.0564 4.0564 4.0564 4.0564 4.0564 4.0564 4.0564 4.0564 4.2458 3.7454 4.1644 3.7019 3.7410 4.1227 3.1212 3.7410 3.7410 3.7410 3.7095 3.7095 3.7095 3.7010 4.0260 4.4747 4.2403 3.6452 3.6452 4.6695 4.6695 3.6273 3.6273 4.5423 4.5423 4.5423 4.5423 3.6559 3.6273 3.6559 3.6273 3.6068 3.5670 3.5670 5.0324 3.5299 3.5299
3.6176 3.6176 3.6462 3.6462 3.4589 3.4589 3.0177 3.0177 3.0177 3.4589 3.4589 3.6439 3.6958 3.6958 3.6953 3.6953 3.6443 3.6451 3.6451 3.7235 3.7235 3.7235 3.7235 3.7450 3.7487 4.0564 4.0641 4.0641 4.0564 4.0564 4.0564 4.0564 4.0564 4.0174 3.9830 3.9830 4.5512 4.0647 3.7410 3.6712 3.6712 3.7410 3.7410 3.7410 3.7184 3.7184 3.6506 3.6506 4.0984 4.4592 3.7112 3.6506 3.7184 3.6506 4.1409 3.5994 3.6273 4.2954 4.5424 4.5424 4.5424 4.5424 3.7019 3.6559 3.6559 3.6605 3.6069 3.5670 5.0324 3.5299 3.5299
3.6176 3.6176 3.4589 3.4589 3.6346 3.6346 3.6346 3.6346 3.6346 3.0177 2.8601 2.8601 2.8357 3.0102 3.6941 3.6941 3.6443 3.6451 3.6451 3.7235 3.7235 3.7235 3.7235 4.0564 4.0564 4.0564 4.1349 3.9865 3.9865 4.0564 4.0564 4.0564 3.9865 4.0175 4.0175 3.9830 4.5512 4.0647 3.7410 3.7019 3.7375 3.7410 3.7410 3.7019 4.3923 4.5619 4.0356 3.7184 4.0985 3.6506 3.7184 3.6506 3.7112 3.7184 3.5994 3.5994 4.1566 4.5582 4.5582 4.5582 4.5582 3.9932 4.5582 4.3059 3.6763 3.5786 3.6390 3.6318 3.5299 3.5299 3.5299
3.6176 3.6176 3.6346 3.7194 3.6346 3.6346 3.6346 3.6346 3.6346 3.7137 4.1940 4.1940 4.2293 3.6941 3.6941 3.6941 3.6443 3.6443 3.6451 3.7235 3.7235 3.7235 3.7195 4.0564 4.0564 4.0564 4.4197 3.9865 3.9865 4.0564 4.0564 4.4717 4.0564 4.0872 4.0175 4.0167 4.5512 4.5512 3.7336 3.6488 4.0679 3.7410 3.7336 3.7020 4.3923 4.5619 4.5619 3.6506 3.7220 3.6506 3.6506 3.6506 3.7112 3.7112 3.5994 3.8629 4.1566 4.5582 4.5582 4.5582 4.5582 4.5582 4.5582 4.5582 4.5582 3.5786 3.6045 3.6045 3.5786 3.5786 3.5786
3.6177 3.6177 3.7753 3.7753 3.7753 3.7194 3.6346 3.6346 3.6346 4.1940 4.1940 4.1940 4.2294 3.6643 3.7709 3.7709 3.6942 3.6942 3.7709 3.7195 3.7195 3.9601 4.0457 4.0564 4.1654 3.9865 4.5334 4.0289 4.4717 4.4717 4.4717 4.0564 4.0564 3.7020 3.7410 3.7410 4.5513 4.0647 3.7020 3.7020 3.6742 3.7410 3.7336 3.5126 4.5620 4.5620 4.5620 4.1683 3.6507 3.6507 3.6507 3.6507 3.6507 4.3352 4.5582 4.5582 4.5582 4.5582 4.5582 4.0421 4.5582 4.5582 4.5582 4.5582 3.5994 3.6045 3.6045 3.6391 3.6318 3.5786 3.5786
3.6177 3.6177 3.6346 3.7753 3.7753 3.7753 3.8161 3.7630 4.0274 4.0274 3.6832 4.3252 3.8141 3.7327 3.7709 3.7709 3.7709 3.6942 3.6942 3.8156 5.0430 3.9602 4.0070 4.0565 4.0565 4.5052 4.5052 4.4198 4.4718 4.4718 4.1003 4.1003 4.0565 3.6712 3.7410 3.7410 4.0648 3.7020 3.7336 3.7020 3.7410 3.7410 3.7020 3.9947 4.5620 4.5620 4.5620 3.6507 3.6507 3.7185 3.7185 3.6507 3.6507 4.5620 4.5583 3.9933 4.5583 4.5583 4.5583 4.0422 3.9933 4.5583 4.5583 4.5583 3.4453 3.4281 3.6391 3.5535 3.6391 3.5786 3.5786
3.6177 3.6177 3.7754 3.7754 3.7754 3.7754 3.8161 3.8161 3.7754 3.7754 3.6833 3.7634 3.7656 3.5508 3.5508 3.7196 3.7709 3.6942 3.8156 5.0430 3.9602 4.0071 4.0071 4.0565 4.1110 4.2195 3.8033 3.7312 3.8033 3.7312 3.7312 3.7312 3.7312 3.7411 3.7411 3.6712 3.6712 3.7455 3.6712 3.6712 3.7411 3.7020 3.7020 4.1646 3.6507 4.5620 4.1410 4.1410 4.1410 3.7185 3.7185 3.7112 3.6507 4.5620 3.9933 3.9933 4.5583 4.5583 3.9933 3.9146 3.9933 4.5583 4.5583 4.5583 4.5583 3.5535 3.6391 3.5535 3.5786 3.5786 3.5786
3.6306 3.6868 3.7735 3.7754 3.7754 3.7754 3.7630 3.7634 3.7754 3.7754 3.6833 3.6346 3.7150 3.5508 3.5508 3.5907 3.5907 3.5507 3.6911 3.7186 5.0430 4.0071 4.0565 4.0243 3.8033 3.8033 3.8033 3.8033 3.8033 3.8033 3.8033 3.8033 3.7451 3.7411 3.7336 3.7336 3.7411 3.7833 4.6586 4.1633 3.7336 3.7020 3.7020 3.6507 3.6507 3.6507 4.6666 4.6666 4.6666 3.6507 3.7185 3.7185 3.7185 3.6878 3.6763 4.3060 4.5583 4.5583 3.9992 4.0841 3.9933 4.5583 4.5583 4.5583 3.9933 3.6391 3.6391 3.6391 3.5786 3.5786 3.5786
3.7548 3.6869 3.7253 3.7735 4.1033 4.1033 3.7602 3.6376 3.6869 3.7623 3.6869 3.6376 3.6625 3.5856 3.6911 3.7656 3.6412 3.0301 4.5732 4.0071 4.4345 4.0071 4.1082 4.0243 3.8033 3.8033 3.8033 3.8033 3.8033 3.8033 3.7451 3.7876 3.6749 3.6713 3.7020 3.7337 3.7411 3.7411 3.7020 4.5514 4.4806 4.1228 3.6713 5.0320 3.6507 4.5620 4.5620 2.9654 3.6532 3.6507 3.7113 3.7113 3.7185 3.7606 3.6763 4.3060 4.5583 4.5583 3.6315 3.4958 3.4958 4.1567 4.1567 3.5995 3.6391 3.6391 3.6391 3.6391 3.5787 3.4281 3.4281
3.6306 3.6376 3.6376 4.1033 4.1033 4.1033 5.0307 3.6376 3.6376 3.6376 3.7253 3.6869 3.7917 3.7917 3.7917 3.7917 3.7200 3.1046 4.0601 4.0601 4.0601 4.0601 4.0125 4.2609 3.7983 3.7983 3.8033 3.8033 3.8033 3.8033 3.7876 3.7488 3.7488 3.6713 3.6713 3.7411 3.7411 3.6713 3.6713 4.3310 4.3310 4.1229 4.1646 4.3353 4.5621 4.5621 4.1874 3.7106 3.7106 3.7186 3.7113 3.6507 3.6507 3.7221 3.7118 4.3060 4.5583 4.5583 3.9934 3.4454 3.4454 3.5995 3.6579 3.6279 3.6046 3.6391 3.6391 3.5787 3.5787 3.4281 3.6046
3.6307 3.6376 3.6376 3.6376 3.7602 3.7602 3.6376 3.6376 3.6376 3.6376 3.7735 3.7735 3.7917 3.7917 3.7917 3.7917 3.7200 3.1046 4.0601 4.0601 4.0053 4.1057 4.2609 4.3073 3.7983 3.7983 3.7983 3.7983 3.7983 3.7983 3.7806 3.7421 3.7421 3.6751 3.7364 3.7449 3.7073 3.6751 3.9736 3.7456 4.3310 3.7497 2.9645 4.5621 4.5621 4.5621 3.7080 3.7106 3.7106 3.6508 4.1684 3.6508 3.6508 3.7221 4.3060 4.5584 4.5584 4.5584 4.5584 3.4454 3.4454 3.6279 3.6279 3.6279 3.6392 3.6392 3.6392 4.1093 3.7393 3.7393 3.4281
3.6307 3.6376 3.6376 3.6376 3.6376 3.6376 3.6376 3.6732 3.6376 3.6376 3.7623 3.7736 3.7917 3.7917 3.7917 3.7917 3.7200 3.1046 3.7340 3.7340 3.7340 3.8326 4.3073 4.3073 3.7984 3.7984 3.7984 3.7984 3.7984 3.7984 3.7387 3.6703 3.6703 3.6752 3.7364 3.7449 3.6752 3.6752 3.6752 4.3637 4.5674 3.8019 2.9973 4.5929 4.5929 4.5929 3.7783 3.7089 3.6504 3.7220 4.3354 4.5621 3.5777 3.6508 4.1930 4.5584 4.5584 4.5584 4.5584 3.4454 3.5995 3.5995 3.6280 3.6666 3.6392 3.6392 3.6392 3.8131 3.7393 4.3753 3.6392
3.0636 3.0944 3.5451 3.5451 3.5451 3.6376 3.5451 3.4773 3.5451 3.0944 3.0944 3.7736 3.7917 3.7229 3.7229 3.7229 3.7229 3.7551 3.1046 3.7340 3.8313 3.7229 3.7313 3.7313 3.7313 3.6532 3.6532 3.6532 3.6532 3.6532 3.5122 3.5666 3.5122 3.5157 3.5157 3.5689 3.5157 3.7833 3.6521 3.6521 3.8019 3.8019 3.8019 3.8297 3.8297 3.8297 3.5408 3.4897 3.4897 3.6474 4.2088 4.2088 4.2088 3.6474 4.0618 4.1040 4.1391 4.1425 4.0989 4.0168 3.9510 3.5611 3.5995 3.7251 3.6984 3.6984 3.5271 3.7394 3.9541 3.5811 3.5811
3.0636 3.4774 3.5451 3.5451 3.5451 3.6376 3.5451 3.5451 3.5451 3.6376 3.6732 3.6937 3.7918 3.6398 3.7402 4.1229 3.8696 3.7229 3.7229 4.0601 4.0601 3.7229 3.7313 3.7313 3.6730 3.6532 3.6532 3.6532 3.6532 3.6243 3.6392 3.6697 3.6802 3.6802 3.7833 3.7833 3.7833 3.9882 3.7166 3.6802 3.6802 3.8019 3.8019 3.8298 3.8298 3.8298 3.8298 3.8298 3.4897 4.2088 4.2088 4.2088 3.6474 5.0204 5.0204 5.0204 5.0204 5.0204 5.0204 5.0204 5.0204 3.7203 3.6106 3.6709 3.7238 3.7238 3.4509 3.4509 3.6623 3.6623 3.6623
3.6812 3.4774 3.6377 3.6377 3.5451 3.6377 3.5451 3.5451 3.5451 3.6377 3.6377 3.7525 3.7918 3.7200 3.7200 3.6988 3.7230 3.7230 3.7918 3.6626 3.7340 3.7340 4.0790 4.0790 4.2610 3.6532 3.6532 3.6532 3.6532 3.5122 3.6435 3.6697 3.6802 3.6802 3.7834 3.7834 3.7834 3.9294 3.7486 3.8194 3.8194 3.6802 3.8020 3.8298 3.8298 3.8298 3.8298 3.8298 3.8298 3.8298 3.8298 5.0297 5.0297 5.0204 5.0204 5.0204 5.0204 5.0204 5.0204 5.0204 5.0204 5.0204 3.6429 3.6709 3.6606 3.7796 3.7796 3.6015 3.6623 3.6623 3.6623
3.7068 3.6409 3.7144 3.6792 3.6631 3.6377 3.5451 3.5451 3.5451 3.6377 3.6870 3.7340 3.6626 3.7918 3.7918 3.5857 3.5857 3.7230 3.7230 3.7230 3.7933 4.0602 4.0790 4.2610 4.2610 3.6532 3.6532 3.6532 3.6243 3.7354 3.6436 3.7795 3.7439 3.9882 3.9882 3.8537 3.9294 3.9294 3.9294 3.8194 3.8194 4.2588 3.8020 3.8298 3.8298 3.8298 3.8298 3.8298 3.8298 3.8298 4.3322 5.0297 5.0297 5.0205 5.0205 5.0205 5.0205 5.0205 5.0205 5.0205 5.0205 3.6678 3.6106 3.7356 3.6624 3.6015 3.7796 3.5763 3.6624 3.6291 3.6291
3.7069 3.6409 3.6409 3.6409 3.0944 3.0944 3.0944 3.6377 3.6377 3.7624 3.7736 3.6626 3.7245 3.7836 3.7918 3.7581 3.6410 3.3239 3.7230 3.7230 3.8327 4.0602 4.0663 4.3511 4.3224 3.9271 3.9271 3.9271 3.9271 3.9271 3.9271 3.9271 3.8537 3.8537 3.8537 3.8537 3.9294 3.9294 3.9294 3.9294 3.6277 3.6277 3.8020 3.8298 3.8298 3.8298 3.8298 3.8298 3.4897 3.7180 3.6788 5.0298 5.0298 5.0205 5.0205 5.0205 5.0205 5.0205 5.0205 5.0205 5.0205 3.6106 3.6106 3.6731 3.6624 5.0136 3.6624 3.6624 3.5763 3.6291 3.6015
3.7624 3.7183 3.8958 3.0944 3.0944 3.0944 3.4774 3.6377 3.6377 3.7624 3.6377 3.6626 3.7201 3.7836 3.7918 3.7879 3.5858 3.6139 3.7051 3.7051 4.0726 4.0602 4.0663 4.3224 3.8626 3.8122 3.9016 3.9035 3.9041 3.9058 3.9093 3.9177 3.8585 3.8733 3.8537 3.8537 3.8537 3.8691 3.8540 3.8425 3.6277 3.6277 3.6277 3.8298 3.8298 3.8298 3.8298 3.8298 3.4897 3.7181 3.7181 5.0298 5.0298 5.0205 5.0205 5.0205 5.0205 5.0205 5.0205 5.0205 5.0205 3.6154 3.6732 3.5883 3.5763 3.6624 3.6624 3.5763 3.5763 4.1930 4.7063
3.8513 3.7966 2.9416 3.1061 3.1061 3.5198 3.5198 3.6723 3.6377 3.6870 3.6377 3.7526 3.7526 3.7918 3.7918 3.7879 3.6395 3.7230 3.7051 3.6463 4.0201 4.0602 4.0664 4.0664 4.3415 3.9271 3.9271 3.9271 3.9271 3.9292 3.9278 3.8469 3.8480 3.8443 3.8537 3.8537 3.8537 3.8475 3.8403 3.8273 3.6277 3.6277 3.5158 3.8298 3.8298 3.8298 3.8298 3.4897 3.4897 3.7181 3.7181 5.0298 5.0298 5.0205 5.0205 5.0205 5.0205 5.0205 5.0205 5.0205 5.0205 5.0205 3.6838 3.5883 3.5763 3.6566 3.6566 3.6624 3.5763 4.4605 4.5770
3.8563 3.7966 3.1061 3.1061 3.1061 3.1061 3.6949 3.7001 3.7924 3.7598 3.6724 3.7845 3.7845 3.8263 3.8263 3.8205 3.7901 3.6997 3.7497 3.6892 4.0202 4.0791 4.0664 4.3294 3.9271 3.9271 3.8492 3.8492 3.8492 3.8492 3.8492 3.8492 3.8538 3.8538 3.9295 3.9295 3.8186 3.8275 3.8546 3.8913 3.6277 3.6277 3.4898 3.8298 3.8298 3.8209 3.8298 3.8100 3.4898 3.7181 3.7181 3.6475 3.9155 5.0206 5.0206 5.0206 5.0206 5.0206 5.0206 5.0206 5.0206 5.0206 3.7357 3.7357 3.5763 3.6624 3.6624 3.6624 3.6624 5.0137 5.0137
3.5198 4.1556 3.6724 3.6724 3.6724 3.5198 3.6310 3.3251 3.6052 3.6934 3.5198 3.6997 3.6997 3.7558 3.7558 3.7558 3.6997 3.3765 3.7497 3.6892 4.0535 4.0414 4.0886 4.3109 3.9458 3.9458 3.9458 3.9458 3.9458 3.9458 3.9458 3.9458 3.9295 3.7440 3.6848 3.6253 5.0153 5.0153 3.8421 3.8859 3.8721 3.9520 3.9322 5.0299 5.0299 3.8298 3.8298 3.8298 3.8298 4.4234 3.7091 3.7181 3.6788 5.0206 5.0206 5.0206 5.0206 5.0206 5.0206 5.0206 5.0206 5.0206 3.7281 3.7239 3.5763 3.6624 3.6624 3.6624 3.6624 5.0137 5.0137
3.5198 4.1556 3.6724 3.6724 3.6724 3.8012 3.7967 3.7967 3.5966 3.6052 3.7304 3.7558 3.6997 3.6997 3.6997 3.6997 3.6997 3.3766 3.7497 3.6892 4.0535 4.0074 4.0886 4.3291 3.9459 3.9459 3.9459 3.8655 3.8607 4.2378 3.9459 3.9459 3.9616 3.7866 5.0065 5.0065 3.8176 3.8310 3.8638 3.9086 3.8518 3.9028 5.0152 5.0152 5.0299 3.8299 3.8299 3.8299 3.8299 3.6476 3.7181 3.7181 3.7181 5.0206 5.0206 5.0206 5.0206 5.0206 5.0206 5.0206 5.0206 5.0206 3.7357 3.7240 3.5764 3.6625 3.6625 3.6625 3.6016 5.0138 5.0138
3.5198 3.6724 3.6724 3.8012 3.8012 3.8012 3.8012 3.8012 3.6291 3.7304 3.7220 3.7558 3.6997 3.6997 3.6997 3.6997 3.6997 3.3766 3.7180 3.6892 4.0535 4.0887 4.0887 3.9459 3.9459 3.9459 3.9459 3.9459 3.8607 3.7514 3.9459 3.9459 4.0043 3.7385 3.7353 3.6912 3.8025 3.8199 3.8580 3.9069 3.8678 3.9028 3.9399 5.0153 5.0153 3.8324 3.8324 3.8324 3.5449 3.7169 3.7169 3.7169 5.0153 5.0171 5.0171 5.0171 5.0207 5.0207 5.0207 5.0207 5.0207 5.0207 3.7357 3.6364 3.5764 3.5764 3.6625 3.5764 3.5764 3.8104 3.8104
3.7011 3.6724 3.7272 3.8013 3.8013 3.8013 3.8013 3.8013 3.7220 3.8013 3.7304 3.7558 3.6997 3.6997 3.6997 3.6997 3.6997 3.5887 3.6599 4.0535 4.0535 4.0887 4.3291 3.9459 3.9459 3.9459 3.9459 3.9459 3.7514 3.7514 3.9459 3.9459 3.7385 3.7385 3.7048 3.7048 3.6657 3.6933 3.7438 3.8015 3.9029 3.9029 3.9399 5.0153 5.0153 3.8324 3.6021 3.6301 3.5450 3.6301 3.6301 3.7169 5.0153 5.0171 5.0171 5.0171 5.0171 5.0171 5.0171 5.0171 5.0171 5.0171 3.7096 3.6408 3.5760 3.5760 3.5760 3.6595 3.5764 3.5511 3.6566
3.8013 3.7272 3.7272 3.7272 3.8013 3.7304 3.6052 3.7304 3.7304 3.7304 3.7304 3.7558 3.6998 3.6998 3.6998 3.6998 3.6998 3.1686 3.6893 4.0535 3.8045 3.5203 3.9459 3.9459 3.9459 3.8655 3.9735 3.9459 3.9459 3.9459 3.9459 3.5749 3.7386 3.7386 3.7048 3.7048 3.7386 3.6464 3.6464 3.7048 3.9029 3.9841 3.9399 5.0153 5.0153 3.8324 3.6302 3.6302 4.2664 3.7169 3.7169 3.7169 5.0153 5.0172 5.0172 5.0172 5.0172 5.0172 5.0172 5.0172 5.0172 3.6735 3.7096 3.7254 3.7254 3.5761 3.5761 3.6595 3.6595 3.5988 3.6519
