test/test_data/tcaap/monthly_mean_over_all_Mar__actual_et__2015-01-01_to_2019-12-31__180_by_260__inches.asc
NCOLS        180
NROWS        260
XLLCORNER     476375.000
YLLCORNER    4970875.000
CELLSIZE        100.000
NODATA_VALUE -9999.
[rows 96 to 127 of 260, columns 71 to 141 of 180]
1.6699 1.4165 1.4259 1.4259 1.4259 1.4010 1.4009 1.4001 1.3978 1.3371 1.3449 1.3818 1.3240 1.2144 1.2790 1.2892 1.3059 1.3002 1.2937 1.3224 1.3224 1.3438 1.3438 1.3438 1.3438 1.2867 1.3065 1.3065 1.6796 1.6796 1.2778 1.2352 1.2331 1.2914 1.4275 1.4275 1.4307 1.5433 1.4321 1.3903 1.3903 1.6783 1.6783 1.6783 1.6783 1.6783 1.3903 1.4126 1.4195 1.4195 1.4195 1.4195 1.4195 1.4195 1.4195 1.4195 1.4195 1.4195 1.4135 1.4218 1.4294 1.4250 1.4218 1.4135 1.4135 1.4050 1.6682 1.6682 1.6771 1.6771 1.6771
1.4185 1.4259 1.4259 1.4259 1.4165 1.4010 1.3967 1.3935 1.3888 1.3273 1.2432 1.2144 1.2144 1.2432 1.2991 1.2779 1.3375 1.3438 1.3224 1.3224 1.3438 1.3438 1.3438 1.3438 1.3438 1.3380 1.2866 1.2866 1.3357 1.2778 1.2353 1.2353 1.2319 1.2472 1.4275 1.4275 1.4321 1.5107 1.3903 1.4289 1.3903 1.6784 1.6784 1.6784 1.6784 1.6784 1.6784 1.4195 1.4195 1.4127 1.4127 1.4195 1.4132 1.4195 1.3395 1.3395 1.4195 1.4195 1.4218 1.4218 1.4295 1.5214 1.4218 1.4218 1.4218 1.6683 1.6683 1.6683 1.6771 1.6771 1.6771
1.4215 1.4259 1.4259 1.4259 1.4165 1.3954 1.3912 1.3854 1.3229 1.3010 1.2432 1.2432 1.2607 1.2864 1.2791 1.3164 1.3375 1.3438 1.3438 1.3438 1.2937 1.2937 1.3438 1.3438 1.3438 1.2867 1.2866 1.2866 1.3254 1.6796 1.6796 1.2353 1.2095 1.2942 1.4275 1.4275 1.4289 1.3904 1.4220 1.4220 1.6784 1.6784 1.6784 1.6784 1.6784 1.6784 1.6784 1.6658 1.4195 1.4132 1.4195 1.4195 1.4191 1.4191 1.3395 1.3395 1.4195 1.4218 1.4218 1.4295 1.4295 1.5157 1.5157 1.4218 1.4218 1.6683 1.6683 1.6683 1.6772 1.6772 1.6772
1.3502 1.4290 1.4290 1.4290 1.4290 1.3361 1.3326 1.3184 1.3099 1.2994 1.2855 1.2484 1.2756 1.2791 1.2791 1.3164 1.2780 1.2780 1.2867 1.2937 1.3152 1.3438 1.3164 1.3438 1.3438 1.2867 1.3154 1.3154 1.6796 1.6796 1.6796 1.2942 1.2942 1.2942 1.3440 1.3440 1.3209 1.4289 1.4289 1.4289 1.3389 1.6784 1.6784 1.6784 1.6784 1.6784 1.6784 1.6658 1.4195 1.3781 1.4132 1.4195 1.4195 1.4195 1.4195 1.4195 1.3781 1.3804 1.4295 1.4230 1.5157 1.5385 1.4218 1.4218 1.6683 1.6683 1.6683 1.6683 1.6772 1.6772 1.6772
1.3502 1.4195 1.4291 1.4291 1.4291 1.4231 1.4103 1.3759 1.3667 1.2944 1.2800 1.2346 1.2756 1.2756 1.3138 1.3141 1.2139 1.3004 1.2915 1.2915 1.3414 1.3414 1.3141 1.3414 1.3414 1.3438 1.3440 1.3440 1.3154 1.6797 1.2942 1.2942 1.2942 1.2942 1.3440 1.3440 1.3474 1.4347 1.3474 1.3210 1.3474 1.4289 1.6785 1.6785 1.6785 1.6785 1.6785 1.6658 1.4195 1.4132 1.4132 1.4195 1.4195 1.4195 1.4195 1.4195 1.3781 1.4218 1.4295 1.4205 1.5065 1.4986 1.4218 1.4218 1.6684 1.6684 1.6684 1.6684 1.6772 1.6772 1.6772
1.3502 1.4195 1.4291 1.4291 1.4291 1.4231 1.4104 1.3735 1.3636 1.2763 1.2498 1.2346 1.3138 1.3138 1.3138 1.3141 1.1888 1.2915 1.3414 1.2915 1.3201 1.3141 1.3141 1.3414 1.3414 1.3414 1.3367 1.3367 1.3367 1.6725 1.3096 1.2875 1.2875 1.2875 1.3367 1.3096 1.3376 1.3474 1.3474 1.3474 1.3474 1.3474 1.3788 1.6785 1.6785 1.6785 1.6785 1.6659 1.3782 1.4133 1.4133 1.4195 1.4195 1.4127 1.4195 1.4195 1.4195 1.4218 1.4295 1.4284 1.4340 1.4218 1.4218 1.4218 1.6684 1.6684 1.6684 1.6684 1.4177 1.4177 1.4177
1.4195 1.4291 1.4291 1.4291 1.4291 1.4231 1.3937 1.3715 1.3004 1.2740 1.2037 1.2756 1.2037 1.3139 1.3139 1.3141 1.2155 1.2916 1.3129 1.3129 1.3201 1.3141 1.3141 1.3071 1.4115 1.3129 1.3368 1.3368 1.3368 1.3368 1.3096 1.2876 1.2876 1.2876 1.3096 1.3368 1.3376 1.3376 1.3376 1.3376 1.3376 1.3376 1.3192 1.6692 1.6692 1.6692 1.6692 1.6706 1.5135 1.4722 1.4228 1.4228 1.4196 1.4196 1.4196 1.4196 1.4196 1.4219 1.4296 1.4296 1.4365 1.4219 1.4219 1.6684 1.6684 1.6684 1.6684 1.4051 1.4177 1.4177 1.4177
1.4196 1.4291 1.4291 1.4291 1.4232 1.4144 1.3977 1.3794 1.2965 1.2037 1.6713 1.6713 1.2756 1.2756 1.3139 1.3352 1.1888 1.2639 1.3356 1.3356 1.3415 1.3438 1.3438 1.6715 1.6715 1.4030 1.4116 1.3368 1.3368 1.3368 1.3096 1.2876 1.2876 1.3096 1.3096 1.3368 1.3377 1.3377 1.3377 1.3377 1.3400 1.3089 1.2323 1.3813 1.4056 1.6693 1.6693 1.6706 1.4563 1.5347 1.5347 1.5364 1.4194 1.4194 1.4194 1.4194 1.4194 1.4235 1.4313 1.4241 1.4219 1.4219 1.4219 1.6684 1.6684 1.6684 1.6684 1.4051 1.4177 1.4177 1.4177
1.4199 1.4291 1.4291 1.4291 1.4222 1.4222 1.4144 1.3972 1.2347 1.2037 1.6713 1.6713 1.2756 1.2754 1.2756 1.3142 1.1888 1.2639 1.1888 1.3415 1.3415 1.3226 1.3072 1.6716 1.4057 1.4030 1.4174 1.3368 1.3368 1.3368 1.3368 1.3087 1.2619 1.2643 1.3310 1.3368 1.3377 1.3377 1.3377 1.3377 1.3318 1.2806 1.2624 1.3833 1.4202 1.4114 1.6706 1.6706 1.6706 1.5347 1.5347 1.5347 1.4226 1.4194 1.4194 1.4194 1.4194 1.4235 1.4313 1.4313 1.4235 1.4235 1.6720 1.6720 1.6720 1.6720 1.4065 1.4010 1.4010 1.4010 1.4010
1.4211 1.4292 1.4292 1.4292 1.4222 1.4232 1.4159 1.3239 1.3139 1.3139 1.3139 1.2037 1.2037 1.2755 1.3139 1.3142 1.2779 1.2417 1.1888 1.2417 1.2927 1.3009 1.6716 1.6716 1.4057 1.4030 1.4030 1.3368 1.3368 1.3368 1.3368 1.3368 1.3169 1.2696 1.2377 1.3368 1.3377 1.3377 1.3377 1.3377 1.3102 1.3102 1.3192 1.2997 1.4202 1.4202 1.4191 1.4743 1.6707 1.6707 1.6707 1.5463 1.4227 1.4195 1.4195 1.4195 1.4195 1.4235 1.4235 1.4313 1.4235 1.4235 1.6721 1.6721 1.6721 1.6721 1.4066 1.4010 1.4010 1.4010 1.4004
1.4216 1.4311 1.4292 1.4292 1.4232 1.4232 1.4165 1.4165 1.3139 1.3139 1.3139 1.3139 1.2756 1.2756 1.3139 1.3142 1.2140 1.2140 1.2747 1.2255 1.2156 1.1888 1.6716 1.6716 1.4057 1.4030 1.4030 1.3368 1.3368 1.3368 1.3368 1.3368 1.3334 1.2804 1.3368 1.3368 1.3377 1.3377 1.3377 1.3377 1.3377 1.3377 1.3377 1.4340 1.3910 1.4202 1.4273 1.4273 1.6707 1.6707 1.5347 1.5089 1.4268 1.4195 1.4195 1.4195 1.4195 1.4236 1.4236 1.4236 1.4236 1.4236 1.6721 1.6721 1.6721 1.4066 1.4066 1.3916 1.3916 1.3916 1.3916
1.4221 1.4118 1.4364 1.4292 1.4232 1.4232 1.4232 1.4159 1.3367 1.3139 1.3139 1.3139 1.2757 1.2759 1.2756 1.2140 1.2140 1.1888 1.6716 1.2242 1.2156 1.6716 1.6716 1.4057 1.4057 1.4031 1.4031 1.4117 1.4117 1.4051 1.4117 1.3186 1.3572 1.2735 1.3287 1.3368 1.3377 1.3377 1.3377 1.3377 1.3377 1.3377 1.3377 1.5030 1.4202 1.4202 1.4274 1.4274 1.4192 1.5356 1.5052 1.4374 1.4304 1.4195 1.4195 1.4195 1.4195 1.4236 1.4236 1.4236 1.4893 1.6721 1.6721 1.6721 1.4066 1.4366 1.3970 1.3779 1.3996 1.3916 1.3916
1.4225 1.4174 1.3993 1.4216 1.3368 1.3354 1.3699 1.3148 1.2927 1.2661 1.2453 1.3139 1.2347 1.2370 1.2386 1.2417 1.3142 1.1888 1.2070 1.2976 1.2822 1.6717 1.6717 1.4058 1.4058 1.4031 1.4031 1.4031 1.3868 1.6727 1.6727 1.4031 1.3040 1.2736 1.2736 1.2377 1.3090 1.3295 1.3464 1.3484 1.2830 1.3195 1.3319 1.4259 1.4202 1.4202 1.4274 1.4274 1.4192 1.4053 1.4274 1.4274 1.4195 1.4195 1.4195 1.4195 1.4195 1.4164 1.4007 1.4152 1.6721 1.6721 1.6721 1.6721 1.3922 1.4066 1.4066 1.4857 1.3996 1.3916 1.4096
1.4168 1.4118 1.3932 1.3427 1.3393 1.3248 1.3135 1.2978 1.2830 1.2588 1.2428 1.2038 1.2377 1.2433 1.2576 1.2623 1.2637 1.2329 1.2588 1.2606 1.2635 1.6717 1.6717 1.3347 1.3347 1.3331 1.3331 1.3331 1.3331 1.3331 1.6727 1.3331 1.3157 1.2121 1.2822 1.3207 1.4203 1.4203 1.3718 1.3592 1.2558 1.3215 1.3319 1.3377 1.4203 1.4203 1.4195 1.4209 1.4209 1.4203 1.4195 1.4195 1.4195 1.4195 1.4195 1.4195 1.3969 1.4728 1.6722 1.6722 1.6722 1.6722 1.4066 1.4066 1.4066 1.3916 1.3970 1.3916 1.3916 1.3916 1.4213
1.4170 1.3895 1.4156 1.3782 1.3384 1.3242 1.3124 1.2973 1.2833 1.2523 1.2432 1.2051 1.2464 1.2732 1.2751 1.2808 1.2853 1.2877 1.2891 1.3347 1.3890 1.4344 1.6717 1.3347 1.3347 1.3331 1.3331 1.3331 1.3329 1.3326 1.3320 1.3331 1.3209 1.2377 1.3311 1.3319 1.4136 1.4136 1.3828 1.3228 1.2629 1.2466 1.3319 1.3295 1.4203 1.4203 1.4195 1.4131 1.4131 1.4131 1.4195 1.4195 1.4195 1.4195 1.4195 1.4125 1.4728 1.6722 1.6722 1.6722 1.6722 1.6722 1.4066 1.4066 1.4066 1.4066 1.3971 1.3916 1.3916 1.4011 1.4213
1.3463 1.4156 1.3783 1.3504 1.3385 1.3246 1.3131 1.2988 1.2860 1.2476 1.2440 1.2051 1.2374 1.2855 1.2898 1.3586 1.3628 1.3647 1.3053 1.3269 1.3867 1.4941 1.4941 1.4941 1.3250 1.3396 1.3402 1.3403 1.3401 1.3396 1.3335 1.3320 1.3331 1.2999 1.2736 1.3098 1.4203 1.6695 1.3319 1.3003 1.3003 1.2428 1.3003 1.3090 1.4203 1.4203 1.4196 1.4131 1.4131 1.4131 1.4125 1.4196 1.4196 1.4196 1.4196 1.4131 1.6722 1.6722 1.6722 1.6722 1.6722 1.4067 1.4067 1.4067 1.4067 1.4067 1.4067 1.4097 1.4011 1.4011 1.4213
1.3462 1.3828 1.3504 1.3504 1.3432 1.3263 1.3162 1.3044 1.2936 1.2519 1.2509 1.2788 1.3136 1.3385 1.3188 1.3093 1.6701 1.3825 1.3207 1.3269 1.3867 1.3269 1.3269 1.3269 1.3333 1.3479 1.3481 1.3471 1.3450 1.3421 1.3383 1.3386 1.3386 1.3386 1.2577 1.2842 1.2842 1.6686 1.3335 1.3335 1.3335 1.3335 1.3090 1.3296 1.4203 1.4203 1.4196 1.4196 1.4131 1.4131 1.4196 1.4196 1.4196 1.4196 1.3801 1.3801 1.6723 1.6723 1.6723 1.4067 1.4067 1.4067 1.4067 1.4067 1.4067 1.4067 1.4237 1.4213 1.4213 1.4213 1.4213
1.3461 1.3466 1.3504 1.3225 1.3145 1.3289 1.3207 1.3120 1.3041 1.2788 1.2788 1.3168 1.3796 1.3385 1.3361 1.3169 1.3805 1.3883 1.3863 1.3867 1.3867 1.3867 1.3283 1.3377 1.3483 1.3591 1.3588 1.3571 1.3543 1.3509 1.3470 1.3386 1.3386 1.3386 1.2577 1.1783 1.2842 1.2842 1.3335 1.3335 1.3335 1.3335 1.3335 1.3335 1.4168 1.4097 1.4176 1.3797 1.3797 1.4107 1.4176 1.4176 1.4176 1.4176 1.4196 1.3801 1.5055 1.5372 1.5372 1.4067 1.4067 1.4067 1.4067 1.4067 1.4067 1.4153 1.4237 1.4214 1.4214 1.4214 1.4214
1.3458 1.3427 1.3427 1.3225 1.3134 1.3011 1.3256 1.3193 1.3141 1.3324 1.2051 1.3168 1.3385 1.3385 1.3361 1.3218 1.3249 1.3294 1.3276 1.3266 1.3262 1.3270 1.3336 1.3539 1.3584 1.3693 1.3687 1.3665 1.3632 1.3595 1.3554 1.3386 1.3386 1.3386 1.3253 1.3263 1.2057 1.2842 1.3335 1.3335 1.3335 1.3335 1.3335 1.3335 1.3784 1.4103 1.3797 1.3797 1.3797 1.3797 1.4107 1.4107 1.4113 1.4113 1.4107 1.4107 1.4155 1.5304 1.5316 1.4073 1.3998 1.3998 1.3998 1.3998 1.3212 1.4083 1.4237 1.4214 1.4214 1.4214 1.4214
1.3455 1.3452 1.3428 1.3085 1.3115 1.3039 1.3300 1.3256 1.3221 1.3159 1.3796 1.3796 1.3385 1.3281 1.3302 1.3252 1.3274 1.3294 1.3278 1.3270 1.3270 1.3286 1.3775 1.4047 1.4151 1.4170 1.4656 1.4129 1.3811 1.3811 1.3811 1.3471 1.3386 1.3386 1.3614 1.3793 1.3561 1.2448 1.3335 1.3335 1.3335 1.3065 1.3335 1.3335 1.3335 1.4928 1.3420 1.3797 1.3797 1.3797 1.4177 1.3953 1.4113 1.4113 1.4108 1.4108 1.4006 1.5304 1.4707 1.3998 1.3998 1.3998 1.3998 1.3998 1.3862 1.3862 1.4099 1.4001 1.4001 1.4092 1.4092
1.3453 1.3451 1.3445 1.3401 1.3400 1.3363 1.3333 1.3304 1.3280 1.3288 1.3290 1.3796 1.3796 1.3255 1.3253 1.3275 1.3290 1.3297 1.3906 1.3935 1.3395 1.3482 1.4000 1.4089 1.4192 1.4412 1.5067 1.5115 1.4230 1.4230 1.4230 1.4230 1.4163 1.3811 1.4908 1.3776 1.3369 1.3728 1.3369 1.3539 1.3410 1.3065 1.3335 1.3335 1.3335 1.4096 1.3959 1.3797 1.3797 1.3797 1.4177 1.3973 1.4116 1.4044 1.4111 1.4177 1.4827 1.5304 1.4757 1.3998 1.3998 1.3998 1.3998 1.3998 1.3998 1.3998 1.4075 1.4092 1.4680 1.3932 1.4092
1.3450 1.3457 1.3456 1.3399 1.3393 1.3389 1.3385 1.3385 1.3385 1.3385 1.3357 1.3796 1.3796 1.3293 1.3282 1.3295 1.3304 1.3309 1.3320 1.3348 1.3403 1.3484 1.3995 1.4078 1.4179 1.3811 1.4163 1.4230 1.4230 1.4230 1.4230 1.4230 1.4262 1.3811 1.5098 1.5024 1.4083 1.4083 1.4083 1.3728 1.3645 1.3065 1.3335 1.3335 1.3335 1.4096 1.3959 1.4113 1.4113 1.4113 1.4096 1.6682 1.6682 1.4256 1.4256 1.3533 1.3291 1.5317 1.4800 1.3998 1.3998 1.3998 1.3998 1.3998 1.3998 1.4009 1.4075 1.4476 1.4476 1.4476 1.4625
1.3446 1.3457 1.3459 1.3385 1.3385 1.3385 1.3796 1.3385 1.3796 1.3385 1.3382 1.3772 1.3796 1.3323 1.3305 1.3311 1.3316 1.3320 1.3329 1.3353 1.3398 1.3464 1.3956 1.4026 1.3727 1.3472 1.4143 1.4230 1.4230 1.4230 1.4230 1.4230 1.4163 1.3472 1.6708 1.4939 1.4939 1.4169 1.4169 1.4098 1.3937 1.2311 1.3053 1.3336 1.3336 1.3695 1.6682 1.4096 1.4177 1.4177 1.4152 1.6682 1.6682 1.6682 1.6682 1.2995 1.3291 1.3291 1.5317 1.3998 1.3998 1.3998 1.3440 1.3440 1.4901 1.5040 1.3696 1.5245 1.5245 1.5245 1.5245
1.4141 1.4258 1.3505 1.3385 1.3385 1.3385 1.3796 1.3385 1.3385 1.3385 1.3385 1.3793 1.3382 1.3346 1.3291 1.3301 1.3313 1.3328 1.3337 1.3355 1.3387 1.3434 1.3485 1.3531 1.3658 1.3472 1.4143 1.4231 1.4231 1.4231 1.4231 1.4231 1.3989 1.3989 1.4231 1.5192 1.4169 1.4169 1.4201 1.4104 1.4104 1.4104 1.3053 1.3336 1.3336 1.3348 1.4178 1.4178 1.4178 1.4178 1.3960 1.4929 1.6683 1.6683 1.6683 1.6683 1.4433 1.3617 1.5318 1.3998 1.3998 1.3998 1.3917 1.4335 1.4885 1.4427 1.5015 1.5342 1.5245 1.5245 1.4902
1.4134 1.4192 1.3346 1.3492 1.3473 1.3451 1.3833 1.3451 1.3451 1.3833 1.3451 1.3429 1.3362 1.3362 1.3309 1.3318 1.3330 1.3344 1.3344 1.3356 1.3375 1.3403 1.3434 1.3463 1.3585 1.3472 1.3472 1.3812 1.3812 1.3812 1.3812 1.3812 1.3812 1.3812 1.4231 1.4169 1.4169 1.4169 1.4169 1.4169 1.4169 1.4169 1.4169 1.3336 1.3336 1.4178 1.4178 1.4178 1.4178 1.4178 1.4178 1.4178 1.4613 1.6683 1.6683 1.6683 1.3617 1.3617 1.5331 1.4708 1.4074 1.5082 1.5402 1.4003 1.5159 1.4547 1.5207 1.5342 1.5342 1.5342 1.5342
1.4123 1.4205 1.3367 1.3485 1.3477 1.3833 1.3451 1.3451 1.3451 1.3451 1.3451 1.3451 1.3440 1.3449 1.3426 1.3434 1.3444 1.3457 1.3451 1.3457 1.3468 1.3481 1.3496 1.3511 1.3532 1.3488 1.3472 1.3812 1.3472 1.3472 1.4051 1.3472 1.3812 1.3812 1.4170 1.4170 1.4170 1.4170 1.4170 1.4170 1.4170 1.4170 1.4170 1.4202 1.6689 1.6683 1.6683 1.4178 1.4178 1.4178 1.3349 1.3349 1.3349 1.3078 1.3078 1.3968 1.4011 1.4011 1.4323 1.4219 1.4327 1.5205 1.5402 1.3224 1.4051 1.3320 1.3393 1.2879 1.4648 1.5343 1.5126
1.4104 1.4205 1.3367 1.3482 1.3476 1.3468 1.3452 1.3452 1.3452 1.3452 1.3452 1.3452 1.3452 1.3455 1.3435 1.3443 1.3453 1.3465 1.3455 1.3459 1.3465 1.3463 1.3463 1.3465 1.3370 1.3369 1.3368 1.3366 1.3366 1.3366 1.3366 1.3458 1.3366 1.3772 1.4179 1.4179 1.4170 1.4170 1.4170 1.4170 1.4170 1.4170 1.4170 1.4202 1.6689 1.3445 1.3266 1.3349 1.3078 1.3349 1.3349 1.3349 1.3349 1.3349 1.3349 1.3443 1.4011 1.3443 1.3443 1.3217 1.3443 1.4564 1.3466 1.3443 1.3443 1.3443 1.3362 1.3362 1.2988 1.2988 1.2944
1.4076 1.4201 1.3367 1.3471 1.3469 1.3467 1.3452 1.3452 1.3452 1.3452 1.3452 1.3452 1.3452 1.3832 1.3832 1.3832 1.3832 1.3463 1.3463 1.3463 1.3463 1.3463 1.3463 1.3463 1.3367 1.3367 1.3370 1.3381 1.3406 1.3161 1.3461 1.3433 1.3390 1.3772 1.3745 1.4179 1.4179 1.4179 1.4179 1.4179 1.4179 1.4179 1.3745 1.6656 1.3459 1.6660 1.3374 1.3374 1.3349 1.3349 1.3349 1.3349 1.3349 1.3349 1.3349 1.3443 1.3443 1.3443 1.3443 1.3443 1.3443 1.3443 1.3443 1.3443 1.3443 1.3443 1.3362 1.3362 1.2575 1.2513 1.2945
1.4035 1.4190 1.3344 1.3452 1.3456 1.3465 1.3452 1.3452 1.6666 1.3450 1.3451 1.3446 1.3446 1.3832 1.3832 1.3832 1.3832 1.3463 1.3463 1.3463 1.3463 1.4017 1.3463 1.3463 1.3366 1.3420 1.3417 1.3412 1.3407 1.3404 1.3403 1.3400 1.3378 1.3772 1.3745 1.3745 1.6656 1.6656 1.4228 1.4302 1.4302 1.4302 1.3836 1.3745 1.3669 1.3229 1.3043 1.3045 1.3045 1.3045 1.3375 1.3375 1.3375 1.3375 1.3375 1.3455 1.3455 1.3455 1.3455 1.3455 1.3444 1.3444 1.3444 1.3444 1.3444 1.3385 1.3277 1.2988 1.2713 1.2988 1.2945
1.3984 1.4043 1.3235 1.3424 1.3436 1.3460 1.3452 1.3445 1.6666 1.3441 1.3443 1.3452 1.3452 1.3832 1.4199 1.3832 1.4199 1.3832 1.3463 1.3463 1.3463 1.3463 1.3832 1.3463 1.3382 1.3451 1.3440 1.3424 1.3409 1.3399 1.3393 1.3379 1.3371 1.3773 1.3745 1.3745 1.6656 1.6656 1.6656 1.4209 1.4302 1.4302 1.3745 1.3745 1.3745 1.3331 1.3227 1.3461 1.3749 1.3749 1.3035 1.3375 1.3045 1.3045 1.3375 1.3455 1.3455 1.3455 1.3455 1.3455 1.3455 1.3455 1.3455 1.3455 1.3455 1.3399 1.3472 1.3150 1.3472 1.3150 1.3035
1.3928 1.3992 1.3190 1.3390 1.3410 1.3454 1.3444 1.3430 1.3420 1.3419 1.3452 1.3452 1.3452 1.3832 1.4269 1.4301 1.3832 1.3832 1.3832 1.3832 1.3832 1.3463 1.3463 1.3832 1.3773 1.3448 1.3366 1.3366 1.3373 1.3396 1.3386 1.3370 1.3366 1.3773 1.3745 1.3745 1.3745 1.6657 1.6657 1.4139 1.4134 1.4252 1.3836 1.3745 1.3745 1.3461 1.3331 1.3749 1.3749 1.3233 1.3045 1.3375 1.3045 1.3311 1.3375 1.3455 1.3455 1.3455 1.3455 1.3455 1.3455 1.3455 1.3394 1.3455 1.3455 1.3394 1.3150 1.3472 1.3472 1.3472 1.3472
1.3873 1.3940 1.3310 1.3452 1.3452 1.3452 1.3420 1.3405 1.3397 1.3365 1.3365 1.3834 1.3834 1.3832 1.3832 1.3832 1.3832 1.3832 1.3832 1.3832 1.3463 1.3463 1.3608 1.4073 1.3366 1.3366 1.3773 1.3773 1.3773 1.3395 1.3382 1.3366 1.3366 1.3773 1.3745 1.3745 1.3745 1.3377 1.3323 1.3359 1.3286 1.3462 1.3381 1.3745 1.3749 1.3749 1.3749 1.3749 1.3045 1.3045 1.3045 1.3045 1.3045 1.3045 1.3045 1.3191 1.3191 1.3191 1.3394 1.3394 1.3394 1.3962 1.3962 1.3766 1.3967 1.3399 1.3150 1.3472 1.3472 1.3472 1.3472
