test/test_data/tcaap/monthly_mean_over_all_Mar__actual_et__2015-01-01_to_2019-12-31__180_by_260__inches.asc
NCOLS        180
NROWS        260
XLLCORNER     476375.000
YLLCORNER    4970875.000
CELLSIZE        100.000
NODATA_VALUE -9999.
[rows 0 to 31 of 260, columns 0 to 70 of 180]
1.2583 1.3606 1.6910 1.6910 1.3143 1.2418 1.2497 1.2239 1.3940 1.2791 1.2954 1.2954 1.2881 1.2881 1.2881 1.2337 1.2398 1.3042 1.3226 1.3226 1.2078 1.2117 1.2117 1.1677 1.2563 1.2563 1.1677 1.1677 1.1406 1.1406 1.1406 1.2738 1.2617 1.2617 1.2617 1.2820 1.2820 1.2617 1.2617 1.2617 1.2617 1.2899 1.3128 1.3128 1.3128 1.6835 1.6835 1.6834 1.6834 1.2883 1.2883 1.2883 1.2883 1.3165 1.3165 1.3165 1.2915 1.2915 1.2915 1.2915 1.2915 1.1581 1.1581 1.1534 1.1534 1.1534 1.1534 1.1534 1.1534 1.1534 1.1534
1.2214 1.2336 1.6910 1.6910 1.2883 1.2791 1.2791 1.2239 1.3940 1.2811 1.2974 1.2954 1.2954 1.2954 1.2786 1.2954 1.2403 1.2642 1.3025 1.3025 1.3328 1.4136 1.4136 1.4301 1.4301 1.6905 1.1677 1.1406 1.1406 1.2977 1.2977 1.3193 1.3193 1.3131 1.3193 1.3193 1.3193 1.3193 1.3193 1.3193 1.2913 1.2913 1.2021 1.3061 1.3128 1.6835 1.6835 1.6835 1.6835 1.6835 1.2883 1.2883 1.2922 1.2922 1.2610 1.3165 1.2915 1.2915 1.2915 1.2915 1.2915 1.2915 1.2610 1.2936 1.2936 1.2936 1.2936 1.2936 1.2936 1.1534 1.1534
1.2317 1.2214 1.6910 1.6910 1.2791 1.2791 1.2468 1.2791 1.4022 1.2791 1.2954 1.2954 1.2954 1.2881 1.2706 1.3007 1.2706 1.3038 1.4119 1.2790 1.4118 1.4603 1.4603 1.4136 1.5346 1.4398 1.4398 1.1406 1.2738 1.2977 1.2977 1.3193 1.3193 1.3193 1.3193 1.3193 1.3193 1.3193 1.2901 1.2901 1.2901 1.1661 1.1704 1.2288 1.2288 1.6817 1.6817 1.6817 1.6817 1.6817 1.2986 1.2986 1.2999 1.2999 1.2004 1.3068 1.2915 1.2915 1.2915 1.2915 1.2915 1.2915 1.2915 1.2936 1.2936 1.2936 1.2936 1.2936 1.2936 1.2936 1.1534
1.2317 1.3606 1.3292 1.6911 1.6911 1.2792 1.2792 1.4023 1.2543 1.2791 1.2955 1.2955 1.2955 1.2955 1.2706 1.3208 1.1361 1.4119 1.6908 1.6908 1.4119 1.4603 1.4603 1.4323 1.5347 1.4027 1.4398 1.3117 1.2309 1.1406 1.2964 1.3225 1.3194 1.3194 1.3194 1.3194 1.3194 1.3194 1.3194 1.2902 1.2902 1.2902 1.1704 1.1704 1.1704 1.1704 1.2918 1.2892 1.2021 1.2021 1.2021 1.1704 1.1654 1.1654 1.3068 1.3068 1.3068 1.2992 1.2992 1.2992 1.2992 1.2992 1.2992 1.3075 1.3075 1.3075 1.3075 1.3075 1.2936 1.2936 1.2936
1.3462 1.3595 1.3376 1.6911 1.6911 1.2792 1.2972 1.3739 1.2792 1.2791 1.2955 1.2955 1.2955 1.2955 1.2955 1.2881 1.2706 1.6908 1.6908 1.6908 1.4307 1.4323 1.4323 1.4475 1.4475 1.3804 1.2430 1.1406 1.1406 1.1406 1.2964 1.3225 1.3194 1.3194 1.3194 1.3194 1.3194 1.3194 1.3194 1.3194 1.3106 1.2902 1.2974 1.2974 1.3253 1.2986 1.2986 1.2022 1.2022 1.2022 1.2022 1.2022 1.1654 1.1654 1.1654 1.2993 1.2993 1.2993 1.2993 1.2993 1.2993 1.2993 1.2993 1.3075 1.3075 1.2768 1.3075 1.3075 1.3075 1.3075 1.3075
1.3469 1.3595 1.3595 1.6911 1.6911 1.6911 1.6911 1.2792 1.2469 1.2791 1.2955 1.2955 1.2955 1.2955 1.2955 1.2881 1.2706 1.6909 1.6909 1.6909 1.4307 1.4136 1.4136 1.4302 1.2965 1.2668 1.2430 1.2738 1.1406 1.1406 1.3056 1.2992 1.2902 1.3194 1.3194 1.3194 1.3194 1.3194 1.3194 1.3194 1.3194 1.2902 1.2975 1.2975 1.3253 1.3253 1.2986 1.1965 1.2022 1.1704 1.1704 1.2986 1.2999 1.2004 1.1654 1.2993 1.3068 1.3068 1.3261 1.2993 1.2993 1.2993 1.2993 1.3075 1.3075 1.3075 1.3075 1.3075 1.3075 1.3075 1.3075
1.4872 1.3303 1.3462 1.6912 1.6912 1.6912 1.6912 1.6912 1.3040 1.2792 1.2955 1.2955 1.2955 1.2955 1.2706 1.2706 1.5334 1.2671 1.4119 1.4349 1.4308 1.4137 1.4269 1.4302 1.4302 1.2668 1.2668 1.2668 1.1678 1.1678 1.2727 1.2902 1.2902 1.3194 1.3194 1.3194 1.3194 1.3194 1.3194 1.3194 1.3194 1.2902 1.3062 1.3170 1.2975 1.3253 1.3253 1.2573 1.2573 1.2986 1.2986 1.2986 1.2999 1.2999 1.2574 1.3178 1.3068 1.3068 1.3261 1.2993 1.2993 1.2993 1.2993 1.3075 1.3075 1.3075 1.3075 1.3075 1.3075 1.3075 1.3075
1.3299 1.3436 1.3436 1.6912 1.6912 1.4563 1.6912 1.6912 1.3040 1.3040 1.2955 1.2955 1.2955 1.2882 1.2707 1.2707 1.2707 1.2399 1.2283 1.2527 1.1678 1.1678 1.1678 1.1678 1.1678 1.1678 1.1678 1.1678 1.1406 1.1406 1.2965 1.2902 1.2902 1.2914 1.2914 1.3194 1.3194 1.3194 1.3194 1.3194 1.3194 1.2975 1.3062 1.3062 1.3171 1.3195 1.3195 1.2687 1.2687 1.1704 1.2986 1.2986 1.2999 1.2999 1.2574 1.1654 1.2914 1.3262 1.2993 1.2993 1.2993 1.2993 1.3160 1.3160 1.3075 1.3075 1.3075 1.3075 1.3075 1.3075 1.3075
1.3674 1.3611 1.3436 1.6912 1.6912 1.4563 1.4563 1.6912 1.3040 1.3040 1.3192 1.2955 1.2955 1.2903 1.2707 1.2707 1.2707 1.1362 1.2718 1.2718 1.1678 1.1678 1.1406 1.1406 1.1406 1.2665 1.1678 1.1678 1.1678 1.1678 1.2728 1.2902 1.3106 1.2914 1.2914 1.3194 1.3194 1.3194 1.3194 1.3218 1.3132 1.2975 1.2975 1.3062 1.3171 1.3195 1.2987 1.1704 1.2687 1.1704 1.2573 1.2886 1.2999 1.1654 1.2699 1.1654 1.3203 1.3262 1.2993 1.2993 1.2993 1.2993 1.3075 1.3075 1.3075 1.1747 1.1747 1.3075 1.2768 1.3075 1.2768
1.3674 1.3612 1.3612 1.3369 1.6899 1.4656 1.4656 1.6899 1.3167 1.3238 1.3189 1.2947 1.2947 1.2947 1.2707 1.2882 1.2955 1.2718 1.2718 1.2718 1.2006 1.1406 1.1406 1.1406 1.1678 1.1678 1.3117 1.1406 1.1406 1.1406 1.2728 1.2902 1.2993 1.3194 1.3194 1.3194 1.3194 1.3194 1.3194 1.3194 1.3194 1.3254 1.2975 1.3062 1.3062 1.2975 1.2987 1.3190 1.2687 1.2687 1.4929 1.4929 1.2004 1.2699 1.2699 1.3421 1.3000 1.3262 1.3262 1.2993 1.2993 1.2993 1.3075 1.3075 1.3075 1.3075 1.3075 1.3075 1.3075 1.2768 1.2768
1.3612 1.3612 1.3612 1.3612 1.6899 1.4656 1.4656 1.6899 1.3647 1.3079 1.3189 1.2948 1.2948 1.2888 1.2948 1.2692 1.2948 1.2948 1.2704 1.2704 1.2808 1.1628 1.1628 1.1359 1.1628 1.2833 1.3118 1.3118 1.1406 1.1406 1.2728 1.2902 1.2993 1.3195 1.3195 1.3195 1.3195 1.3195 1.3195 1.3195 1.3195 1.3254 1.3254 1.3254 1.2975 1.1704 1.2574 1.3190 1.4567 1.3359 1.3359 1.1704 1.2004 1.3203 1.4546 1.3203 1.3203 1.1654 1.2993 1.2993 1.2993 1.2993 1.3075 1.3075 1.3075 1.3075 1.3075 1.3075 1.3075 1.3075 1.3075
1.2954 1.2954 1.3612 1.3612 1.6900 1.4656 1.4656 1.6900 1.6900 1.4324 1.2933 1.2692 1.2948 1.2948 1.2692 1.2772 1.2948 1.2948 1.2704 1.2704 1.2808 1.1628 1.1628 1.1359 1.1359 1.1628 1.2833 1.1359 1.1359 1.2797 1.2797 1.2912 1.2912 1.2912 1.3211 1.3211 1.3211 1.3211 1.3195 1.3195 1.3195 1.2987 1.2987 1.2987 1.2987 1.1704 1.1704 1.3195 1.3964 1.1704 1.2975 1.2975 1.3069 1.3069 1.3262 1.3262 1.3262 1.2994 1.2994 1.1654 1.2994 1.2994 1.3075 1.3293 1.3384 1.3354 1.3075 1.3075 1.3075 1.3075 1.3293
1.3549 1.3549 1.3612 1.4926 1.3612 1.6900 1.4656 1.6900 1.6900 1.4303 1.4303 1.2692 1.2692 1.4037 1.2692 1.2692 1.2871 1.2871 1.2871 1.2704 1.1359 1.1359 1.1827 1.2464 1.2464 1.1628 1.1628 1.1359 1.1359 1.1359 1.2797 1.2912 1.2912 1.2912 1.3211 1.2912 1.2912 1.3123 1.2912 1.3211 1.3211 1.3008 1.3008 1.3008 1.3008 1.1627 1.2681 1.2996 1.3225 1.4511 1.2975 1.2975 1.2994 1.2994 1.3262 1.3199 1.3000 1.2994 1.2994 1.1654 1.1654 1.2994 1.3076 1.3076 1.3076 1.3076 1.3076 1.3076 1.3076 1.3076 1.3076
1.3369 1.3550 1.3612 1.3612 1.3762 1.3525 1.6900 1.4796 1.6900 1.4303 1.4303 1.4303 1.4223 1.2948 1.2948 1.2692 1.2692 1.2871 1.2692 1.1325 1.1737 1.2809 1.2346 1.1359 1.1359 1.1628 1.1628 1.1359 1.1359 1.2797 1.2912 1.2912 1.2912 1.2912 1.3124 1.3008 1.2912 1.3124 1.2912 1.2912 1.3211 1.3008 1.3008 1.3008 1.3008 1.3008 1.2996 1.2996 1.3087 1.3256 1.1627 1.3268 1.3268 1.2989 1.5474 1.2989 1.2989 1.3268 1.3303 1.2989 1.2989 1.1697 1.1748 1.3076 1.3076 1.3076 1.3076 1.3076 1.3076 1.3076 1.3076
1.3369 1.3369 1.3550 1.3612 1.3763 1.3763 1.3563 1.6901 1.6901 1.6927 1.4217 1.4303 1.2871 1.2692 1.2948 1.2948 1.2772 1.2692 1.2368 1.2692 1.1359 1.2809 1.2809 1.1359 1.1461 1.1628 1.1628 1.1359 1.1359 1.2797 1.2912 1.2912 1.2912 1.2912 1.2912 1.2912 1.3212 1.3212 1.3212 1.3212 1.3212 1.3008 1.3008 1.3008 1.3008 1.3225 1.3284 1.3284 1.2681 1.1627 1.1627 1.3268 1.3268 1.6814 1.5475 1.3075 1.3070 1.3268 1.3268 1.2989 1.2989 1.2989 1.1699 1.2940 1.2940 1.1699 1.2940 1.2940 1.2940 1.2940 1.3025
1.3370 1.3370 1.3370 1.3550 1.3613 1.3613 1.3613 1.3613 1.6901 1.6928 1.6928 1.4303 1.4303 1.2692 1.2969 1.4879 1.2948 1.1325 1.2606 1.2368 1.1359 1.2809 1.2809 1.2809 1.2346 1.1483 1.1628 1.1628 1.1359 1.2468 1.2615 1.2615 1.2615 1.2913 1.2913 1.2913 1.3008 1.3212 1.3212 1.3212 1.3212 1.3284 1.3284 1.3284 1.3008 1.1627 1.2996 1.2676 1.2676 1.2996 1.2996 1.3268 1.3268 1.6814 1.5475 1.4871 1.2989 1.3070 1.3303 1.3408 1.2989 1.2989 1.2651 1.1711 1.1726 1.1756 1.3167 1.3167 1.3363 1.3167 1.3167
1.3370 1.3370 1.3370 1.3550 1.2927 1.3004 1.3613 1.3613 1.3613 1.6928 1.6928 1.6928 1.4329 1.4303 1.2693 1.4674 1.2948 1.2948 1.2775 1.2652 1.2714 1.2809 1.2809 1.2809 1.2809 1.2980 1.1492 1.1489 1.1467 1.2708 1.2848 1.2615 1.2615 1.2913 1.2913 1.2913 1.1543 1.3008 1.3008 1.2913 1.3212 1.3284 1.3284 1.3284 1.1627 1.1627 1.1627 1.1627 1.1627 1.2997 1.3216 1.3268 1.3268 1.6814 1.5475 1.3075 1.6814 1.2989 1.3212 1.2989 1.2989 1.2989 1.2940 1.1705 1.1713 1.2013 1.2940 1.2940 1.2940 1.2940 1.2940
1.2106 1.2106 1.3370 1.3704 1.2927 1.3004 1.3004 1.3613 1.3613 1.3572 1.6928 1.6928 1.6928 1.4280 1.4304 1.2693 1.2949 1.2949 1.2772 1.1664 1.1737 1.2710 1.2809 1.2809 1.2809 1.1737 1.1823 1.1453 1.1359 1.1359 1.1543 1.1543 1.1543 1.2913 1.2913 1.2615 1.1543 1.2913 1.2913 1.3212 1.3212 1.3285 1.3285 1.3009 1.1627 1.1627 1.2555 1.1627 1.1627 1.2997 1.2997 1.2989 1.2989 1.6814 1.6814 1.6814 1.6814 1.6814 1.6814 1.6814 1.2989 1.2989 1.2940 1.2656 1.1699 1.1699 1.1747 1.2656 1.2940 1.2940 1.2940
1.3370 1.3370 1.3370 1.3550 1.3370 1.3004 1.3004 1.3613 1.3613 1.3572 1.3572 1.6928 1.6928 1.6928 1.3591 1.4139 1.2949 1.2949 1.2693 1.1737 1.1737 1.1737 1.2809 1.2809 1.1359 1.1359 1.1359 1.1408 1.1418 1.1359 1.1543 1.1543 1.1543 1.2913 1.2610 1.2610 1.1543 1.2913 1.3124 1.3212 1.3212 1.3285 1.3285 1.3009 1.1627 1.1627 1.1627 1.1627 1.2997 1.1627 1.2997 1.2990 1.2990 1.2990 1.6815 1.6815 1.6815 1.6815 1.6815 1.6815 1.3071 1.2989 1.2940 1.2940 1.2656 1.2713 1.2732 1.1699 1.1699 1.2940 1.2940
1.3256 1.3256 1.3424 1.3424 1.3424 1.3716 1.3112 1.3473 1.2641 1.3573 1.3573 1.3573 1.6929 1.6929 1.6929 1.6929 1.2949 1.2693 1.2693 1.3074 1.3017 1.2809 1.2809 1.2809 1.2809 1.2809 1.2346 1.1359 1.1359 1.3045 1.3008 1.2925 1.2925 1.1543 1.1543 1.1543 1.1543 1.2615 1.2913 1.1543 1.3009 1.3009 1.3009 1.3009 1.1980 1.1627 1.1627 1.1627 1.1627 1.2555 1.2997 1.2990 1.2990 1.3269 1.3269 1.6815 1.6815 1.6815 1.6815 1.6815 1.3071 1.3443 1.3363 1.2940 1.3101 1.3088 1.3387 1.3179 1.3179 1.1792 1.1830
1.3256 1.3256 1.3424 1.3424 1.3424 1.3112 1.3112 1.3112 1.2756 1.2580 1.2580 1.3174 1.3232 1.4132 1.6922 1.6922 1.6922 1.2611 1.2874 1.3039 1.3074 1.3074 1.2809 1.2809 1.2809 1.2809 1.2809 1.2809 1.2809 1.3074 1.3212 1.2925 1.2925 1.2925 1.2925 1.1543 1.1543 1.3150 1.3212 1.1543 1.1627 1.2555 1.2555 1.3009 1.1627 1.1627 1.1627 1.1627 1.1627 1.3088 1.3088 1.2990 1.2990 1.3183 1.3269 1.3269 1.2990 1.2990 1.3212 1.2990 1.3071 1.3168 1.2941 1.2941 1.3168 1.3263 1.3387 1.3387 1.3179 1.3179 1.2800
1.3257 1.3375 1.3375 1.3424 1.3257 1.3257 1.3112 1.3112 1.2837 1.2580 1.2580 1.3356 1.3174 1.3885 1.3885 1.6923 1.6923 1.2696 1.2874 1.3039 1.3039 1.3039 1.2775 1.2775 1.2775 1.2775 1.2329 1.2329 1.2775 1.2959 1.3141 1.2853 1.2925 1.2925 1.2925 1.3213 1.3213 1.3213 1.3213 1.2913 1.2997 1.2682 1.2682 1.2556 1.3009 1.3009 1.3009 1.1980 1.1627 1.3285 1.3285 1.2990 1.2990 1.3183 1.3071 1.3071 1.3071 1.2990 1.2990 1.2990 1.3304 1.3259 1.2941 1.2652 1.3263 1.3466 1.3466 1.3444 1.3444 1.2950 1.3179
1.3257 1.3257 1.3257 1.3257 1.3257 1.3257 1.3112 1.3112 1.2837 1.2580 1.2522 1.3469 1.3174 1.3304 1.4133 1.6923 1.6923 1.6923 1.2874 1.3040 1.3040 1.2979 1.3040 1.2775 1.2775 1.2329 1.2330 1.2329 1.2329 1.2959 1.3053 1.2853 1.2853 1.3141 1.3141 1.3141 1.3141 1.3141 1.2841 1.2841 1.2889 1.2560 1.2560 1.2560 1.3009 1.3009 1.3009 1.3221 1.2677 1.2997 1.3285 1.3183 1.2990 1.3183 1.3269 1.3071 1.3071 1.2990 1.2990 1.2990 1.3304 1.3444 1.1700 1.2941 1.3383 1.3466 1.3466 1.3444 1.3444 1.3220 1.2950
1.3257 1.3257 1.3257 1.3257 1.3257 1.3257 1.2931 1.3112 1.2837 1.2580 1.2522 1.3469 1.3174 1.3178 1.4133 1.4133 1.6923 1.6923 1.2623 1.2979 1.2979 1.3040 1.2775 1.2979 1.2442 1.2442 1.2329 1.2329 1.1354 1.2983 1.2422 1.3141 1.3141 1.3141 1.3141 1.3141 1.3141 1.2841 1.2841 1.2841 1.2889 1.2560 1.2560 1.2560 1.2902 1.2902 1.2902 1.2902 1.1521 1.2889 1.2889 1.2934 1.3220 1.3220 1.3220 1.3220 1.2990 1.2990 1.2990 1.2990 1.3213 1.3168 1.3444 1.3220 1.2855 1.6823 1.3092 1.3444 1.3168 1.2941 1.3022
1.1845 1.3257 1.4793 1.3257 1.3257 1.3257 1.2932 1.3112 1.2580 1.2580 1.2522 1.2522 1.2308 1.2308 1.3174 1.4072 1.6923 1.6923 1.2696 1.3040 1.3040 1.3040 1.2775 1.2676 1.2676 1.1354 1.1354 1.1354 1.1725 1.2764 1.2841 1.2841 1.3141 1.3141 1.3141 1.2937 1.2841 1.2841 1.2841 1.2841 1.2890 1.2560 1.2560 1.2560 1.1521 1.3133 1.2902 1.3133 1.2560 1.2432 1.3107 1.3220 1.3220 1.3244 1.3220 1.3220 1.3220 1.3132 1.3161 1.3161 1.3161 1.2939 1.3446 1.3446 1.3446 1.3022 1.3022 1.5542 1.6823 1.6823 1.4873
1.1845 1.3376 1.4793 1.3257 1.3257 1.3257 1.3257 1.3474 1.2580 1.2580 1.2522 1.2522 1.2580 1.2580 1.3184 1.3885 1.5081 1.6924 1.3779 1.2764 1.3040 1.3040 1.3040 1.1725 1.1725 1.1354 1.1354 1.1356 1.1354 1.2841 1.2841 1.3141 1.3141 1.2841 1.2937 1.2937 1.2841 1.2841 1.2841 1.3141 1.3196 1.2560 1.3004 1.2801 1.1521 1.1521 1.2432 1.3004 1.3133 1.2432 1.3220 1.3220 1.3220 1.3220 1.3133 1.3220 1.3220 1.2934 1.2934 1.3161 1.3444 1.3167 1.3167 1.5135 1.3446 1.3222 1.5232 1.4708 1.4708 1.4479 1.4466
1.1845 1.1845 1.4793 1.3257 1.3257 1.3257 1.3257 1.3257 1.3266 1.2580 1.2308 1.3175 1.3063 1.2308 1.3770 1.3770 1.5081 1.6924 1.4067 1.4287 1.2960 1.2960 1.2960 1.3040 1.1725 1.1725 1.1355 1.1355 1.1355 1.2841 1.2938 1.3142 1.3142 1.2938 1.2938 1.2841 1.2942 1.1430 1.2841 1.3142 1.3196 1.2902 1.2801 1.2801 1.1851 1.1851 1.1851 1.2432 1.2902 1.3196 1.3220 1.3220 1.3158 1.3220 1.3133 1.3034 1.3133 1.2934 1.2934 1.3161 1.3444 1.3446 1.3167 1.3167 1.3167 1.3167 1.6824 1.2648 1.2648 1.2648 1.2648
1.1845 1.1845 1.3257 1.3257 1.3257 1.3257 1.3257 1.3257 1.3064 1.2697 1.3064 1.3175 1.3064 1.2308 1.2308 1.3886 1.4187 1.6924 1.3698 1.3061 1.3040 1.2960 1.2960 1.3040 1.1726 1.1355 1.1355 1.1726 1.1355 1.1430 1.1430 1.1430 1.1821 1.2749 1.2539 1.2773 1.2773 1.2539 1.2749 1.3075 1.3129 1.2784 1.2556 1.1851 1.2902 1.2902 1.2902 1.1521 1.2902 1.2902 1.2946 1.2946 1.2946 1.2946 1.2514 1.1622 1.1622 1.2934 1.2934 1.2934 1.3220 1.3178 1.3178 1.3366 1.3178 1.2940 1.2940 1.2940 1.2644 1.2940 1.2644
1.3257 1.3257 1.1845 1.1845 1.3257 1.3257 1.3257 1.3257 1.3064 1.3064 1.1903 1.3241 1.4041 1.4041 1.2581 1.2390 1.6925 1.6925 1.2697 1.3040 1.3040 1.3040 1.3040 1.3040 1.2776 1.2776 1.2776 1.1726 1.2776 1.2854 1.4800 1.4800 1.3827 1.1821 1.3310 1.2773 1.2773 1.1695 1.2854 1.3075 1.2556 1.1521 1.1521 1.2432 1.2902 1.3129 1.1521 1.1521 1.1521 1.1521 1.1622 1.1622 1.1622 1.1942 1.2519 1.1622 1.1622 1.2934 1.2934 1.2934 1.3221 1.3178 1.3178 1.5153 1.4995 1.4995 1.2940 1.2940 1.2940 1.2940 1.2644
1.3121 1.3121 1.3258 1.3258 1.1845 1.1845 1.3258 1.3258 1.3064 1.3241 1.1903 1.3241 1.3241 1.3399 1.3669 1.3669 1.6925 1.6925 1.2697 1.3041 1.3041 1.3041 1.3041 1.2980 1.2776 1.2776 1.2776 1.2776 1.2776 1.2854 1.2854 1.2854 1.2854 1.2854 1.3075 1.2854 1.1431 1.2854 1.2854 1.1431 1.1521 1.1521 1.1521 1.2902 1.2902 1.2902 1.2560 1.2560 1.2560 1.1521 1.1622 1.1622 1.1622 1.1943 1.1950 1.1622 1.1622 1.3162 1.2934 1.2635 1.2934 1.3447 1.3389 1.4709 1.4995 1.4995 1.3447 1.2940 1.2940 1.2940 1.2940
1.3121 1.3121 1.3121 1.3121 1.3121 1.3121 1.1724 1.3573 1.3742 1.3592 1.3424 1.3302 1.3450 1.3742 1.3669 1.3669 1.6925 1.6925 1.2855 1.3041 1.3041 1.3041 1.3041 1.2980 1.2776 1.2776 1.2776 1.1355 1.1355 1.2423 1.2423 1.2854 1.2854 1.2854 1.3076 1.2854 1.2854 1.2854 1.2854 1.2854 1.1522 1.1522 1.2903 1.2903 1.2903 1.2903 1.2988 1.2890 1.3196 1.1522 1.1622 1.1622 1.2514 1.1942 1.1942 1.1622 1.1622 1.2935 1.2935 1.4736 1.5006 1.3447 1.3447 1.3447 1.3366 1.4996 1.3447 1.3447 1.3447 1.3447 1.3260
1.3121 1.3121 1.2699 1.2699 1.2699 1.3121 1.2067 1.1559 1.3593 1.3593 1.3593 1.3129 1.3129 1.3742 1.3742 1.3742 1.6904 1.6904 1.2966 1.2966 1.2966 1.2966 1.2677 1.2677 1.2677 1.2781 1.2447 1.2447 1.1726 1.2750 1.2950 1.2423 1.1821 1.2854 1.2854 1.3142 1.2854 1.3080 1.3080 1.3134 1.2903 1.2903 1.2903 1.2903 1.2903 1.2903 1.2433 1.2903 1.2903 1.3129 1.3154 1.2514 1.2514 1.1942 1.1942 1.1942 1.1622 1.3221 1.3445 1.3162 1.5233 1.3447 1.3447 1.3447 1.3390 1.4996 1.3447 1.3447 1.3447 1.3447 1.3447
