test/test_data/tcaap/monthly_mean_over_all_Feb__actual_et__2015-01-01_to_2019-12-31__180_by_260__inches.asc
NCOLS        180
NROWS        260
XLLCORNER     476375.000
YLLCORNER    4970875.000
CELLSIZE        100.000
NODATA_VALUE -9999.
[rows 87 to 115 of 260, columns 0 to 66 of 180]
0.49113 0.48148 0.48891 0.50018 0.50018 0.48355 0.46245 0.49907 0.49907 0.50018 0.50018 0.50101 0.46245 0.50007 0.58374 0.58374 0.49402 0.50332 0.50332 0.50332 0.50332 0.50332 0.50332 0.50332 0.49463 0.49326 0.49132 0.51748 0.50999 0.51267 0.51547 0.52135 0.52420 0.52135 0.52135 0.51742 0.51802 0.51838 0.51864 0.51864 0.51864 0.48257 0.51921 0.52117 0.52126 0.51950 0.51870 0.51484 0.51449 0.51449 0.51449 0.51449 0.51450 0.51448 0.51438 0.51759 0.51735 0.52043 0.51858 0.51558 0.57002 0.57002 0.57002 0.57002 0.50972 0.51510 0.51616
0.49114 0.48661 0.48893 0.50019 0.50019 0.50102 0.50102 0.50102 0.50019 0.50019 0.50102 0.49511 0.49511 0.49374 0.58375 0.58375 0.58375 0.47483 0.50333 0.50333 0.50333 0.50333 0.50333 0.50333 0.49464 0.51534 0.51534 0.51749 0.51000 0.51534 0.51787 0.52136 0.52104 0.52136 0.52136 0.51687 0.51737 0.51822 0.51852 0.51865 0.51865 0.48258 0.52029 0.52295 0.52540 0.52145 0.51450 0.51792 0.51442 0.51792 0.51452 0.51455 0.51462 0.51472 0.50941 0.51450 0.52015 0.57004 0.57004 0.57004 0.57004 0.57004 0.57004 0.57004 0.49328 0.51829 0.51721
0.48706 0.48662 0.48894 0.50020 0.50103 0.50123 0.50045 0.50103 0.50103 0.50020 0.49512 0.49512 0.47145 0.53522 0.58377 0.58377 0.58377 0.49404 0.50334 0.50334 0.50334 0.50334 0.50334 0.50334 0.49875 0.51536 0.51070 0.51536 0.51001 0.49166 0.51803 0.51950 0.52061 0.52123 0.51898 0.51682 0.51733 0.51806 0.51848 0.51350 0.51417 0.48259 0.52186 0.52435 0.52474 0.52303 0.51793 0.51793 0.51793 0.51475 0.51455 0.51540 0.51509 0.51214 0.51451 0.50942 0.51682 0.57006 0.57006 0.57006 0.57006 0.57006 0.57006 0.57006 0.51502 0.51560 0.51258
0.48762 0.48895 0.49036 0.50021 0.50105 0.50105 0.50105 0.50105 0.50105 0.49984 0.50105 0.49513 0.48358 0.50676 0.58379 0.58379 0.47485 0.47485 0.50335 0.50335 0.50335 0.50335 0.50335 0.50335 0.49073 0.50753 0.51177 0.51403 0.50990 0.49060 0.51723 0.51897 0.52037 0.52143 0.51617 0.51682 0.51733 0.51777 0.51834 0.48259 0.51457 0.48260 0.51991 0.52075 0.52084 0.56704 0.52732 0.51794 0.51453 0.51774 0.51461 0.51578 0.51541 0.51220 0.51495 0.50944 0.51180 0.57008 0.57008 0.57008 0.57008 0.57007 0.57007 0.51503 0.51503 0.51040 0.51259
0.48917 0.49037 0.49037 0.50106 0.50106 0.50106 0.50106 0.50106 0.50106 0.50106 0.49514 0.49514 0.46247 0.50960 0.58381 0.58381 0.50337 0.50337 0.50337 0.50337 0.50337 0.50337 0.50337 0.50854 0.49074 0.50637 0.51054 0.50762 0.50948 0.50984 0.51728 0.51904 0.52046 0.52153 0.51628 0.51694 0.51744 0.51787 0.48264 0.51881 0.51971 0.48145 0.47356 0.52084 0.52014 0.56705 0.51796 0.51796 0.51724 0.51797 0.49266 0.51615 0.51578 0.51513 0.51505 0.51685 0.52020 0.57009 0.57009 0.57009 0.51974 0.57009 0.51504 0.51504 0.51520 0.51504 0.51725
0.48938 0.49119 0.49119 0.50107 0.50107 0.50107 0.50107 0.50107 0.50107 0.50107 0.49515 0.49515 0.46248 0.51087 0.58382 0.58382 0.49408 0.50338 0.50338 0.50338 0.50338 0.50338 0.50338 0.50855 0.50134 0.50613 0.50730 0.50372 0.51242 0.50948 0.51713 0.51905 0.52058 0.51892 0.51651 0.51717 0.51764 0.51802 0.48264 0.48254 0.48233 0.48158 0.47916 0.46169 0.57184 0.51178 0.51797 0.51455 0.51713 0.49341 0.49285 0.51650 0.51617 0.51565 0.51555 0.51412 0.52338 0.52000 0.57011 0.57011 0.51835 0.51835 0.51042 0.49339 0.51506 0.51506 0.51964
0.49615 0.49584 0.49676 0.50867 0.50867 0.50867 0.50867 0.50867 0.50867 0.50867 0.50601 0.50601 0.47644 0.52644 0.58384 0.58384 0.50339 0.50339 0.50339 0.50339 0.50339 0.50339 0.50339 0.50339 0.48332 0.50510 0.50950 0.51262 0.50885 0.47799 0.51258 0.50857 0.51021 0.48324 0.48281 0.51745 0.48272 0.51819 0.51854 0.51402 0.48241 0.48213 0.48057 0.52845 0.51529 0.51456 0.51456 0.51881 0.51723 0.51396 0.51727 0.51681 0.51396 0.51371 0.51365 0.51753 0.51753 0.51687 0.51507 0.52001 0.51539 0.51043 0.51111 0.51057 0.51507 0.51507 0.51966
0.48623 0.49242 0.49431 0.50869 0.50869 0.50869 0.50869 0.50869 0.50869 0.50810 0.50602 0.50602 0.50602 0.58467 0.58467 0.50195 0.50785 0.50785 0.50785 0.50785 0.50785 0.50785 0.50785 0.50785 0.48333 0.50389 0.51015 0.51100 0.50134 0.47759 0.50621 0.51376 0.51521 0.51114 0.48280 0.52141 0.52141 0.52141 0.51870 0.51890 0.51955 0.48233 0.48210 0.52446 0.51810 0.51458 0.51747 0.51932 0.51845 0.51782 0.51486 0.51451 0.51434 0.51441 0.51067 0.51313 0.51754 0.49608 0.49590 0.51433 0.51373 0.49468 0.49393 0.49352 0.51508 0.51508 0.51967
0.49179 0.49243 0.50676 0.50676 0.50787 0.50870 0.50870 0.50776 0.50870 0.50870 0.50604 0.50604 0.49534 0.58469 0.58469 0.50787 0.50787 0.50787 0.50787 0.50787 0.50787 0.50787 0.50787 0.50197 0.49738 0.50218 0.50922 0.50938 0.51152 0.48559 0.51547 0.51719 0.51469 0.52235 0.52580 0.52580 0.52142 0.52142 0.48264 0.51857 0.51896 0.48251 0.51603 0.51879 0.52023 0.51536 0.51543 0.51865 0.51810 0.51772 0.51494 0.51464 0.51484 0.51491 0.51068 0.51756 0.51314 0.51720 0.51696 0.51446 0.51397 0.49513 0.49468 0.49358 0.49335 0.51509 0.51969
0.47160 0.49248 0.50680 0.50791 0.50694 0.50788 0.50788 0.50788 0.50871 0.50605 0.50605 0.50605 0.49535 0.58470 0.58470 0.50788 0.50788 0.50788 0.50788 0.50788 0.50788 0.50788 0.50788 0.49108 0.50103 0.50844 0.51043 0.51056 0.48485 0.51446 0.51620 0.48857 0.51913 0.52639 0.52056 0.48764 0.48764 0.48764 0.52506 0.52054 0.52475 0.50325 0.52513 0.52649 0.52291 0.52289 0.52268 0.52187 0.51530 0.51478 0.51500 0.51495 0.51516 0.51516 0.51069 0.51316 0.51316 0.48577 0.51587 0.51482 0.51432 0.49531 0.49482 0.49355 0.49336 0.51047 0.51789
0.49434 0.49318 0.47671 0.50624 0.50708 0.50794 0.50789 0.50789 0.50872 0.50606 0.50606 0.47647 0.58323 0.58472 0.50789 0.50789 0.50789 0.50789 0.50789 0.50789 0.50789 0.50789 0.50789 0.49109 0.49240 0.50748 0.50937 0.50938 0.48392 0.50875 0.51041 0.51656 0.51798 0.52486 0.52057 0.48765 0.48766 0.48770 0.52399 0.52400 0.52475 0.50294 0.52252 0.52549 0.52181 0.52133 0.52133 0.52132 0.52118 0.52147 0.52140 0.52147 0.56976 0.56976 0.51728 0.51674 0.51674 0.51669 0.51952 0.51910 0.51389 0.49547 0.49495 0.49337 0.51048 0.51790 0.51790
0.49681 0.49557 0.50404 0.50462 0.50739 0.50710 0.50697 0.50516 0.48696 0.50608 0.50608 0.49537 0.58324 0.58474 0.48038 0.50791 0.50791 0.50791 0.50791 0.50791 0.50791 0.50791 0.50791 0.49626 0.49722 0.50536 0.50814 0.50801 0.48282 0.50737 0.50902 0.48673 0.48779 0.52393 0.52324 0.52337 0.48805 0.48806 0.52318 0.52316 0.52336 0.50186 0.52254 0.52254 0.52097 0.52069 0.52092 0.52110 0.52134 0.52146 0.52149 0.52148 0.56978 0.56978 0.51729 0.48648 0.48648 0.48647 0.51603 0.51556 0.51487 0.51238 0.49553 0.51579 0.50970 0.50419 0.51420
0.49683 0.49622 0.50816 0.50083 0.50736 0.50686 0.48852 0.49000 0.50083 0.50609 0.50609 0.53231 0.58326 0.58476 0.48038 0.50792 0.50792 0.50792 0.50792 0.50792 0.50792 0.50792 0.50792 0.49111 0.49640 0.50518 0.50679 0.50648 0.50479 0.48297 0.50747 0.50905 0.51510 0.52211 0.52159 0.52186 0.52199 0.52206 0.52211 0.52220 0.52304 0.50181 0.50174 0.52255 0.52043 0.52027 0.52062 0.52092 0.52142 0.52150 0.52150 0.52150 0.52145 0.52144 0.48724 0.48641 0.51655 0.48628 0.52029 0.51985 0.51919 0.51970 0.51713 0.51713 0.51713 0.51687 0.51364
0.50190 0.50309 0.51442 0.50876 0.50793 0.48729 0.50691 0.50881 0.50133 0.50084 0.47650 0.51630 0.58328 0.58477 0.48039 0.50793 0.50202 0.50202 0.49617 0.48039 0.48039 0.48039 0.48039 0.47832 0.49566 0.50390 0.50535 0.50484 0.50657 0.48157 0.50579 0.50739 0.51342 0.51938 0.51915 0.51967 0.52072 0.52038 0.52069 0.52167 0.52205 0.50169 0.52290 0.52337 0.52003 0.51994 0.52036 0.52071 0.52099 0.52118 0.52152 0.52152 0.52147 0.52148 0.51660 0.52082 0.52072 0.52056 0.52028 0.51985 0.51923 0.51979 0.51722 0.51714 0.51714 0.51688 0.51365
0.50310 0.50310 0.50877 0.50877 0.50877 0.50877 0.50556 0.50556 0.48768 0.49222 0.48720 0.58330 0.58330 0.58479 0.48040 0.49115 0.50133 0.50027 0.48765 0.48842 0.48866 0.48928 0.48974 0.47725 0.47633 0.50260 0.50387 0.50315 0.50476 0.48008 0.50405 0.50566 0.51165 0.51330 0.51396 0.51612 0.51738 0.51852 0.51952 0.52038 0.52110 0.52170 0.52220 0.52261 0.51914 0.51886 0.51912 0.51933 0.53562 0.51967 0.52134 0.51659 0.51663 0.52149 0.52146 0.52081 0.52068 0.52049 0.52019 0.51977 0.51975 0.51984 0.51918 0.51857 0.51810 0.51747 0.51725
0.49686 0.49686 0.50879 0.50879 0.50879 0.50879 0.50879 0.50879 0.50638 0.51138 0.52653 0.54842 0.58481 0.58481 0.50204 0.51017 0.50135 0.49973 0.48678 0.49810 0.49987 0.48846 0.48847 0.47561 0.47554 0.50134 0.50242 0.50148 0.50297 0.47856 0.47996 0.48137 0.50985 0.51077 0.51240 0.51470 0.51607 0.51729 0.51837 0.51929 0.52062 0.52067 0.52119 0.52161 0.51815 0.51787 0.51814 0.51839 0.51861 0.51882 0.51980 0.51500 0.51993 0.51994 0.51934 0.51924 0.51909 0.51889 0.51866 0.51896 0.51868 0.51840 0.51812 0.51786 0.51763 0.51464 0.51444
0.49522 0.49522 0.49520 0.49254 0.49520 0.49520 0.50880 0.50880 0.50614 0.48215 0.48985 0.54844 0.54809 0.58483 0.52030 0.51326 0.51336 0.50458 0.49783 0.49620 0.49938 0.48770 0.48763 0.47475 0.47467 0.50018 0.50107 0.49992 0.50129 0.47709 0.47848 0.50628 0.50810 0.50915 0.51087 0.51329 0.51540 0.51668 0.51779 0.51873 0.51949 0.51952 0.52003 0.52044 0.51696 0.51666 0.51694 0.51720 0.51747 0.51774 0.51902 0.51917 0.51928 0.51935 0.51883 0.51879 0.51870 0.51855 0.51836 0.51871 0.51847 0.51823 0.51799 0.51776 0.49614 0.49409 0.49398
0.49523 0.49523 0.49521 0.49521 0.49521 0.49255 0.49521 0.49521 0.49521 0.49255 0.48086 0.53859 0.54811 0.58429 0.58429 0.51516 0.51236 0.50807 0.49764 0.49621 0.49654 0.49667 0.48677 0.47385 0.48726 0.49912 0.49849 0.49849 0.47337 0.47515 0.47707 0.50458 0.50737 0.50854 0.51098 0.51260 0.51409 0.51542 0.51656 0.51751 0.51826 0.51708 0.51872 0.51910 0.51495 0.51098 0.51550 0.51578 0.51609 0.51642 0.51800 0.51823 0.51842 0.51857 0.51815 0.51818 0.51816 0.51808 0.51795 0.51836 0.51818 0.51798 0.51778 0.51760 0.49608 0.49404 0.49394
0.49524 0.49524 0.49522 0.49522 0.49256 0.49522 0.49522 0.49522 0.49522 0.49256 0.50375 0.48522 0.54687 0.58431 0.58431 0.51775 0.51259 0.50822 0.48896 0.49947 0.49947 0.49947 0.49947 0.49267 0.48069 0.48208 0.48220 0.49716 0.48334 0.48434 0.47154 0.49757 0.49869 0.49946 0.50064 0.50193 0.50336 0.51416 0.51531 0.51625 0.51696 0.49848 0.51729 0.51687 0.51336 0.51360 0.51385 0.51413 0.51448 0.51487 0.48552 0.48571 0.48589 0.51760 0.51729 0.51742 0.51748 0.51747 0.51742 0.51791 0.51779 0.51766 0.51752 0.51738 0.49599 0.49396 0.49389
0.49259 0.49525 0.49523 0.49523 0.50148 0.50148 0.50148 0.50148 0.49523 0.49466 0.50029 0.48155 0.49515 0.58433 0.58433 0.58433 0.51195 0.51254 0.50334 0.48755 0.50301 0.50301 0.49948 0.49652 0.48070 0.48070 0.48153 0.48172 0.48210 0.48070 0.47309 0.49731 0.49794 0.49942 0.50462 0.50574 0.50712 0.52003 0.52114 0.52202 0.52265 0.50470 0.51498 0.51521 0.51161 0.51178 0.51199 0.51227 0.51265 0.51311 0.51529 0.51145 0.51184 0.51646 0.51627 0.51650 0.51666 0.51674 0.51677 0.51736 0.51731 0.51725 0.51717 0.51710 0.49588 0.49386 0.49381
0.49260 0.49525 0.50150 0.50150 0.50150 0.50150 0.50150 0.50033 0.50150 0.50150 0.48410 0.48811 0.48925 0.48935 0.58434 0.58434 0.58434 0.51140 0.50580 0.50303 0.50303 0.50303 0.50303 0.49653 0.49653 0.48071 0.48071 0.48120 0.48135 0.48071 0.47310 0.49732 0.49796 0.49937 0.50233 0.50344 0.50497 0.51816 0.51925 0.52009 0.52066 0.52018 0.52039 0.52051 0.51090 0.51098 0.51113 0.51139 0.51180 0.51232 0.51070 0.51529 0.51170 0.51627 0.51509 0.51544 0.51570 0.51588 0.51601 0.51669 0.51673 0.51674 0.51674 0.49572 0.49572 0.49372 0.49370
0.48457 0.48753 0.50151 0.50151 0.50151 0.50151 0.50151 0.50034 0.50151 0.50151 0.47133 0.49608 0.51052 0.49972 0.58436 0.58436 0.49659 0.50540 0.50419 0.50570 0.50486 0.48757 0.47310 0.49270 0.49270 0.49654 0.48072 0.48072 0.48099 0.49270 0.49270 0.49270 0.49797 0.49934 0.50145 0.50281 0.50472 0.51699 0.51803 0.51880 0.51928 0.51353 0.51875 0.50900 0.50895 0.50893 0.50901 0.50923 0.48175 0.51023 0.51293 0.51303 0.51323 0.51342 0.51357 0.51373 0.51388 0.51402 0.51415 0.51427 0.51437 0.48266 0.51453 0.51525 0.51529 0.51272 0.51135
0.48458 0.48754 0.50152 0.50152 0.50152 0.50152 0.50152 0.50152 0.50152 0.50152 0.49910 0.49445 0.50998 0.49897 0.49825 0.58438 0.58438 0.50447 0.50071 0.50412 0.50488 0.47772 0.47311 0.49271 0.49276 0.49655 0.49655 0.49272 0.49287 0.49271 0.49271 0.49887 0.49886 0.49939 0.50186 0.50377 0.50550 0.50848 0.51140 0.51401 0.51616 0.51717 0.51713 0.50719 0.50701 0.50687 0.50685 0.50703 0.50745 0.50808 0.51094 0.51235 0.51257 0.51279 0.51295 0.51314 0.51331 0.51348 0.51363 0.51378 0.51390 0.51402 0.51412 0.51487 0.51239 0.51243 0.51246
0.48459 0.52063 0.50153 0.50153 0.50153 0.50153 0.50153 0.50153 0.50153 0.50153 0.50153 0.49912 0.50011 0.49935 0.49832 0.58440 0.58440 0.50416 0.50111 0.49986 0.50259 0.48759 0.48074 0.48117 0.49314 0.49657 0.49657 0.49657 0.49272 0.49657 0.49657 0.49272 0.49888 0.50068 0.49938 0.49916 0.49802 0.49925 0.50304 0.50945 0.51953 0.51073 0.51056 0.50195 0.50516 0.50490 0.50478 0.50490 0.50530 0.50596 0.50680 0.51165 0.51189 0.51212 0.51231 0.51252 0.51272 0.51291 0.51309 0.51326 0.51342 0.51356 0.51369 0.51448 0.51206 0.51214 0.51219
0.51905 0.52065 0.52014 0.51964 0.51900 0.52065 0.50154 0.50154 0.50154 0.50154 0.50154 0.49913 0.49793 0.49668 0.49538 0.49421 0.58441 0.58441 0.50283 0.50005 0.50394 0.49953 0.49658 0.49383 0.49400 0.49658 0.49658 0.49658 0.49658 0.49658 0.49658 0.49658 0.49866 0.50122 0.50103 0.49847 0.50474 0.49100 0.49100 0.52383 0.52308 0.51453 0.51425 0.50397 0.50353 0.50314 0.50293 0.50297 0.50334 0.50400 0.50485 0.51093 0.51119 0.51144 0.51165 0.51189 0.51211 0.51233 0.51254 0.51273 0.51292 0.51309 0.51324 0.51407 0.51173 0.51183 0.51191
0.52730 0.52066 0.52623 0.52671 0.51897 0.52066 0.52714 0.50156 0.50039 0.50156 0.50156 0.47136 0.51436 0.49403 0.49403 0.49555 0.58443 0.58443 0.50343 0.50159 0.49973 0.49954 0.49925 0.50463 0.50463 0.49659 0.49659 0.49659 0.49659 0.49659 0.49659 0.49659 0.49659 0.49735 0.49983 0.49983 0.49983 0.51920 0.53790 0.52780 0.49649 0.48766 0.51308 0.50266 0.50278 0.49848 0.49820 0.49817 0.49845 0.50223 0.47678 0.51019 0.51047 0.51075 0.51098 0.51124 0.51149 0.51173 0.48084 0.48100 0.48116 0.51260 0.51278 0.51365 0.51138 0.51151 0.51161
0.52084 0.52067 0.52673 0.52673 0.52673 0.52116 0.52573 0.52573 0.52573 0.52573 0.52573 0.53453 0.49786 0.50941 0.49404 0.49766 0.58445 0.58445 0.50429 0.50207 0.49991 0.51927 0.49660 0.50291 0.50539 0.50297 0.49660 0.49660 0.49660 0.49660 0.49660 0.49660 0.49660 0.49736 0.49736 0.49736 0.49588 0.52692 0.53085 0.45883 0.49768 0.49612 0.52099 0.50675 0.50254 0.50040 0.50001 0.49989 0.50013 0.50068 0.50147 0.50944 0.50974 0.51004 0.51029 0.51057 0.51085 0.51111 0.48040 0.48059 0.48076 0.51209 0.51231 0.51321 0.51103 0.51118 0.51131
0.51711 0.51716 0.52201 0.51684 0.52201 0.52314 0.52314 0.52314 0.52314 0.52314 0.53115 0.53310 0.52830 0.52830 0.50942 0.49987 0.58447 0.58446 0.50532 0.50275 0.50029 0.50481 0.49927 0.50429 0.50540 0.50298 0.49661 0.49661 0.49661 0.49661 0.49661 0.49661 0.49737 0.49737 0.49237 0.49045 0.49423 0.49753 0.48865 0.48377 0.49784 0.49593 0.52083 0.50558 0.50038 0.49939 0.49894 0.49874 0.49890 0.49936 0.50006 0.48104 0.48128 0.50928 0.50959 0.50989 0.50539 0.51048 0.51077 0.51105 0.51132 0.51158 0.51182 0.51277 0.51066 0.51084 0.51100
0.51712 0.52316 0.52316 0.52316 0.52316 0.52316 0.52316 0.52316 0.52316 0.52316 0.52316 0.53311 0.52511 0.52498 0.50489 0.50796 0.50630 0.58486 0.58486 0.49782 0.49502 0.49680 0.49673 0.50025 0.50541 0.50300 0.49662 0.49662 0.49662 0.49662 0.49662 0.49662 0.49738 0.47070 0.49231 0.50033 0.49325 0.49810 0.49514 0.49335 0.49672 0.50528 0.51880 0.50343 0.49840 0.50015 0.49966 0.49941 0.49947 0.49982 0.50039 0.48048 0.48073 0.50855 0.50888 0.50920 0.50952 0.50984 0.51016 0.51046 0.51076 0.51105 0.51301 0.51231 0.51029 0.51050 0.51069
