test/test_data/tcaap/monthly_variance_over_all_Dec__actual_et__2015-01-01_to_2019-12-31__180_by_260__inches.asc
NCOLS        180
NROWS        260
XLLCORNER     476375.000
YLLCORNER    4970875.000
CELLSIZE        100.000
NODATA_VALUE -9999.
[rows 125 to 149 of 260, columns 57 to 113 of 180]
0.88256E-1 0.88347E-1 0.88539E-1 0.88675E-1 0.88751E-1 0.88258E-1 0.88149E-1 0.88463E-1 0.88463E-1 0.88826E-1 0.89234E-1 0.90274E-1 0.90865E-1 0.91399E-1 0.91822E-1 0.92109E-1 0.91005E-1 0.90887E-1 0.90905E-1 0.90940E-1 0.90928E-1 0.90919E-1 0.99253E-1 0.90912E-1 0.90915E-1 0.90928E-1 0.90928E-1 0.91922E-1 0.92223E-1 0.91922E-1 0.92223E-1 0.91922E-1 0.90621E-1 0.90621E-1 0.90621E-1 0.90621E-1 0.91922E-1 0.90621E-1 0.90560E-1 0.90665E-1 0.90648E-1 0.90625E-1 0.90603E-1 0.90587E-1 0.90578E-1 0.90555E-1 0.90541E-1 0.91812E-1 0.92045E-1 0.92045E-1 0.99137E-1 0.99137E-1 0.99137E-1 0.92730E-1 0.92803E-1 0.92803E-1 0.92045E-1
0.88384E-1 0.88495E-1 0.88582E-1 0.88636E-1 0.88674E-1 0.87922E-1 0.88467E-1 0.88467E-1 0.88467E-1 0.88437E-1 0.88797E-1 0.90074E-1 0.90614E-1 0.91122E-1 0.91547E-1 0.91865E-1 0.90946E-1 0.90836E-1 0.90868E-1 0.90935E-1 0.90920E-1 0.90899E-1 0.90883E-1 0.90883E-1 0.90932E-1 0.90932E-1 0.90932E-1 0.91926E-1 0.92284E-1 0.92284E-1 0.91926E-1 0.91926E-1 0.91926E-1 0.91926E-1 0.91926E-1 0.90625E-1 0.90625E-1 0.91926E-1 0.91817E-1 0.90664E-1 0.90538E-1 0.90538E-1 0.90550E-1 0.90587E-1 0.90571E-1 0.90544E-1 0.90538E-1 0.91817E-1 0.92049E-1 0.92049E-1 0.92049E-1 0.99142E-1 0.99142E-1 0.92379E-1 0.92679E-1 0.92768E-1 0.92444E-1
0.88362E-1 0.88483E-1 0.88577E-1 0.88636E-1 0.87926E-1 0.88241E-1 0.88471E-1 0.88471E-1 0.88471E-1 0.88389E-1 0.88694E-1 0.89911E-1 0.90390E-1 0.90860E-1 0.91275E-1 0.91610E-1 0.90705E-1 0.90936E-1 0.90936E-1 0.90936E-1 0.90887E-1 0.90864E-1 0.90851E-1 0.90799E-1 0.90799E-1 0.92230E-1 0.92230E-1 0.91931E-1 0.91931E-1 0.91931E-1 0.91931E-1 0.91931E-1 0.91931E-1 0.91931E-1 0.90629E-1 0.90629E-1 0.90826E-1 0.93105E-1 0.90542E-1 0.90542E-1 0.91821E-1 0.91821E-1 0.91821E-1 0.90588E-1 0.90568E-1 0.90542E-1 0.90542E-1 0.91821E-1 0.92054E-1 0.92054E-1 0.92054E-1 0.90627E-1 0.90532E-1 0.90596E-1 0.90464E-1 0.90771E-1 0.90391E-1
0.88334E-1 0.88466E-1 0.88682E-1 0.88682E-1 0.87930E-1 0.88245E-1 0.88475E-1 0.88475E-1 0.88475E-1 0.88160E-1 0.88618E-1 0.89785E-1 0.90209E-1 0.90640E-1 0.91037E-1 0.91375E-1 0.90623E-1 0.90927E-1 0.90940E-1 0.90856E-1 0.90940E-1 0.90940E-1 0.92194E-1 0.91745E-1 0.92100E-1 0.92100E-1 0.92599E-1 0.92293E-1 0.92293E-1 0.92293E-1 0.91935E-1 0.91935E-1 0.91935E-1 0.90495E-1 0.91801E-1 0.91801E-1 0.93251E-1 0.96260E-1 0.94164E-1 0.92180E-1 0.91825E-1 0.91825E-1 0.91825E-1 0.90546E-1 0.91995E-1 0.91990E-1 0.90546E-1 0.91825E-1 0.92058E-1 0.92058E-1 0.90770E-1 0.90583E-1 0.90458E-1 0.90307E-1 0.90149E-1 0.88077E-1 0.87709E-1
0.89165E-1 0.89411E-1 0.89411E-1 0.88642E-1 0.88960E-1 0.88960E-1 0.88455E-1 0.88455E-1 0.88479E-1 0.88164E-1 0.88164E-1 0.89411E-1 0.90459E-1 0.90832E-1 0.91844E-1 0.92304E-1 0.90899E-1 0.90847E-1 0.90743E-1 0.92239E-1 0.92327E-1 0.92327E-1 0.92604E-1 0.92105E-1 0.92105E-1 0.92105E-1 0.92105E-1 0.91806E-1 0.91806E-1 0.91806E-1 0.91806E-1 0.90499E-1 0.91667E-1 0.91667E-1 0.91806E-1 0.91806E-1 0.91806E-1 0.96264E-1 0.92185E-1 0.92185E-1 0.91829E-1 0.91829E-1 0.91829E-1 0.90550E-1 0.92031E-1 0.91983E-1 0.91983E-1 0.90550E-1 0.92062E-1 0.90774E-1 0.90728E-1 0.90550E-1 0.91231E-1 0.90817E-1 0.90220E-1 0.86711E-1 0.86973E-1
0.89146E-1 0.88646E-1 0.88646E-1 0.88964E-1 0.88964E-1 0.88964E-1 0.88459E-1 0.88459E-1 0.88459E-1 0.88459E-1 0.88459E-1 0.88983E-1 0.90279E-1 0.90632E-1 0.91720E-1 0.92541E-1 0.90227E-1 0.89944E-1 0.87627E-1 0.88462E-1 0.92608E-1 0.92608E-1 0.92608E-1 0.91633E-1 0.93244E-1 0.93244E-1 0.92109E-1 0.91810E-1 0.91810E-1 0.91810E-1 0.91810E-1 0.91810E-1 0.91753E-1 0.91671E-1 0.91810E-1 0.91810E-1 0.91810E-1 0.92189E-1 0.92189E-1 0.92189E-1 0.91834E-1 0.91834E-1 0.92224E-1 0.91834E-1 0.92119E-1 0.92119E-1 0.91834E-1 0.91834E-1 0.90776E-1 0.90764E-1 0.90711E-1 0.91378E-1 0.91296E-1 0.87654E-1 0.87855E-1 0.87529E-1 0.87529E-1
0.89131E-1 0.89000E-1 0.88968E-1 0.88968E-1 0.88968E-1 0.88968E-1 0.88463E-1 0.88463E-1 0.88463E-1 0.88463E-1 0.88463E-1 0.88987E-1 0.90118E-1 0.90456E-1 0.91444E-1 0.90349E-1 0.90231E-1 0.87971E-1 0.88409E-1 0.88466E-1 0.92157E-1 0.92157E-1 0.92157E-1 0.91165E-1 0.91165E-1 0.91165E-1 0.91651E-1 0.91371E-1 0.91371E-1 0.91371E-1 0.91371E-1 0.89904E-1 0.91455E-1 0.91814E-1 0.91814E-1 0.91814E-1 0.91814E-1 0.91703E-1 0.92194E-1 0.92194E-1 0.91838E-1 0.91838E-1 0.92228E-1 0.92228E-1 0.92193E-1 0.92139E-1 0.91838E-1 0.91814E-1 0.90752E-1 0.91807E-1 0.91342E-1 0.90971E-1 0.89770E-1 0.87246E-1 0.87859E-1 0.87859E-1 0.87533E-1
0.88332E-1 0.88654E-1 0.88654E-1 0.88654E-1 0.88972E-1 0.88467E-1 0.88467E-1 0.88467E-1 0.88467E-1 0.88467E-1 0.88467E-1 0.89143E-1 0.89949E-1 0.90282E-1 0.89939E-1 0.90152E-1 0.89703E-1 0.87950E-1 0.88470E-1 0.88470E-1 0.88470E-1 0.92161E-1 0.92161E-1 0.92161E-1 0.91248E-1 0.91248E-1 0.92881E-1 0.92576E-1 0.91457E-1 0.91457E-1 0.91457E-1 0.91457E-1 0.91376E-1 0.91376E-1 0.91376E-1 0.91376E-1 0.89908E-1 0.89755E-1 0.91489E-1 0.91489E-1 0.91795E-1 0.91489E-1 0.91489E-1 0.91489E-1 0.91842E-1 0.91842E-1 0.92198E-1 0.91798E-1 0.91789E-1 0.91599E-1 0.90556E-1 0.90387E-1 0.91415E-1 0.91523E-1 0.87863E-1 0.87537E-1 0.87537E-1
0.88326E-1 0.88658E-1 0.88658E-1 0.88658E-1 0.88976E-1 0.88471E-1 0.88471E-1 0.88471E-1 0.88471E-1 0.88471E-1 0.88471E-1 0.88471E-1 0.88375E-1 0.88863E-1 0.89754E-1 0.90470E-1 0.90164E-1 0.89897E-1 0.88474E-1 0.88474E-1 0.88474E-1 0.92013E-1 0.92166E-1 0.92166E-1 0.92166E-1 0.92166E-1 0.92581E-1 0.92581E-1 0.92581E-1 0.92581E-1 0.92581E-1 0.92581E-1 0.91380E-1 0.91380E-1 0.91380E-1 0.91380E-1 0.89981E-1 0.89868E-1 0.91493E-1 0.91493E-1 0.91863E-1 0.91493E-1 0.91493E-1 0.91493E-1 0.91538E-1 0.91508E-1 0.91793E-1 0.91708E-1 0.91453E-1 0.91275E-1 0.89867E-1 0.91130E-1 0.91222E-1 0.91222E-1 0.91222E-1 0.91042E-1 0.87867E-1
0.88320E-1 0.88477E-1 0.88662E-1 0.88662E-1 0.88980E-1 0.88475E-1 0.88475E-1 0.88475E-1 0.88475E-1 0.88475E-1 0.88475E-1 0.88161E-1 0.88161E-1 0.88644E-1 0.89756E-1 0.90501E-1 0.90453E-1 0.90242E-1 0.92168E-1 0.88478E-1 0.88478E-1 0.92017E-1 0.92170E-1 0.92553E-1 0.92553E-1 0.92170E-1 0.92585E-1 0.92585E-1 0.92585E-1 0.92585E-1 0.92585E-1 0.91466E-1 0.91384E-1 0.91384E-1 0.91384E-1 0.91384E-1 0.89982E-1 0.91497E-1 0.91497E-1 0.91497E-1 0.91868E-1 0.91868E-1 0.91868E-1 0.91868E-1 0.91868E-1 0.91868E-1 0.91785E-1 0.91681E-1 0.91428E-1 0.91263E-1 0.91061E-1 0.90842E-1 0.91226E-1 0.91226E-1 0.91226E-1 0.91226E-1 0.88383E-1
0.88310E-1 0.88461E-1 0.88563E-1 0.88666E-1 0.88983E-1 0.88479E-1 0.88479E-1 0.88479E-1 0.88479E-1 0.88479E-1 0.88164E-1 0.88164E-1 0.88229E-1 0.88657E-1 0.89823E-1 0.90635E-1 0.89932E-1 0.90246E-1 0.92172E-1 0.92174E-1 0.88482E-1 0.88482E-1 0.88407E-1 0.92557E-1 0.92557E-1 0.92557E-1 0.91892E-1 0.92597E-1 0.92589E-1 0.92589E-1 0.92589E-1 0.91470E-1 0.89920E-1 0.89920E-1 0.91388E-1 0.91388E-1 0.91519E-1 0.91501E-1 0.91872E-1 0.91872E-1 0.91872E-1 0.91872E-1 0.91872E-1 0.91872E-1 0.91872E-1 0.91872E-1 0.91501E-1 0.91638E-1 0.90846E-1 0.91264E-1 0.91002E-1 0.90846E-1 0.91230E-1 0.91230E-1 0.91230E-1 0.91230E-1 0.90846E-1
0.88291E-1 0.88436E-1 0.88538E-1 0.88931E-1 0.88987E-1 0.88483E-1 0.88733E-1 0.88733E-1 0.88483E-1 0.88487E-1 0.88183E-1 0.88202E-1 0.88304E-1 0.88813E-1 0.89954E-1 0.90870E-1 0.90092E-1 0.90219E-1 0.92179E-1 0.92179E-1 0.99027E-1 0.88486E-1 0.88486E-1 0.92561E-1 0.92561E-1 0.92561E-1 0.92266E-1 0.91393E-1 0.92522E-1 0.92522E-1 0.92522E-1 0.91393E-1 0.91393E-1 0.91393E-1 0.91393E-1 0.91393E-1 0.91524E-1 0.91506E-1 0.91876E-1 0.91876E-1 0.91876E-1 0.91876E-1 0.91876E-1 0.91876E-1 0.91876E-1 0.91876E-1 0.91876E-1 0.92126E-1 0.91128E-1 0.91235E-1 0.90964E-1 0.90850E-1 0.91235E-1 0.91235E-1 0.91235E-1 0.91235E-1 0.91235E-1
0.88272E-1 0.88408E-1 0.88831E-1 0.88914E-1 0.89003E-1 0.88610E-1 0.88763E-1 0.88954E-1 0.89174E-1 0.89417E-1 0.89399E-1 0.89682E-1 0.89837E-1 0.89974E-1 0.90108E-1 0.91148E-1 0.91590E-1 0.91956E-1 0.91754E-1 0.91754E-1 0.99032E-1 0.99032E-1 0.88490E-1 0.91754E-1 0.91754E-1 0.92566E-1 0.91397E-1 0.91397E-1 0.91397E-1 0.91397E-1 0.91397E-1 0.91397E-1 0.91397E-1 0.91397E-1 0.91397E-1 0.90924E-1 0.91012E-1 0.90995E-1 0.90908E-1 0.90995E-1 0.90995E-1 0.91881E-1 0.91881E-1 0.91881E-1 0.91881E-1 0.91881E-1 0.91881E-1 0.92130E-1 0.92130E-1 0.91239E-1 0.90854E-1 0.90854E-1 0.91239E-1 0.91239E-1 0.91239E-1 0.91239E-1 0.92130E-1
0.88231E-1 0.88656E-1 0.88769E-1 0.88903E-1 0.89061E-1 0.88730E-1 0.88929E-1 0.89147E-1 0.89376E-1 0.89331E-1 0.89573E-1 0.90332E-1 0.90634E-1 0.90913E-1 0.91162E-1 0.89946E-1 0.91607E-1 0.91480E-1 0.91758E-1 0.91681E-1 0.91681E-1 0.99037E-1 0.91681E-1 0.91758E-1 0.91758E-1 0.91681E-1 0.91401E-1 0.91401E-1 0.91401E-1 0.91401E-1 0.91401E-1 0.91401E-1 0.91401E-1 0.91401E-1 0.91401E-1 0.91016E-1 0.91016E-1 0.90999E-1 0.90999E-1 0.90999E-1 0.90999E-1 0.91885E-1 0.91885E-1 0.91885E-1 0.91885E-1 0.91885E-1 0.91885E-1 0.92134E-1 0.92134E-1 0.91243E-1 0.91243E-1 0.91243E-1 0.91243E-1 0.91243E-1 0.91243E-1 0.91243E-1 0.91243E-1
0.90290E-1 0.90370E-1 0.88772E-1 0.88904E-1 0.89061E-1 0.88731E-1 0.88933E-1 0.89154E-1 0.89388E-1 0.89348E-1 0.89596E-1 0.90023E-1 0.90161E-1 0.91212E-1 0.91419E-1 0.90032E-1 0.90100E-1 0.91686E-1 0.91686E-1 0.91686E-1 0.91685E-1 0.91685E-1 0.91329E-1 0.91329E-1 0.91547E-1 0.91685E-1 0.91405E-1 0.91405E-1 0.91405E-1 0.91405E-1 0.98550E-1 0.91405E-1 0.91405E-1 0.91405E-1 0.91405E-1 0.91020E-1 0.91003E-1 0.91003E-1 0.91003E-1 0.91003E-1 0.91003E-1 0.91003E-1 0.91889E-1 0.91889E-1 0.91889E-1 0.91889E-1 0.91889E-1 0.92139E-1 0.92139E-1 0.91247E-1 0.91247E-1 0.91247E-1 0.91247E-1 0.91247E-1 0.91247E-1 0.91247E-1 0.91247E-1
0.90301E-1 0.90377E-1 0.90471E-1 0.90585E-1 0.90722E-1 0.89459E-1 0.89666E-1 0.89895E-1 0.90138E-1 0.89791E-1 0.89917E-1 0.90366E-1 0.90516E-1 0.90628E-1 0.90407E-1 0.90079E-1 0.90104E-1 0.90104E-1 0.91690E-1 0.91690E-1 0.91690E-1 0.91690E-1 0.91690E-1 0.91551E-1 0.93168E-1 0.91282E-1 0.91491E-1 0.91491E-1 0.91491E-1 0.91491E-1 0.91491E-1 0.91491E-1 0.91260E-1 0.91491E-1 0.91410E-1 0.91024E-1 0.91007E-1 0.91007E-1 0.91007E-1 0.91007E-1 0.94688E-1 0.92804E-1 0.92804E-1 0.93500E-1 0.93500E-1 0.93500E-1 0.93500E-1 0.92143E-1 0.92143E-1 0.91252E-1 0.91252E-1 0.91252E-1 0.91252E-1 0.91252E-1 0.91252E-1 0.91252E-1 0.91252E-1
0.90314E-1 0.90387E-1 0.90476E-1 0.90587E-1 0.90721E-1 0.89455E-1 0.89661E-1 0.89891E-1 0.90135E-1 0.89792E-1 0.89920E-1 0.90376E-1 0.90531E-1 0.90644E-1 0.90783E-1 0.89980E-1 0.89969E-1 0.91948E-1 0.92087E-1 0.92087E-1 0.92087E-1 0.92087E-1 0.92087E-1 0.92164E-1 0.93509E-1 0.93509E-1 0.92852E-1 0.91918E-1 0.91918E-1 0.91502E-1 0.91496E-1 0.91496E-1 0.91496E-1 0.91496E-1 0.91414E-1 0.91029E-1 0.91012E-1 0.91012E-1 0.91012E-1 0.91012E-1 0.94693E-1 0.92808E-1 0.92808E-1 0.94693E-1 0.93504E-1 0.93504E-1 0.93504E-1 0.92147E-1 0.92147E-1 0.92147E-1 0.91256E-1 0.91256E-1 0.91256E-1 0.91256E-1 0.91256E-1 0.91256E-1 0.91256E-1
0.90331E-1 0.90398E-1 0.90483E-1 0.90589E-1 0.90718E-1 0.89447E-1 0.89650E-1 0.89876E-1 0.90118E-1 0.89784E-1 0.89912E-1 0.90320E-1 0.90482E-1 0.90603E-1 0.90771E-1 0.89973E-1 0.91732E-1 0.92091E-1 0.92091E-1 0.92091E-1 0.92091E-1 0.92091E-1 0.92091E-1 0.92091E-1 0.93578E-1 0.93578E-1 0.92787E-1 0.93307E-1 0.93307E-1 0.91783E-1 0.90892E-1 0.91362E-1 0.94980E-1 0.91362E-1 0.90896E-1 0.90896E-1 0.91175E-1 0.91175E-1 0.91016E-1 0.91016E-1 0.92813E-1 0.92813E-1 0.92813E-1 0.94698E-1 0.94698E-1 0.94056E-1 0.94056E-1 0.92152E-1 0.92152E-1 0.92152E-1 0.92152E-1 0.92152E-1 0.92152E-1 0.90875E-1 0.90875E-1 0.91260E-1 0.91260E-1
0.90349E-1 0.90412E-1 0.90492E-1 0.90591E-1 0.90714E-1 0.89433E-1 0.89628E-1 0.89848E-1 0.90083E-1 0.89766E-1 0.89893E-1 0.90184E-1 0.90354E-1 0.90490E-1 0.90723E-1 0.89960E-1 0.89977E-1 0.92095E-1 0.92095E-1 0.92095E-1 0.92095E-1 0.92095E-1 0.92095E-1 0.92095E-1 0.93582E-1 0.93575E-1 0.92791E-1 0.92791E-1 0.93312E-1 0.93312E-1 0.91372E-1 0.91366E-1 0.93060E-1 0.92694E-1 0.90900E-1 0.90900E-1 0.91179E-1 0.91179E-1 0.92705E-1 0.91179E-1 0.92975E-1 0.92975E-1 0.92975E-1 0.92975E-1 0.92975E-1 0.93593E-1 0.92066E-1 0.92120E-1 0.92120E-1 0.92120E-1 0.92156E-1 0.92156E-1 0.91816E-1 0.90879E-1 0.90879E-1 0.91264E-1 0.91264E-1
0.90370E-1 0.90429E-1 0.90501E-1 0.90592E-1 0.89258E-1 0.89413E-1 0.89596E-1 0.89803E-1 0.90027E-1 0.89734E-1 0.89858E-1 0.89946E-1 0.90123E-1 0.90285E-1 0.90594E-1 0.89919E-1 0.89981E-1 0.92100E-1 0.92100E-1 0.89981E-1 0.92100E-1 0.92100E-1 0.92100E-1 0.92100E-1 0.93587E-1 0.93580E-1 0.92796E-1 0.92796E-1 0.92787E-1 0.93316E-1 0.91376E-1 0.91370E-1 0.93064E-1 0.92699E-1 0.90904E-1 0.90904E-1 0.91183E-1 0.91183E-1 0.91183E-1 0.91183E-1 0.92979E-1 0.92979E-1 0.92979E-1 0.92979E-1 0.91183E-1 0.91183E-1 0.92070E-1 0.92124E-1 0.92124E-1 0.92124E-1 0.92124E-1 0.92124E-1 0.91785E-1 0.91234E-1 0.91234E-1 0.91234E-1 0.91234E-1
0.90394E-1 0.90446E-1 0.90511E-1 0.90593E-1 0.89247E-1 0.89386E-1 0.89554E-1 0.89744E-1 0.89953E-1 0.89690E-1 0.89810E-1 0.89611E-1 0.89788E-1 0.89985E-1 0.90190E-1 0.90784E-1 0.89985E-1 0.92104E-1 0.92104E-1 0.92104E-1 0.92104E-1 0.92104E-1 0.92104E-1 0.93591E-1 0.93591E-1 0.92800E-1 0.92800E-1 0.92800E-1 0.92800E-1 0.92800E-1 0.91374E-1 0.91374E-1 0.92703E-1 0.92703E-1 0.90492E-1 0.90492E-1 0.90794E-1 0.91187E-1 0.91187E-1 0.91187E-1 0.92984E-1 0.92984E-1 0.92984E-1 0.92984E-1 0.91187E-1 0.91187E-1 0.91238E-1 0.92129E-1 0.92129E-1 0.92129E-1 0.92129E-1 0.92129E-1 0.92129E-1 0.91238E-1 0.91238E-1 0.91238E-1 0.91238E-1
0.90330E-1 0.90342E-1 0.90339E-1 0.90634E-1 0.89148E-1 0.89111E-1 0.89071E-1 0.89040E-1 0.89030E-1 0.89056E-1 0.89136E-1 0.88988E-1 0.89288E-1 0.89613E-1 0.89900E-1 0.90368E-1 0.89989E-1 0.89989E-1 0.92108E-1 0.92108E-1 0.92108E-1 0.92108E-1 0.93596E-1 0.93596E-1 0.93596E-1 0.92805E-1 0.92795E-1 0.92805E-1 0.92805E-1 0.92805E-1 0.89778E-1 0.89621E-1 0.92708E-1 0.92708E-1 0.90913E-1 0.90496E-1 0.90798E-1 0.91192E-1 0.91192E-1 0.91192E-1 0.92988E-1 0.92988E-1 0.92988E-1 0.92988E-1 0.91191E-1 0.91191E-1 0.91242E-1 0.91242E-1 0.91242E-1 0.91242E-1 0.92133E-1 0.92133E-1 0.91242E-1 0.91242E-1 0.91242E-1 0.91242E-1 0.91242E-1
0.90361E-1 0.90367E-1 0.90364E-1 0.90659E-1 0.89166E-1 0.89103E-1 0.89011E-1 0.88901E-1 0.88786E-1 0.88682E-1 0.87516E-1 0.87265E-1 0.88555E-1 0.89025E-1 0.89605E-1 0.89184E-1 0.89993E-1 0.89993E-1 0.92113E-1 0.92112E-1 0.92112E-1 0.92112E-1 0.93600E-1 0.93600E-1 0.93600E-1 0.92809E-1 0.92809E-1 0.92809E-1 0.92809E-1 0.92809E-1 0.89625E-1 0.90500E-1 0.92712E-1 0.92712E-1 0.90500E-1 0.90500E-1 0.90802E-1 0.91196E-1 0.91196E-1 0.91140E-1 0.92993E-1 0.94879E-1 0.94879E-1 0.92993E-1 0.91140E-1 0.91196E-1 0.91140E-1 0.89642E-1 0.89661E-1 0.91247E-1 0.91247E-1 0.91247E-1 0.91247E-1 0.91247E-1 0.91247E-1 0.91247E-1 0.90862E-1
0.90394E-1 0.90394E-1 0.90394E-1 0.90704E-1 0.89798E-1 0.89798E-1 0.89254E-1 0.89254E-1 0.89254E-1 0.88789E-1 0.87507E-1 0.87017E-1 0.88072E-1 0.88530E-1 0.89276E-1 0.89017E-1 0.89422E-1 0.89997E-1 0.89997E-1 0.89997E-1 0.91978E-1 0.93424E-1 0.93536E-1 0.93536E-1 0.93597E-1 0.92804E-1 0.92813E-1 0.92813E-1 0.92751E-1 0.92751E-1 0.90998E-1 0.90505E-1 0.92717E-1 0.92716E-1 0.92716E-1 0.92716E-1 0.92997E-1 0.92997E-1 0.92997E-1 0.92997E-1 0.90981E-1 0.89742E-1 0.91714E-1 0.90981E-1 0.92997E-1 0.89402E-1 0.89610E-1 0.89608E-1 0.91075E-1 0.91021E-1 0.91021E-1 0.91159E-1 0.91251E-1 0.91251E-1 0.91251E-1 0.90866E-1 0.90866E-1
0.91274E-1 0.90398E-1 0.90398E-1 0.89434E-1 0.89802E-1 0.89802E-1 0.89802E-1 0.89802E-1 0.89802E-1 0.87563E-1 0.87021E-1 0.87021E-1 0.86305E-1 0.86536E-1 0.86536E-1 0.87789E-1 0.89145E-1 0.89736E-1 0.90001E-1 0.90023E-1 0.92236E-1 0.92448E-1 0.93540E-1 0.91653E-1 0.92198E-1 0.91734E-1 0.92809E-1 0.92818E-1 0.92756E-1 0.92756E-1 0.90509E-1 0.90509E-1 0.92721E-1 0.92721E-1 0.92721E-1 0.92721E-1 0.93002E-1 0.93002E-1 0.93002E-1 0.93002E-1 0.93002E-1 0.93002E-1 0.90760E-1 0.90986E-1 0.93002E-1 0.93097E-1 0.91148E-1 0.91148E-1 0.91025E-1 0.91148E-1 0.91255E-1 0.91255E-1 0.91255E-1 0.91255E-1 0.91255E-1 0.91255E-1 0.91255E-1
