test/test_data/tcaap/monthly_mean_over_all_Mar__actual_et__2015-01-01_to_2019-12-31__180_by_260__inches.asc
NCOLS        180
NROWS        260
XLLCORNER     476375.000
YLLCORNER    4970875.000
CELLSIZE        100.000
NODATA_VALUE -9999.
[rows 160 to 191 of 260, columns 71 to 141 of 180]
1.2783 1.2928 1.2035 1.2156 1.2441 1.3813 1.3945 1.3945 1.3945 1.3945 1.4014 1.3288 1.2705 1.2993 1.2993 1.2993 1.2993 1.2993 1.2696 1.2903 1.2943 1.2311 1.1981 1.2053 1.1619 1.2190 1.2812 1.3065 1.3188 1.3188 1.3507 1.3590 1.3590 1.3590 1.3927 1.3927 1.4034 1.4034 1.3927 1.4034 1.4034 1.4034 1.4069 1.4419 1.3921 1.4655 1.4655 1.4655 1.3138 1.4655 1.4655 1.4248 1.6691 1.6691 1.6691 1.6691 1.4031 1.4151 1.4057 1.4057 1.4058 1.4058 1.3965 1.4006 1.3446 1.3933 1.4099 1.4099 1.4099 1.4099 1.4099
1.2736 1.2268 1.2316 1.2724 1.2130 1.2558 1.3945 1.3945 1.3945 1.3945 1.4014 1.4014 1.1641 1.2993 1.2993 1.2993 1.2993 1.2993 1.2697 1.2903 1.2803 1.1885 1.1966 1.2164 1.2164 1.2487 1.2854 1.3188 1.3188 1.3507 1.3507 1.3590 1.3590 1.3590 1.4034 1.4034 1.4034 1.4034 1.3590 1.3590 1.4034 1.4034 1.4535 1.4535 1.3921 1.3921 1.4069 1.4069 1.4069 1.4069 1.4655 1.3532 1.6691 1.6691 1.6691 1.6691 1.4058 1.4058 1.4057 1.4058 1.4058 1.4058 1.4058 1.4099 1.3933 1.2797 1.3075 1.3075 1.2797 1.4015 1.2621
1.2731 1.2278 1.2735 1.2574 1.2724 1.3979 1.4054 1.3971 1.3971 1.4024 1.4020 1.4020 1.4014 1.3231 1.2993 1.2993 1.2930 1.2930 1.3146 1.2903 1.2788 1.2130 1.2280 1.2488 1.2706 1.2936 1.3113 1.3188 1.3188 1.3507 1.3507 1.3590 1.3590 1.3590 1.4034 1.4034 1.4034 1.3590 1.4034 1.4034 1.4034 1.4034 1.4535 1.5200 1.3921 1.4069 1.4069 1.4069 1.4069 1.4655 1.3832 1.2776 1.4180 1.6691 1.6691 1.6691 1.4059 1.4059 1.4059 1.4059 1.3700 1.3700 1.4059 1.3076 1.3076 1.3076 1.3076 1.3076 1.3076 1.2797 1.2803
1.2682 1.2641 1.2655 1.2831 1.2182 1.3620 1.4054 1.3971 1.3971 1.3971 1.4020 1.3078 1.3610 1.3104 1.2885 1.2846 1.2616 1.2700 1.2857 1.2842 1.2811 1.2912 1.2362 1.2571 1.2705 1.2985 1.3128 1.3188 1.3507 1.3188 1.3188 1.3591 1.3591 1.3591 1.4034 1.3927 1.3591 1.3591 1.4034 1.4034 1.4034 1.4025 1.4971 1.4971 1.4971 1.4025 1.4156 1.4070 1.4070 1.4655 1.3001 1.2977 1.2792 1.6692 1.6692 1.6692 1.6692 1.4059 1.4059 1.3701 1.3701 1.3701 1.3076 1.3076 1.3076 1.3076 1.3076 1.3076 1.3076 1.2053 1.2053
1.2637 1.2586 1.2586 1.2182 1.1408 1.2522 1.4054 1.3971 1.3971 1.3971 1.4020 1.2877 1.2972 1.2846 1.2846 1.2616 1.2913 1.2700 1.2700 1.2913 1.2803 1.2008 1.2173 1.2572 1.2802 1.3080 1.3258 1.3574 1.3574 1.3258 1.3258 1.3558 1.3558 1.3558 1.3861 1.3928 1.4035 1.4035 1.4035 1.4035 1.4035 1.4025 1.4971 1.4070 1.4971 1.4971 1.3905 1.4070 1.4070 1.4070 1.2667 1.4025 1.4059 1.6692 1.6692 1.6692 1.6692 1.6692 1.4059 1.4059 1.4059 1.3966 1.3933 1.3933 1.3076 1.2804 1.3076 1.2804 1.2627 1.3740 1.4099
1.2598 1.2541 1.2530 1.1775 1.2523 1.2523 1.2523 1.1408 1.3171 1.3972 1.4020 1.2608 1.2913 1.2913 1.2539 1.2700 1.2913 1.2913 1.2913 1.2913 1.2898 1.2600 1.2184 1.2580 1.2809 1.3258 1.3258 1.3575 1.3575 1.3258 1.3575 1.3558 1.3959 1.3558 1.3959 1.3959 1.3959 1.3959 1.3959 1.3959 1.3959 1.4018 1.3928 1.4884 1.4959 1.4959 1.3990 1.4070 1.4070 1.4070 1.4026 1.4026 1.4059 1.4059 1.6692 1.6692 1.6692 1.6692 1.4059 1.3410 1.3404 1.3385 1.3447 1.3741 1.3250 1.3076 1.2246 1.2246 1.6661 1.6661 1.4100
1.2564 1.2506 1.2490 1.1774 1.1789 1.2523 1.2523 1.1723 1.2502 1.2549 1.2379 1.2700 1.4101 1.4020 1.4020 1.4020 1.4020 1.3167 1.3167 1.3167 1.2607 1.1975 1.2206 1.2587 1.2810 1.3092 1.3258 1.3575 1.3575 1.3559 1.3562 1.3558 1.3558 1.3558 1.3558 1.3558 1.3558 1.3260 1.3710 1.3710 1.3710 1.3805 1.3373 1.3373 1.4052 1.3990 1.3990 1.3805 1.3934 1.3756 1.4018 1.3663 1.4061 1.4061 1.4096 1.4033 1.4061 1.4096 1.3984 1.3844 1.3411 1.3411 1.3741 1.3741 1.3934 1.4007 1.4687 1.6661 1.6661 1.6661 1.4100
1.2535 1.2482 1.2469 1.1792 1.1782 1.1853 1.2462 1.2172 1.2302 1.2009 1.2265 1.2783 1.2993 1.3308 1.3308 1.3308 1.3308 1.2748 1.2977 1.2805 1.2148 1.2125 1.2250 1.2585 1.2794 1.3558 1.3258 1.3575 1.3575 1.3529 1.3532 1.3247 1.3245 1.3541 1.3541 1.3541 1.3246 1.3251 1.3706 1.3709 1.3710 1.3805 1.3374 1.3374 1.3990 1.3990 1.3990 1.3981 1.3916 1.2831 1.2686 1.2873 1.4061 1.4061 1.4061 1.4061 1.4061 1.4061 1.4061 1.3703 1.3703 1.3703 1.4041 1.3971 1.3874 1.4041 1.4075 1.4041 1.6690 1.4041 1.4041
1.2513 1.2469 1.2183 1.1801 1.1809 1.1408 1.2555 1.3511 1.3069 1.2880 1.2811 1.3507 1.3778 1.3144 1.3226 1.3230 1.3122 1.2848 1.2474 1.2239 1.2224 1.2349 1.2413 1.2564 1.2753 1.3057 1.3152 1.3575 1.3575 1.3465 1.3471 1.3168 1.3172 1.3472 1.3483 1.3498 1.3220 1.3236 1.3250 1.3259 1.3260 1.3663 1.3663 1.3374 1.3374 1.3374 1.3374 1.3374 1.3663 1.2448 1.2692 1.3663 1.3703 1.3703 1.3703 1.3703 1.4062 1.4062 1.4062 1.4062 1.4062 1.4062 1.4040 1.4040 1.3971 1.4041 1.4041 1.4041 1.3683 1.3683 1.4041
1.2587 1.2183 1.2523 1.1408 1.2183 1.1723 1.3885 1.3957 1.3511 1.4357 1.3213 1.3030 1.3051 1.3170 1.3230 1.3218 1.3112 1.2883 1.2581 1.2345 1.2285 1.2367 1.2402 1.2519 1.2676 1.2938 1.3471 1.3659 1.3648 1.3359 1.3355 1.3077 1.3373 1.3388 1.3410 1.3440 1.3182 1.3212 1.3236 1.3702 1.3710 1.3943 1.3374 1.3374 1.3374 1.3664 1.3943 1.3943 1.3664 1.3664 1.4019 1.4062 1.4062 1.4060 1.4060 1.4060 1.4060 1.3942 1.4062 1.4062 1.4062 1.4060 1.4041 1.4041 1.4041 1.4135 1.3947 1.4041 1.3699 1.3683 1.4041
1.2505 1.2388 1.2523 1.1723 1.1723 1.2352 1.3871 1.3957 1.3957 1.4007 1.3936 1.3473 1.2927 1.3049 1.3018 1.2954 1.3246 1.3125 1.2993 1.2476 1.2436 1.2375 1.2379 1.2455 1.2574 1.2700 1.3270 1.3334 1.3549 1.3224 1.3228 1.3243 1.3261 1.3287 1.3324 1.3086 1.3137 1.3185 1.3222 1.3695 1.3707 1.3806 1.3806 1.3374 1.3374 1.3664 1.3943 1.3943 1.3374 1.3374 1.4019 1.4062 1.4062 1.4062 1.4062 1.4060 1.4060 1.4060 1.4060 1.4060 1.4060 1.4060 1.4041 1.4041 1.4041 1.4041 1.3925 1.3684 1.3723 1.3684 1.4041
1.2759 1.2751 1.2281 1.1888 1.2151 1.3069 1.3871 1.3957 1.3957 1.3607 1.3612 1.3520 1.2957 1.2919 1.2901 1.2870 1.2830 1.2784 1.2734 1.6724 1.6718 1.6718 1.6718 1.2386 1.2463 1.2255 1.2255 1.2715 1.2767 1.2805 1.2826 1.2853 1.2881 1.2917 1.2967 1.3031 1.3387 1.3453 1.3505 1.3536 1.3254 1.3806 1.3806 1.3374 1.3374 1.3664 1.3944 1.3944 1.3364 1.3664 1.4019 1.4062 1.4062 1.4062 1.4062 1.4062 1.4061 1.4061 1.4061 1.4061 1.4061 1.4061 1.3925 1.3925 1.4041 1.3503 1.4041 1.3503 1.3464 1.3721 1.3684
1.2962 1.2731 1.2392 1.2165 1.2464 1.2806 1.3872 1.3957 1.4293 1.3607 1.3625 1.3555 1.2987 1.2948 1.2928 1.2895 1.2851 1.2800 1.2745 1.2691 1.2460 1.6718 1.6718 1.6718 1.2255 1.2867 1.2867 1.2006 1.2139 1.2378 1.2338 1.1976 1.1976 1.2266 1.2402 1.3005 1.3369 1.3443 1.3499 1.3534 1.3261 1.3374 1.3374 1.3664 1.3664 1.3664 1.3664 1.3374 1.3374 1.3664 1.4020 1.4062 1.3704 1.3985 1.3704 1.3704 1.3501 1.3704 1.3704 1.3807 1.3501 1.3501 1.3503 1.3503 1.3925 1.3919 1.3503 1.3503 1.3478 1.3731 1.3700
1.2700 1.2665 1.2774 1.2538 1.2696 1.2928 1.3864 1.3540 1.3878 1.3645 1.3665 1.3617 1.3067 1.3029 1.3006 1.2971 1.2925 1.2816 1.2756 1.2696 1.2463 1.2877 1.2782 1.2191 1.2867 1.2867 1.2867 1.2006 1.2224 1.3259 1.3559 1.2298 1.2298 1.3559 1.3261 1.3559 1.3559 1.3559 1.3559 1.3559 1.3261 1.3374 1.3664 1.3664 1.3664 1.3374 1.3374 1.3374 1.3374 1.3664 1.4020 1.4063 1.3985 1.3985 1.3704 1.3704 1.3704 1.3704 1.3704 1.3704 1.2260 1.2260 1.3213 1.2428 1.3503 1.3503 1.4041 1.4041 1.3486 1.3821 1.3948
1.2624 1.2347 1.2474 1.2625 1.3158 1.3004 1.3948 1.3878 1.3948 1.3962 1.3962 1.3645 1.3237 1.3055 1.3030 1.2993 1.2943 1.2885 1.2821 1.2759 1.3063 1.2494 1.2982 1.2734 1.3275 1.3275 1.3298 1.3298 1.3190 1.3982 1.3961 1.3961 1.3961 1.3559 1.3559 1.3559 1.3559 1.3559 1.3559 1.3961 1.4288 1.3664 1.3664 1.3664 1.3664 1.3375 1.3375 1.3375 1.3938 1.3938 1.4020 1.4063 1.4063 1.4063 1.3704 1.3704 1.3704 1.3704 1.3704 1.3704 1.2752 1.3208 1.2963 1.2963 1.3112 1.3503 1.4041 1.4041 1.3503 1.3408 1.3408
1.2821 1.2738 1.2978 1.2701 1.3223 1.3444 1.3856 1.3878 1.3948 1.3645 1.4032 1.3951 1.3264 1.3208 1.3158 1.3084 1.2960 1.2898 1.2831 1.2765 1.2453 1.1962 1.2734 1.3036 1.3275 1.3036 1.3666 1.3666 1.3275 1.3993 1.3990 1.3990 1.3990 1.3990 1.3559 1.3559 1.3559 1.3990 1.3990 1.3990 1.4003 1.4020 1.4020 1.4020 1.4020 1.3930 1.3375 1.3661 1.3665 1.3375 1.3375 1.4063 1.4063 1.4063 1.3704 1.3704 1.3704 1.3704 1.3704 1.3704 1.3208 1.2963 1.2698 1.2698 1.3381 1.3163 1.3503 1.3503 1.3503 1.3503 1.3408
1.3485 1.3008 1.3244 1.2765 1.3274 1.3488 1.3526 1.3150 1.3150 1.3831 1.3831 1.3951 1.3265 1.3222 1.3176 1.3104 1.2973 1.2910 1.2840 1.2771 1.2457 1.2028 1.3036 1.3036 1.3276 1.3036 1.3646 1.3276 1.3276 1.4066 1.3990 1.3990 1.3990 1.3559 1.3559 1.3559 1.3559 1.3990 1.3990 1.3990 1.4003 1.4003 1.4003 1.4003 1.4003 1.3912 1.4003 1.3926 1.3912 1.3912 1.3912 1.4062 1.4062 1.3980 1.3704 1.3208 1.2260 1.2260 1.3208 1.3408 1.2260 1.2963 1.2698 1.2698 1.2693 1.3031 1.3294 1.3418 1.3460 1.3463 1.3449
1.3485 1.3152 1.3332 1.3150 1.3150 1.3405 1.3084 1.3150 1.3150 1.3265 1.3831 1.3951 1.3265 1.3231 1.3188 1.3118 1.2983 1.2919 1.2847 1.2777 1.2467 1.2416 1.2945 1.3036 1.3276 1.3036 1.3036 1.3036 1.4127 1.4066 1.3990 1.3990 1.3990 1.3990 1.3559 1.3559 1.3559 1.3990 1.3990 1.3990 1.3646 1.4003 1.4003 1.4003 1.4003 1.4003 1.4003 1.3927 1.3912 1.4003 1.4003 1.4062 1.4062 1.4062 1.3231 1.2972 1.2803 1.2820 1.2890 1.3628 1.2934 1.2761 1.3085 1.2583 1.2704 1.3209 1.3268 1.3319 1.3360 1.3390 1.3407
1.3485 1.2939 1.3150 1.3865 1.3150 1.3033 1.3090 1.3150 1.3150 1.3265 1.3265 1.3265 1.3265 1.3234 1.3194 1.3127 1.2990 1.2925 1.2854 1.3128 1.2853 1.2417 1.3015 1.3216 1.3276 1.3036 1.3036 1.3036 1.3476 1.4127 1.3990 1.3559 1.3559 1.3559 1.3559 1.3559 1.3559 1.3990 1.3990 1.3990 1.3646 1.3927 1.4003 1.4003 1.4003 1.4003 1.4003 1.4003 1.3646 1.3646 1.4003 1.4063 1.4063 1.4063 1.3583 1.2868 1.2550 1.2550 1.3204 1.3840 1.3840 1.3806 1.3812 1.3812 1.3435 1.3612 1.3266 1.3315 1.3354 1.3381 1.3394
1.3485 1.2939 1.2815 1.3865 1.3150 1.3043 1.3091 1.3117 1.3711 1.3243 1.3241 1.3806 1.3802 1.3220 1.3194 1.3131 1.2996 1.2931 1.3233 1.3135 1.2877 1.2418 1.3037 1.3216 1.3276 1.3476 1.3476 1.3476 1.3476 1.3476 1.3407 1.3990 1.3890 1.3560 1.3990 1.3560 1.3560 1.3990 1.3990 1.3990 1.4003 1.4003 1.4003 1.4003 1.4003 1.4003 1.4003 1.4003 1.4003 1.4003 1.4003 1.4063 1.4063 1.4063 1.3253 1.2162 1.2550 1.2941 1.3005 1.4063 1.4063 1.4025 1.4025 1.4025 1.3669 1.3328 1.3366 1.3326 1.3358 1.3378 1.3384
1.3485 1.2939 1.2775 1.2951 1.3150 1.3049 1.3088 1.3690 1.3226 1.3221 1.3216 1.3215 1.3781 1.3204 1.3188 1.3131 1.3000 1.2937 1.3240 1.3142 1.2910 1.2027 1.2744 1.2744 1.2996 1.3420 1.3476 1.3476 1.3476 1.3476 1.3408 1.3408 1.3990 1.3560 1.3560 1.3990 1.3990 1.3990 1.3990 1.3990 1.4004 1.3927 1.4004 1.4004 1.4004 1.4004 1.4004 1.4004 1.4004 1.3647 1.4004 1.4063 1.4063 1.4063 1.3133 1.1956 1.2941 1.2941 1.3005 1.3005 1.2726 1.4025 1.4025 1.4025 1.4025 1.3405 1.3933 1.3870 1.3770 1.3783 1.3375
1.3485 1.2556 1.2747 1.3516 1.3083 1.3049 1.3080 1.3090 1.3204 1.3194 1.3186 1.3185 1.3187 1.3183 1.3177 1.3127 1.3004 1.2943 1.3248 1.3152 1.2951 1.2046 1.2494 1.2949 1.3037 1.3183 1.3183 1.3420 1.3477 1.3408 1.3408 1.3112 1.3101 1.3890 1.3991 1.3991 1.3991 1.3991 1.3991 1.3991 1.4004 1.3927 1.4004 1.4004 1.4004 1.4004 1.4004 1.4004 1.4004 1.4004 1.4063 1.4063 1.4063 1.3984 1.2732 1.3005 1.2942 1.3005 1.3005 1.3005 1.3005 1.4025 1.4025 1.4025 1.4025 1.3670 1.4025 1.4025 1.4023 1.3903 1.3898
1.3218 1.2273 1.2796 1.2959 1.3089 1.3042 1.3067 1.3071 1.3558 1.3542 1.3531 1.3532 1.3140 1.3125 1.3164 1.3123 1.3009 1.2950 1.3257 1.3163 1.2999 1.2891 1.2808 1.2763 1.2377 1.3293 1.3183 1.3477 1.3477 1.3408 1.3408 1.3408 1.2976 1.1748 1.3778 1.3991 1.3991 1.3991 1.3560 1.3560 1.4004 1.4004 1.4004 1.4004 1.4004 1.4004 1.4004 1.2672 1.2672 1.4004 1.3984 1.4063 1.4063 1.4063 1.3005 1.2732 1.2994 1.2942 1.3005 1.3005 1.4063 1.4025 1.4025 1.4025 1.4025 1.3942 1.4025 1.4025 1.4025 1.3933 1.3894
1.2731 1.2539 1.3106 1.3106 1.3106 1.3106 1.3106 1.3101 1.3225 1.3436 1.3424 1.3505 1.3140 1.3126 1.3099 1.3062 1.3015 1.2959 1.3269 1.3178 1.3110 1.3044 1.2986 1.2941 1.2406 1.3183 1.3183 1.3477 1.3477 1.3349 1.3408 1.2976 1.2976 1.2976 1.2909 1.3991 1.3991 1.3991 1.3991 1.3991 1.4004 1.4064 1.3839 1.2951 1.2951 1.4064 1.2951 1.2951 1.2951 1.2673 1.4063 1.4063 1.3984 1.3984 1.3896 1.3249 1.4123 1.3005 1.3005 1.3005 1.4063 1.4026 1.4026 1.4026 1.3164 1.3831 1.4026 1.4026 1.3670 1.3670 1.4026
1.2997 1.2980 1.3106 1.3106 1.3106 1.3913 1.3913 1.3106 1.3512 1.3412 1.3402 1.3409 1.3131 1.3119 1.3092 1.3056 1.3010 1.2956 1.3204 1.3185 1.3119 1.3055 1.2998 1.2961 1.2414 1.2146 1.2210 1.2210 1.2210 1.2269 1.2976 1.2976 1.2976 1.2909 1.2672 1.2672 1.3991 1.2976 1.2663 1.2663 1.2951 1.2888 1.2951 1.2951 1.2951 1.2951 1.2951 1.2951 1.2951 1.2951 1.4064 1.4064 1.4064 1.3701 1.4064 1.3232 1.4064 1.3984 1.3896 1.3005 1.4064 1.4026 1.4026 1.4026 1.3401 1.3172 1.4026 1.4026 1.4026 1.4026 1.4026
1.4258 1.3024 1.2863 1.3021 1.3994 1.3994 1.3994 1.3994 1.3572 1.3317 1.3118 1.3404 1.3133 1.3123 1.3097 1.3064 1.3022 1.2970 1.3222 1.3206 1.3143 1.3081 1.3024 1.2975 1.2415 1.2123 1.2350 1.2351 1.3095 1.2813 1.3015 1.3015 1.3015 1.1818 1.3015 1.2976 1.2976 1.2976 1.2976 1.2976 1.2952 1.2952 1.2679 1.2679 1.2952 1.2952 1.2952 1.2952 1.2952 1.2952 1.3005 1.4064 1.4064 1.4064 1.4064 1.4064 1.4064 1.4064 1.3896 1.3005 1.4064 1.3670 1.4026 1.4026 1.3401 1.3348 1.3862 1.3948 1.4026 1.4026 1.4026
1.3584 1.3599 1.2650 1.3432 1.3021 1.3994 1.3924 1.3994 1.4001 1.4001 1.2281 1.3417 1.3441 1.3466 1.3104 1.3074 1.3035 1.2987 1.3285 1.3229 1.3169 1.3109 1.3053 1.3003 1.2382 1.2324 1.2282 1.2606 1.2581 1.2424 1.2921 1.2719 1.2949 1.1818 1.2796 1.3016 1.3016 1.3016 1.3016 1.3016 1.3022 1.3022 1.3022 1.3022 1.3022 1.3022 1.3022 1.2952 1.2952 1.2952 1.3006 1.4064 1.4064 1.4064 1.4064 1.4064 1.4064 1.4064 1.4123 1.3006 1.3896 1.3948 1.4026 1.4082 1.3401 1.3173 1.3862 1.4026 1.4026 1.4026 1.4026
1.2678 1.3184 1.3144 1.3276 1.3315 1.2906 1.3821 1.3994 1.4002 1.4002 1.2913 1.2636 1.3260 1.3086 1.3486 1.3492 1.3171 1.3139 1.3116 1.3022 1.3208 1.3460 1.2921 1.3211 1.2705 1.2634 1.2583 1.2546 1.2520 1.2480 1.2797 1.2949 1.2068 1.2068 1.2068 1.3016 1.3016 1.3016 1.3016 1.3022 1.2664 1.2664 1.2664 1.2664 1.2664 1.2961 1.3022 1.3022 1.3022 1.3022 1.2974 1.4094 1.3745 1.3745 1.4094 1.4094 1.4094 1.3745 1.4094 1.2803 1.4026 1.4026 1.4026 1.3934 1.3349 1.2648 1.3105 1.3943 1.3943 1.3948 1.4026
1.2830 1.2830 1.3214 1.3322 1.3449 1.3561 1.3673 1.4032 1.4037 1.4037 1.3918 1.4289 1.4037 1.3572 1.3188 1.3523 1.3205 1.3176 1.3155 1.3063 1.3248 1.3250 1.2909 1.2909 1.2630 1.2014 1.2015 1.2392 1.2783 1.2441 1.2657 1.2068 1.2068 1.2068 1.2068 1.2719 1.2719 1.2719 1.2719 1.2374 1.2374 1.1831 1.1831 1.1831 1.1831 1.2057 1.2380 1.2397 1.2439 1.2524 1.2852 1.3053 1.3213 1.3031 1.3102 1.3225 1.3745 1.4030 1.4020 1.3609 1.3143 1.2762 1.2762 1.2447 1.2447 1.3142 1.2719 1.2240 1.3515 1.3515 1.3035
1.6807 1.3282 1.3330 1.3440 1.3533 1.3557 1.3602 1.3074 1.4037 1.4037 1.4037 1.4289 1.4037 1.4002 1.4002 1.3573 1.3233 1.3205 1.3185 1.3098 1.3291 1.3467 1.2909 1.2973 1.2909 1.2357 1.2768 1.2973 1.2973 1.2719 1.2424 1.2712 1.1818 1.2068 1.2068 1.2719 1.2719 1.2719 1.2719 1.2374 1.2057 1.1831 1.1831 1.1831 1.1831 1.2058 1.2066 1.2503 1.2551 1.2444 1.2670 1.2974 1.3060 1.2863 1.2863 1.4021 1.4021 1.4021 1.4021 1.4021 1.2860 1.3273 1.3273 1.3273 1.3273 1.3273 1.3035 1.2240 1.3027 1.3376 1.3376
1.6807 1.6807 1.3379 1.3665 1.3577 1.3595 1.3635 1.3828 1.3973 1.4037 1.4037 1.4289 1.4619 1.4002 1.4002 1.4002 1.3260 1.3755 1.3292 1.3292 1.4359 1.3292 1.2768 1.2974 1.2910 1.2697 1.2974 1.2974 1.2974 1.2719 1.2424 1.3016 1.2719 1.1818 1.2424 1.2456 1.2744 1.2741 1.2740 1.2077 1.2075 1.2073 1.2071 1.2069 1.2809 1.2595 1.2380 1.2453 1.2902 1.2815 1.2974 1.3060 1.3060 1.3060 1.3060 1.3060 1.3060 1.2787 1.2787 1.3060 1.2977 1.3376 1.3376 1.3376 1.3376 1.3035 1.3035 1.3376 1.3376 1.3376 1.3305
1.6808 1.6808 1.6808 1.6808 1.3666 1.3666 1.3693 1.3882 1.4037 1.4037 1.4037 1.4289 1.4037 1.4002 1.4002 1.4002 1.4002 1.4002 1.4023 1.3954 1.3603 1.3603 1.3603 1.2697 1.2974 1.2697 1.2974 1.2974 1.2974 1.2720 1.2451 1.3016 1.3016 1.2720 1.2809 1.2848 1.2832 1.2824 1.2435 1.2382 1.2063 1.2061 1.2060 1.2374 1.2801 1.2814 1.2401 1.2419 1.2857 1.2793 1.2563 1.2794 1.3060 1.3060 1.3060 1.3060 1.3060 1.3060 1.2794 1.2794 1.3733 1.3001 1.3562 1.3919 1.3919 1.3515 1.3305 1.3305 1.3377 1.3377 1.3377
