test/test_data/tcaap/monthly_variance_over_all_Sep__actual_et__2015-01-01_to_2019-12-31__180_by_260__inches.asc
NCOLS        180
NROWS        260
XLLCORNER     476375.000
YLLCORNER    4970875.000
CELLSIZE        100.000
NODATA_VALUE -9999.
[rows 87 to 115 of 260, columns 67 to 133 of 180]
0.73994 0.73994 0.73994 0.73994 0.73994 0.73994 0.73994 0.73994 0.87278 0.87278 0.65581 0.65537 0.70654 0.70654 0.76819 0.70318 0.72895 0.70841 0.60599 0.61009 0.61089 0.65862 0.66134 0.67598 0.67598 0.66134 0.66134 0.66134 0.66134 0.65862 0.87236 0.87248 0.87248 0.87248 0.87248 0.87248 0.87248 0.74308 0.74308 0.71714 0.72297 0.74639 0.74639 0.74639 0.74639 0.72509 0.72669 0.72509 0.66768 0.74389 0.74639 0.74639 0.75085 0.73279 0.73279 0.75168 0.75418 0.74877 0.75085 0.75168 0.75168 0.74877 0.75350 0.73722 0.75558 0.75558 0.75558
0.73429 0.73429 0.73429 0.73429 0.73429 0.73429 0.73429 0.73161 0.87282 0.87282 0.65634 0.65539 0.65390 0.73818 0.72706 0.87259 0.87259 0.71676 0.71071 0.60249 0.61089 0.65863 0.65863 0.67598 0.66030 0.66030 0.66030 0.67598 0.67598 0.67598 0.87237 0.87249 0.87249 0.87249 0.87249 0.87249 0.87249 0.74309 0.87249 0.87249 0.74309 0.74640 0.72670 0.74640 0.74640 0.72510 0.72670 0.72680 0.72680 0.74640 0.74640 0.74640 0.75086 0.73279 0.73279 0.75419 0.74878 0.75086 0.75086 0.74878 0.75086 0.75086 0.76473 0.76473 0.75350 0.75559 0.75559
0.72178 0.73102 0.73102 0.73102 0.73430 0.73430 0.73162 0.73162 0.87284 0.72328 0.72818 0.72980 0.72757 0.73288 0.70872 0.87140 0.70584 0.70489 0.70489 0.60427 0.61231 0.65684 0.65684 0.65863 0.65863 0.65863 0.67304 0.67599 0.67599 0.67599 0.87239 0.87251 0.87251 0.87251 0.87251 0.87251 0.87251 0.87251 0.87251 0.87251 0.74310 0.74640 0.74640 0.74640 0.74640 0.72511 0.72173 0.72681 0.72681 0.76167 0.74640 0.74640 0.75087 0.73280 0.73280 0.74879 0.74879 0.75086 0.75086 0.75086 0.75086 0.75086 0.75351 0.75351 0.76072 0.75560 0.75560
0.72179 0.73103 0.72179 0.73103 0.73430 0.73162 0.73162 0.72179 0.72179 0.72179 0.72789 0.72928 0.72545 0.73095 0.72305 0.70489 0.70647 0.70489 0.70489 0.69627 0.61958 0.65684 0.65684 0.65684 0.65684 0.67150 0.67409 0.67419 0.67419 0.67419 0.67419 0.87197 0.87197 0.87197 0.87197 0.87252 0.87252 0.87252 0.87252 0.87252 0.87252 0.74391 0.74641 0.74641 0.74641 0.72511 0.72173 0.74960 0.76168 0.76168 0.74641 0.74641 0.75087 0.73281 0.73281 0.74880 0.75087 0.75087 0.75087 0.75087 0.75087 0.75087 0.75560 0.76073 0.75560 0.75560 0.75560
0.70709 0.73104 0.73112 0.73104 0.72180 0.73104 0.73104 0.73104 0.73104 0.73163 0.72545 0.72545 0.73163 0.72545 0.72195 0.70490 0.70490 0.57273 0.66777 0.65302 0.67167 0.67420 0.65933 0.65933 0.67420 0.65933 0.67410 0.67420 0.67420 0.67420 0.87198 0.87198 0.87198 0.87198 0.87198 0.87198 0.87198 0.87198 0.87198 0.87198 0.87198 0.72220 0.74273 0.74273 0.74273 0.71937 0.74273 0.74642 0.75206 0.75206 0.75206 0.74642 0.75088 0.75088 0.75088 0.75088 0.75088 0.75088 0.75088 0.80308 0.75088 0.75088 0.76340 0.75098 0.75561 0.75561 0.75561
0.73432 0.73432 0.73105 0.73105 0.72181 0.73105 0.73432 0.73432 0.73432 0.73506 0.73506 0.73163 0.73506 0.73223 0.71919 0.60618 0.63310 0.66778 0.66778 0.65302 0.67168 0.67421 0.67421 0.67421 0.65934 0.65934 0.67421 0.67421 0.67421 0.67421 0.87200 0.87200 0.87200 0.87200 0.87200 0.87200 0.87200 0.87200 0.87200 0.87200 0.74365 0.74274 0.74274 0.74274 0.72221 0.76082 0.74274 0.74274 0.74274 0.74028 0.74850 0.74429 0.74429 0.74429 0.74429 0.74429 0.74429 0.74429 0.74429 0.86871 0.86871 0.75240 0.75099 0.75099 0.75354 0.76345 0.75354
0.73433 0.73433 0.73105 0.72181 0.72181 0.73105 0.73433 0.73433 0.73433 0.73507 0.73507 0.73507 0.73507 0.70465 0.60618 0.70857 0.61124 0.66778 0.65303 0.66778 0.67168 0.67421 0.65934 0.65934 0.66749 0.68255 0.67421 0.67421 0.67421 0.67421 0.67674 0.87201 0.87201 0.87201 0.64836 0.87201 0.87201 0.87201 0.87201 0.87201 0.72388 0.74275 0.74275 0.74275 0.71938 0.73692 0.76188 0.74275 0.74275 0.74589 0.74275 0.74430 0.74430 0.74430 0.74430 0.74430 0.74430 0.74430 0.74430 0.86853 0.86853 0.86853 0.86755 0.75070 0.75070 0.73549 0.73126
0.73433 0.73433 0.70084 0.73165 0.72182 0.87290 0.73433 0.73433 0.73433 0.73508 0.73508 0.73508 0.73508 0.70465 0.70465 0.70465 0.70722 0.61125 0.61125 0.66779 0.66515 0.67152 0.67422 0.65672 0.68256 0.66750 0.67169 0.67422 0.67422 0.67422 0.67958 0.87202 0.87202 0.87202 0.87202 0.64826 0.87202 0.87202 0.87202 0.87202 0.74367 0.74275 0.72223 0.74275 0.71939 0.76152 0.74275 0.74275 0.74275 0.74275 0.74275 0.74431 0.74431 0.74431 0.74431 0.74431 0.74431 0.74431 0.74431 0.74431 0.73900 0.71699 0.75298 0.75298 0.75071 0.75295 0.75295
0.73434 0.70084 0.70084 0.70084 0.87291 0.87291 0.73107 0.73434 0.73434 0.73509 0.73166 0.73147 0.73096 0.72973 0.73509 0.70466 0.70722 0.61125 0.66779 0.66779 0.66979 0.64853 0.63487 0.65936 0.65936 0.67423 0.67423 0.67169 0.67169 0.67420 0.67946 0.67847 0.87203 0.87203 0.87203 0.66760 0.66833 0.87203 0.87203 0.87203 0.74112 0.80342 0.79457 0.74276 0.74072 0.75509 0.74276 0.87096 0.87096 0.87096 0.74852 0.72325 0.74431 0.74431 0.74431 0.74431 0.74431 0.74431 0.74431 0.74431 0.74431 0.74431 0.75299 0.75072 0.75295 0.75295 0.75295
0.70085 0.70085 0.73435 0.73435 0.87292 0.73108 0.73435 0.73435 0.73435 0.72549 0.72543 0.72504 0.72371 0.65546 0.65635 0.70467 0.60277 0.61126 0.65702 0.66260 0.65218 0.66593 0.65688 0.65936 0.65936 0.67423 0.67423 0.67423 0.67423 0.66516 0.67529 0.67529 0.87204 0.87204 0.66799 0.64776 0.64707 0.67555 0.74368 0.74368 0.75314 0.82647 0.75260 0.71940 0.71940 0.87097 0.87097 0.87097 0.87097 0.87097 0.71940 0.72326 0.74432 0.74432 0.74432 0.74432 0.74432 0.74432 0.74432 0.74432 0.74432 0.74432 0.75073 0.75296 0.75825 0.76328 0.75296
0.73168 0.70086 0.73168 0.73168 0.73168 0.73436 0.73436 0.73436 0.73108 0.72550 0.72294 0.72076 0.71769 0.65422 0.63312 0.61126 0.61126 0.63312 0.66816 0.66252 0.65674 0.67424 0.65937 0.65937 0.67424 0.67424 0.67424 0.67424 0.67424 0.67422 0.67075 0.67075 0.67933 0.66800 0.64777 0.64777 0.64665 0.65169 0.74369 0.74369 0.75260 0.80294 0.71941 0.74278 0.71941 0.87098 0.87098 0.87098 0.87098 0.87098 0.87098 0.74433 0.74433 0.72327 0.72327 0.74433 0.74234 0.74433 0.67807 0.67807 0.74433 0.74433 0.75297 0.75297 0.75826 0.84130 0.75297
0.71587 0.71587 0.64860 0.72804 0.72577 0.73436 0.73436 0.73436 0.73109 0.72203 0.71925 0.71548 0.65363 0.65051 0.63313 0.63313 0.63955 0.66107 0.65703 0.67171 0.65675 0.67425 0.67425 0.67425 0.65689 0.65689 0.67425 0.67425 0.67425 0.66517 0.67076 0.67076 0.67828 0.87207 0.87207 0.64777 0.62522 0.66252 0.74370 0.74370 0.74279 0.71941 0.72226 0.72226 0.87100 0.87100 0.87100 0.87100 0.87100 0.87100 0.87100 0.86859 0.74434 0.74235 0.74434 0.74434 0.74755 0.74755 0.67807 0.67807 0.74434 0.75298 0.75298 0.75827 0.75827 0.81623 0.81623
0.72525 0.72525 0.72525 0.64860 0.64860 0.72805 0.72805 0.72805 0.72805 0.64849 0.64948 0.65019 0.64978 0.64853 0.64669 0.63610 0.65344 0.65704 0.65704 0.67172 0.66254 0.66254 0.66518 0.65690 0.67155 0.67425 0.67172 0.67425 0.67425 0.66518 0.67677 0.67677 0.87208 0.87208 0.87208 0.66252 0.66252 0.66252 0.67962 0.67962 0.61705 0.74279 0.74279 0.74279 0.68012 0.87101 0.87101 0.87101 0.87101 0.87101 0.87101 0.86860 0.74435 0.72565 0.74235 0.74435 0.74435 0.74435 0.74435 0.74435 0.72565 0.73488 0.75827 0.75642 0.81624 0.84043 0.75299
0.72526 0.72526 0.64861 0.64861 0.64861 0.72526 0.72806 0.72806 0.72806 0.73163 0.72515 0.69177 0.68569 0.64786 0.64552 0.63083 0.65345 0.65345 0.66406 0.66972 0.61457 0.65587 0.65478 0.65478 0.67167 0.67167 0.66972 0.67167 0.67167 0.67426 0.67962 0.67962 0.67678 0.87209 0.66253 0.66253 0.66253 0.66253 0.67962 0.67962 0.68040 0.74355 0.68040 0.67746 0.68040 0.74280 0.87102 0.87102 0.87102 0.87102 0.87102 0.86861 0.74435 0.74236 0.74236 0.74435 0.74435 0.74435 0.74435 0.74435 0.72565 0.75299 0.75828 0.75755 0.83847 0.83138 0.75299
0.72877 0.72847 0.72550 0.72527 0.64861 0.72527 0.72806 0.72806 0.72806 0.73164 0.72528 0.69017 0.68367 0.64463 0.63659 0.63083 0.66407 0.66407 0.66407 0.66972 0.60995 0.65479 0.67168 0.65479 0.65672 0.66972 0.66972 0.67168 0.67168 0.67168 0.67732 0.67732 0.67732 0.87105 0.67457 0.66093 0.66093 0.66093 0.67732 0.67457 0.67815 0.68040 0.68040 0.68040 0.68040 0.68040 0.71144 0.87103 0.87103 0.87103 0.87103 0.86862 0.72566 0.74237 0.74237 0.74436 0.74436 0.72330 0.74436 0.74436 0.74436 0.75300 0.75829 0.76089 0.77251 0.75300 0.75300
0.72723 0.72647 0.72567 0.72528 0.72529 0.72807 0.72807 0.72807 0.72807 0.73164 0.71968 0.68884 0.64871 0.64405 0.60745 0.65346 0.60745 0.66407 0.66407 0.66973 0.62931 0.65479 0.66952 0.66952 0.65673 0.66973 0.66973 0.66483 0.73807 0.66952 0.67732 0.67732 0.67732 0.67732 0.67457 0.66094 0.66094 0.66094 0.67457 0.67732 0.67816 0.67816 0.67816 0.67816 0.67816 0.67816 0.67703 0.87032 0.87032 0.87032 0.87032 0.86950 0.83149 0.78367 0.75424 0.75424 0.74437 0.74437 0.74437 0.74437 0.74437 0.75301 0.75830 0.75830 0.76318 0.75301 0.75301
0.64849 0.64854 0.72592 0.72534 0.72537 0.72808 0.72808 0.72808 0.73165 0.72822 0.72161 0.71018 0.64815 0.60745 0.87200 0.87200 0.65347 0.65346 0.66408 0.65458 0.60996 0.64901 0.67154 0.67154 0.67169 0.68040 0.68040 0.87176 0.87176 0.73043 0.73336 0.67733 0.67733 0.67733 0.67458 0.66094 0.66094 0.67458 0.67458 0.67733 0.67817 0.67817 0.67817 0.67817 0.68715 0.67536 0.64768 0.71299 0.72998 0.87034 0.87034 0.86952 0.74546 0.81772 0.81772 0.82917 0.74625 0.74625 0.74625 0.74625 0.74625 0.74740 0.75280 0.73355 0.75302 0.75302 0.75302
0.64851 0.72631 0.72625 0.72550 0.72558 0.72809 0.72809 0.72809 0.73411 0.73411 0.72823 0.70611 0.63085 0.60746 0.87202 0.87202 0.65347 0.65337 0.65347 0.66974 0.60996 0.64902 0.60996 0.67170 0.67170 0.66526 0.66484 0.87177 0.72695 0.73044 0.73399 0.67734 0.67734 0.67734 0.67734 0.66276 0.65841 0.65976 0.67731 0.67734 0.67817 0.67817 0.67817 0.67817 0.67809 0.66823 0.65787 0.69948 0.74058 0.73743 0.86953 0.86953 0.86953 0.81773 0.81773 0.81773 0.75640 0.74626 0.74626 0.74626 0.74626 0.74741 0.75280 0.75280 0.74741 0.74741 0.86818
0.64853 0.72616 0.72663 0.72657 0.72654 0.72809 0.72809 0.72809 0.73411 0.73167 0.71217 0.64924 0.66409 0.66409 0.66409 0.60746 0.60746 0.65341 0.66409 0.66975 0.65958 0.63860 0.60997 0.63860 0.65495 0.66445 0.87178 0.87178 0.72696 0.73044 0.73044 0.67734 0.67734 0.67734 0.67734 0.67734 0.67480 0.66272 0.64479 0.67734 0.67818 0.67818 0.67818 0.67818 0.67559 0.67559 0.67705 0.65670 0.74059 0.74059 0.74889 0.78111 0.86954 0.86954 0.86954 0.81811 0.75641 0.74627 0.74627 0.74627 0.74627 0.74741 0.74741 0.75281 0.74741 0.74741 0.86820
0.64856 0.72593 0.72701 0.72699 0.72697 0.72967 0.72810 0.72810 0.73167 0.73167 0.72882 0.72882 0.66410 0.66410 0.66410 0.66410 0.65348 0.65344 0.66410 0.66976 0.61459 0.61459 0.63876 0.63296 0.62933 0.60997 0.87180 0.87180 0.72697 0.73045 0.73045 0.67735 0.67735 0.67735 0.67735 0.67735 0.68503 0.66838 0.67735 0.67735 0.67819 0.67819 0.67819 0.67819 0.67819 0.67819 0.67819 0.77005 0.71967 0.74060 0.75184 0.75184 0.86955 0.86955 0.81775 0.81034 0.76350 0.74628 0.74628 0.74628 0.74628 0.74742 0.74742 0.74742 0.74742 0.74742 0.86821
0.64860 0.72561 0.72736 0.72737 0.72736 0.72018 0.73412 0.72811 0.73168 0.73168 0.73168 0.71218 0.64834 0.66410 0.66410 0.66410 0.65354 0.65361 0.65349 0.61459 0.61459 0.60998 0.87181 0.63249 0.62933 0.87181 0.87181 0.72698 0.72698 0.73046 0.73046 0.73339 0.73339 0.73105 0.73339 0.67655 0.69971 0.66479 0.67725 0.67736 0.67819 0.67819 0.67819 0.67819 0.67819 0.67819 0.67819 0.82493 0.74060 0.74060 0.75185 0.75185 0.74891 0.82414 0.80695 0.76731 0.76208 0.74628 0.74628 0.74628 0.74628 0.74743 0.74743 0.74743 0.79572 0.86822 0.86822
0.72538 0.72516 0.72765 0.72769 0.72769 0.72534 0.70637 0.72585 0.64834 0.64886 0.69800 0.65030 0.64767 0.64214 0.63492 0.66411 0.63087 0.63177 0.63237 0.63861 0.66977 0.60998 0.61439 0.64655 0.65330 0.87182 0.87182 0.72698 0.72698 0.73047 0.73047 0.73047 0.72474 0.87114 0.87114 0.73047 0.66323 0.66480 0.66480 0.64480 0.67539 0.67799 0.69408 0.69088 0.67152 0.68144 0.67812 0.74129 0.74061 0.74061 0.75186 0.75186 0.74892 0.72485 0.75186 0.75186 0.74629 0.74629 0.74629 0.74629 0.74629 0.72648 0.72013 0.74481 0.86823 0.86823 0.86823
0.72517 0.72514 0.72846 0.72852 0.72853 0.72446 0.70475 0.64046 0.64478 0.64768 0.64691 0.64834 0.64630 0.63977 0.63399 0.60748 0.63203 0.63416 0.64421 0.64594 0.64644 0.61500 0.64467 0.64532 0.63199 0.87183 0.87183 0.65427 0.65427 0.66165 0.66165 0.66165 0.66165 0.66165 0.87115 0.66165 0.66325 0.62340 0.66768 0.67727 0.74062 0.74062 0.70986 0.70172 0.65569 0.68270 0.67813 0.67820 0.74062 0.74062 0.74630 0.74950 0.74950 0.73096 0.74630 0.74630 0.74630 0.74630 0.74630 0.74630 0.71972 0.75440 0.86825 0.86825 0.86825 0.86825 0.73919
0.72416 0.72437 0.72861 0.72867 0.72868 0.70354 0.72633 0.69444 0.64512 0.64771 0.64676 0.64487 0.64189 0.63260 0.62930 0.60407 0.63052 0.63942 0.64475 0.64610 0.64714 0.64771 0.64805 0.65427 0.70376 0.75989 0.87184 0.65427 0.65427 0.66165 0.66165 0.66166 0.66168 0.66175 0.66184 0.66165 0.66310 0.64482 0.67735 0.67813 0.73809 0.73809 0.71708 0.68703 0.65805 0.65265 0.67813 0.67800 0.74063 0.74063 0.74631 0.74438 0.74438 0.74438 0.74631 0.74631 0.74631 0.74631 0.74631 0.72593 0.75440 0.86826 0.86826 0.86826 0.86826 0.86826 0.73919
0.72291 0.72340 0.72869 0.72873 0.63898 0.72634 0.69445 0.63725 0.64513 0.64770 0.64686 0.64505 0.64256 0.63093 0.62962 0.60408 0.62705 0.64245 0.64817 0.67762 0.68035 0.68165 0.64989 0.65115 0.69631 0.80096 0.80096 0.80096 0.65128 0.65585 0.65561 0.65557 0.65565 0.65585 0.66158 0.66186 0.66166 0.66320 0.66481 0.66361 0.74064 0.87043 0.67814 0.67342 0.67342 0.65139 0.67342 0.67541 0.74064 0.74064 0.74632 0.74438 0.74438 0.74438 0.72594 0.74632 0.74632 0.74632 0.74632 0.74438 0.86827 0.86827 0.86827 0.86827 0.86827 0.73920 0.73920
0.72138 0.72221 0.72860 0.72867 0.63902 0.69589 0.63726 0.63726 0.64316 0.64763 0.64718 0.64572 0.64442 0.63246 0.63210 0.64941 0.66969 0.64513 0.65144 0.65041 0.87105 0.69345 0.65152 0.65115 0.69632 0.65115 0.65115 0.65115 0.65063 0.65252 0.65243 0.65287 0.65373 0.65492 0.65634 0.65623 0.65623 0.65623 0.64491 0.66137 0.66137 0.86951 0.67777 0.67777 0.67777 0.67777 0.67542 0.67801 0.74064 0.74064 0.74632 0.74632 0.74439 0.74439 0.74632 0.74632 0.74632 0.74632 0.72614 0.72614 0.86828 0.86828 0.86828 0.73921 0.73921 0.73921 0.73921
0.71962 0.72081 0.72840 0.63911 0.63911 0.63890 0.63726 0.58088 0.58837 0.64749 0.64756 0.64671 0.64568 0.64941 0.64941 0.66073 0.69663 0.64514 0.65037 0.65131 0.69210 0.69743 0.69606 0.69633 0.69633 0.69633 0.65106 0.65020 0.64673 0.64762 0.64776 0.64854 0.64976 0.65125 0.65292 0.65624 0.65624 0.65624 0.64492 0.61713 0.66137 0.66137 0.67778 0.67778 0.67778 0.67778 0.67778 0.67778 0.73862 0.71697 0.73896 0.71454 0.71454 0.71738 0.73896 0.73896 0.73896 0.73896 0.74633 0.72614 0.80339 0.81646 0.81646 0.73922 0.73922 0.73922 0.73922
0.71765 0.71924 0.72798 0.63926 0.63922 0.64048 0.64048 0.58089 0.58879 0.59346 0.64767 0.64745 0.64700 0.67908 0.60409 0.66073 0.64514 0.64514 0.65038 0.65148 0.65130 0.65097 0.65111 0.65119 0.65122 0.65116 0.65062 0.64419 0.64202 0.64249 0.64284 0.64404 0.64567 0.64745 0.64930 0.65624 0.65624 0.65624 0.65854 0.69449 0.63458 0.66138 0.67778 0.67778 0.67778 0.67778 0.67778 0.67778 0.72035 0.73563 0.71455 0.71455 0.71455 0.71455 0.71738 0.71738 0.73606 0.73606 0.71738 0.71738 0.75056 0.80726 0.81308 0.74486 0.73318 0.73318 0.73318
0.71553 0.71753 0.72726 0.63949 0.63934 0.63947 0.64048 0.59072 0.58954 0.59244 0.64732 0.64767 0.64769 0.64717 0.69664 0.69664 0.64514 0.64755 0.65092 0.65130 0.65113 0.65098 0.65111 0.65116 0.65116 0.65105 0.69903 0.70686 0.71484 0.71522 0.69191 0.71442 0.70657 0.70657 0.70657 0.65289 0.65625 0.65625 0.64654 0.71516 0.70795 0.65168 0.67779 0.67779 0.67779 0.67485 0.67779 0.67779 0.67779 0.80519 0.66703 0.71455 0.71455 0.71455 0.73897 0.71150 0.73607 0.73607 0.71739 0.71739 0.73599 0.80727 0.77245 0.73318 0.73318 0.73318 0.73318
