test/test_data/tcaap/monthly_mean_over_all_Aug__actual_et__2015-01-01_to_2019-12-31__180_by_260__inches.asc
NCOLS        180
NROWS        260
XLLCORNER     476375.000
YLLCORNER    4970875.000
CELLSIZE        100.000
NODATA_VALUE -9999.
[rows 224 to 255 of 260, columns 71 to 141 of 180]
3.4269 3.5213 3.5213 3.5213 4.0115 4.9811 4.9811 4.9811 4.9811 3.3793 3.3793 3.5749 3.6654 3.6654 3.6654 3.7061 3.7061 3.4051 3.0231 3.4304 3.4051 3.4248 2.7400 2.7400 2.7400 3.6741 3.6915 3.7730 3.7227 3.7227 3.7227 3.7227 3.7227 3.6317 3.4777 3.4777 3.6460 3.6460 3.6460 3.6460 3.6460 3.6460 3.6460 3.6234 3.6234 3.6460 3.6460 3.6050 3.2984 3.2984 3.2984 3.4483 3.5435 3.5594 3.6600 3.6600 3.6600 3.5862 3.5862 3.4066 3.5862 3.5862 3.4066 3.5862 2.6670 2.6670 3.3294 3.3288 4.9678 4.9678 4.9678
3.5721 3.5721 3.5721 3.5721 4.0640 4.9813 4.9813 4.9813 4.9813 3.6193 3.3793 3.5749 3.6654 3.6654 3.6654 3.7061 3.7061 3.7061 3.6741 3.6741 3.7070 3.7070 3.7322 3.6741 3.6741 3.6741 3.7730 3.7730 3.7227 3.7227 3.7227 3.7227 3.7227 3.4826 3.4777 3.4777 3.6460 3.6460 3.6460 3.6460 3.6460 3.6045 3.6234 3.6234 3.6234 3.6460 3.6460 3.6050 3.2540 3.2984 3.7070 3.7070 3.7070 3.7070 3.6104 3.6104 3.6104 3.5862 3.4066 3.4066 3.5862 3.5862 3.5862 3.5862 3.5862 3.3288 4.9662 4.9662 4.9678 4.9678 4.9678
3.5721 3.5721 3.5721 3.5721 4.9861 4.9813 4.9813 4.9813 4.9813 3.6576 3.6576 3.5695 3.6576 3.6193 3.6576 3.7047 3.7047 3.4015 2.7194 2.7194 3.7566 3.7066 3.7070 3.7070 3.7575 3.7575 3.7730 3.7730 3.7730 3.7227 3.7227 3.7227 3.7227 3.6805 3.4777 3.4777 3.4006 3.6460 3.6460 3.6460 3.6460 3.6235 3.6235 3.6235 3.6460 3.6460 3.6460 3.6050 3.2540 3.2984 3.6104 3.7070 3.6104 3.6104 3.6104 3.6104 3.6104 3.5862 3.5862 3.5862 3.5862 3.5862 3.5862 3.5862 2.9224 4.9662 4.9662 4.9662 4.9678 4.0783 4.0905
3.5721 3.5721 3.5721 3.5721 4.9861 4.9813 4.9813 4.9813 3.6193 3.6576 3.6576 3.5695 3.6576 3.6576 3.6576 3.7048 3.7048 3.4015 3.7808 3.7567 3.7567 3.7567 3.7567 3.7567 3.7567 3.7567 3.7078 3.7078 3.7078 3.7078 3.6559 3.6559 3.6559 3.3707 3.4210 3.4718 3.6460 3.6460 3.6460 3.6460 3.6460 3.6235 3.6460 3.6460 3.6460 3.6460 3.6460 3.6050 3.2540 3.2984 3.6104 3.6104 3.6104 3.6104 3.6104 3.6104 2.7052 3.5862 3.5862 3.5862 3.5862 3.5862 3.5862 2.9746 4.9663 4.9663 4.9663 4.0664 4.0401 3.6705 3.6849
3.5721 3.5650 3.5650 3.6118 3.5716 4.9814 4.9814 4.9814 3.6194 3.4680 3.5206 3.2953 3.5695 3.6576 3.6576 3.7048 3.7048 3.4165 3.7808 3.7567 3.7567 3.7567 3.7567 3.7567 3.7567 3.7078 3.7078 3.7078 3.7078 3.7078 3.6560 3.6560 3.6560 3.3708 3.3708 3.7086 3.6657 3.6372 3.6372 3.6657 3.6657 3.6116 3.6116 3.6116 3.6116 3.6116 3.6460 3.6051 3.2984 3.6104 3.6104 3.6104 3.6104 3.6104 3.6104 2.7052 2.7052 3.3439 3.4066 3.4066 3.4066 2.6670 2.9224 4.9663 4.9663 4.0664 4.0539 4.0578 3.9847 3.6558 4.9679
3.8386 3.5651 3.6118 3.5668 3.5227 4.9814 4.9814 4.9814 3.4784 3.4385 3.4060 3.3349 3.2953 3.3175 3.6121 3.6548 2.9887 3.4165 3.7808 3.7567 3.7567 3.7567 3.7567 3.7048 3.7048 3.6560 3.7078 3.7078 3.7078 3.7078 3.7078 3.6560 3.6560 3.3708 2.9800 3.8317 3.7906 3.7906 3.9942 3.7537 3.7906 3.3608 3.3269 3.6116 3.6116 3.6116 3.5711 3.2593 3.5729 3.5729 3.5729 3.5729 3.5729 3.5729 3.5729 3.5314 3.4588 3.4409 3.5344 3.4595 3.4720 2.9224 4.9663 4.9663 4.1007 4.1007 4.1007 3.5749 3.9804 4.9679 4.9679
3.6118 3.6118 3.5668 3.5668 3.0063 4.9814 4.9814 4.9814 3.3974 3.3685 3.3487 3.2612 3.3735 3.4027 2.9637 3.0125 2.9887 2.9977 2.9887 2.9954 2.9954 3.7146 3.7048 3.7048 3.7048 3.6560 3.7078 3.3965 3.7078 3.7078 3.6560 3.6146 3.6146 3.3708 3.0033 3.8317 3.7906 3.7749 3.9942 3.9942 3.7906 3.6117 3.6117 3.6117 3.6117 3.6117 3.5711 3.2593 3.5730 3.5730 3.5730 3.5730 3.5730 2.6629 2.9134 2.9157 2.9190 2.9127 3.4759 2.9116 2.9028 4.9692 4.9692 4.9692 4.0713 4.0713 4.0713 3.6645 4.9413 4.9413 4.9679
4.0641 3.7250 3.5668 3.6079 3.2986 4.9814 4.9814 4.9814 3.3974 3.4081 3.4153 3.4219 3.4274 3.5415 3.3450 3.0143 3.5692 3.0030 3.0033 3.0143 3.6631 3.7048 3.7048 3.7048 3.7048 3.6560 3.6560 3.7078 3.7078 3.7078 3.6560 3.6560 3.6560 3.3708 3.0033 3.6804 3.7906 3.8119 3.7749 3.7749 3.9942 3.6117 3.6117 3.6117 3.6117 3.6117 3.6214 3.3006 3.5730 3.5730 3.5730 2.6629 3.5730 3.3889 3.5252 3.5090 2.9206 3.5311 3.5239 3.6178 3.6471 4.9692 4.9692 4.9692 3.5938 4.0714 4.0714 4.0372 4.9414 4.9414 4.9414
3.6118 3.7250 3.5669 3.5669 3.2986 4.9815 4.9815 2.9839 3.3974 3.4135 3.4232 3.4294 3.4346 3.5480 3.5416 3.4016 3.5692 3.5692 3.6549 3.7048 3.6065 3.7227 3.7048 3.7048 3.7048 3.6560 3.6560 3.7079 3.7079 3.7079 3.6560 3.6560 3.6560 3.7087 3.7087 3.8317 3.7906 3.7906 3.7906 3.7749 3.7749 3.6117 3.6117 3.6117 3.6117 3.6117 3.2135 3.2593 3.5730 3.5730 3.5730 2.9134 3.3179 3.3179 3.7083 3.5037 3.4994 3.5128 3.5205 2.6516 4.9693 4.9693 4.9693 4.0714 4.0714 3.6327 3.6837 4.9414 4.9414 4.9414 4.9414
3.9572 4.0280 3.5669 3.9069 2.7610 3.0064 4.9815 4.9815 2.9839 3.4486 3.4656 3.4368 3.4433 3.5792 3.5416 3.6631 3.6631 3.6631 3.7049 3.7049 3.3946 3.3946 3.6065 3.7049 3.7049 3.6560 3.6560 3.7079 3.7079 3.7079 3.6560 3.6560 3.6560 3.7087 3.8590 3.8317 3.7906 3.7906 3.7906 3.7749 3.7749 3.6117 3.6117 3.6658 3.6658 3.6117 3.5712 3.2593 2.6629 3.5730 2.6629 2.9139 2.9141 3.3179 3.6039 2.9295 3.4484 3.5205 2.6516 4.0383 4.9693 4.9693 4.9693 4.0566 3.6327 3.6327 4.9693 4.9414 4.9414 4.9414 4.9414
4.1557 4.0281 2.8262 2.8262 2.7610 2.7610 4.9815 4.9815 2.9718 3.6441 3.4684 3.4431 3.4511 3.6138 3.4204 3.4866 3.6632 3.6632 3.7049 3.7049 3.3946 3.3946 3.7227 3.7049 3.7049 3.6561 3.6561 3.7079 3.7079 3.3708 3.3708 3.6561 3.6561 3.7087 3.8590 3.7907 3.7907 3.7907 3.7750 3.7538 3.7907 3.7907 3.6658 3.6117 3.6658 3.3525 3.2593 3.2593 2.6629 2.6690 3.6126 2.9143 2.9156 3.3199 2.9246 2.9323 3.5362 2.6516 4.0383 4.0383 4.9693 4.9693 4.9693 3.6327 4.0943 4.0001 4.9693 4.9415 4.9415 4.9415 4.9415
3.9979 4.0472 4.0472 2.8204 2.7610 4.9816 4.9816 4.9816 2.9761 3.3975 3.4580 3.4458 3.4553 3.3527 3.4204 3.8415 3.7547 3.6632 3.6632 3.6632 3.3340 3.3946 3.3946 3.3875 3.7049 3.6561 3.6561 3.7079 3.7079 3.6561 3.6561 3.6561 3.6561 3.7088 3.8818 3.7907 3.7907 3.7750 3.7907 3.7907 3.7907 3.7907 3.6659 3.6659 3.6659 3.3244 3.2803 3.6670 2.6629 2.9134 3.5248 2.9188 2.9179 2.9216 2.9274 2.6629 2.6516 4.0383 4.0383 4.0383 4.9694 4.9694 4.0943 4.0943 4.0943 4.9694 4.9694 4.9415 4.9415 4.9415 3.9341
3.9979 3.9265 3.9265 3.4934 3.4492 3.4492 4.9770 4.9770 3.0133 3.4202 3.5041 3.4509 3.4610 3.3675 3.3931 3.4026 3.7547 3.6632 3.6632 3.7049 3.3946 3.3946 3.3946 3.3946 3.7049 3.6561 3.6561 3.7079 3.6561 3.3709 3.3709 3.3709 3.3709 3.3709 3.4117 3.3628 3.7907 3.8406 3.7907 3.7907 3.7907 3.7907 3.6373 3.6659 3.2567 3.2567 3.3006 3.5730 3.5730 2.9166 2.9144 2.9182 2.9174 2.9197 2.9134 2.6629 4.0384 4.0384 4.0384 4.0384 4.9694 4.9694 4.0943 4.0943 3.9869 4.9694 4.9694 4.9415 4.9415 4.0393 4.1186
3.4456 3.4403 4.0473 4.0473 3.4492 3.4492 4.9770 3.2024 3.2024 3.2546 3.4086 3.4591 2.9554 2.9478 2.9813 2.7191 3.4026 3.6459 3.6459 3.6873 3.3546 3.3546 3.3546 3.3546 3.3546 3.2668 3.3227 3.6316 3.6561 3.3709 3.3709 3.3709 3.3709 3.3709 3.3709 3.3270 3.7907 3.8406 3.8406 3.7907 3.7907 3.7907 3.6659 3.3847 3.2567 3.7095 3.5731 3.5731 3.5731 2.6630 3.4576 2.9137 2.9146 2.9134 4.0805 4.0805 4.0384 4.0384 4.0384 4.9694 4.9694 4.9694 4.0715 4.1406 4.1406 4.0567 4.0715 4.1362 4.1739 3.5748 3.5748
3.5052 3.4457 3.4825 3.5624 3.3433 3.5979 4.9770 3.2024 3.2024 3.2024 3.3022 3.6543 3.6543 3.7651 3.7902 3.6706 3.7902 3.6459 3.6873 3.6873 3.5862 3.3546 3.3546 3.4269 3.3546 3.3865 3.3865 3.3227 3.6316 3.6316 3.3431 3.3431 3.3431 3.3431 3.3431 3.3217 3.7576 3.8118 3.8118 3.8118 3.7907 3.7907 3.5701 2.8114 3.7095 2.6762 3.5731 3.5731 3.5731 3.3242 3.3180 3.3180 2.9134 3.6689 4.0806 4.0806 4.0384 4.0384 4.0384 4.9695 4.9695 4.9695 4.2332 4.9695 4.9695 4.0567 4.0715 4.1362 3.6146 3.5748 3.5748
3.5081 3.5052 3.4457 3.4825 3.6818 3.6818 4.9771 3.2670 3.8458 3.8458 3.8458 3.4938 3.6543 3.5980 3.6218 3.6706 3.7902 3.7902 3.6874 3.6874 3.6874 3.4269 3.4269 3.4269 3.3763 3.3865 3.3227 3.3227 3.6316 3.6316 3.6316 3.3431 3.3431 3.3431 3.3431 3.3217 3.7789 3.7428 3.8118 3.7881 3.7576 3.6353 3.2952 3.6772 3.4030 2.6652 3.5453 3.2943 3.3518 3.2943 3.6037 2.6259 2.6630 4.0806 4.0806 4.0806 4.0384 4.0384 4.0384 4.9695 4.9695 4.0864 4.1111 4.2332 4.0715 3.8461 4.1081 3.6893 3.7113 3.5749 3.5749
3.5081 3.5081 3.5052 3.3479 3.9477 3.4390 3.6818 4.9771 4.9771 3.8458 3.8458 3.8458 3.5980 3.6445 3.5348 3.6706 3.6706 3.6706 3.6874 3.6874 3.6874 3.6874 3.4270 3.4270 3.3865 3.3227 3.3227 3.3227 3.5365 3.2668 3.2668 3.6474 3.6316 3.6316 3.6316 3.2829 3.2829 3.7754 3.2829 3.7370 3.7881 3.6772 2.8290 2.9366 2.9181 2.8706 2.8706 3.4842 3.3518 3.6508 4.1152 4.0386 2.6259 4.0394 4.0394 4.0394 4.1210 4.1210 4.9679 4.9679 3.6914 4.1889 4.1889 4.1244 3.8462 3.6526 3.5608 3.4253 3.5838 3.4400 3.4853
3.5082 3.5082 3.5082 3.3963 3.3997 3.3480 3.9477 4.9771 4.9771 3.8736 3.8458 3.8458 3.8458 3.4105 3.5787 3.6706 3.6706 3.6706 3.6874 3.6874 3.6874 3.6874 3.5862 3.4270 3.3227 3.3227 3.3227 3.3227 3.3227 3.3227 3.3227 3.3227 3.3227 3.3227 3.3227 3.2829 3.2829 3.2829 3.2829 3.3224 3.6772 2.6652 2.9181 2.9273 2.9237 2.8765 2.8782 2.8804 3.6508 4.9721 4.0066 4.0394 2.6259 2.6259 4.0394 4.0394 4.1210 3.7721 4.9679 4.9679 3.6638 4.1889 4.0343 4.1896 3.5920 3.5920 3.6567 3.3885 3.5925 3.5925 3.9952
3.5082 3.5082 3.5082 3.3242 3.3997 3.3997 3.3480 3.9477 3.9477 4.9772 4.9772 3.8458 3.8458 3.8458 3.3734 3.5787 3.6706 3.6706 3.6874 3.6874 3.6874 3.6874 3.6874 3.3062 3.3227 3.3227 3.3227 3.3227 3.3227 3.3227 3.3865 3.3227 3.3227 3.3227 3.3227 3.2829 3.2829 3.2829 3.3224 2.6652 2.9181 2.9317 2.9246 2.9220 2.9226 2.8797 3.2773 3.6509 4.9722 4.9722 3.8982 4.0394 4.0394 2.6260 4.0394 4.0394 3.7721 4.9679 4.9679 4.9679 4.1344 4.1889 4.0350 3.5920 3.5920 3.5920 3.5271 3.5926 3.5926 3.5926 3.3571
3.5082 3.5082 3.5082 3.3997 3.3963 3.3997 3.3963 3.3480 3.3997 3.5224 4.9772 4.9772 3.8956 3.8458 3.8704 3.8704 3.6706 3.6706 3.6874 3.6874 3.6874 3.6874 3.6874 3.6706 3.2669 3.3227 3.3227 3.3227 3.3227 3.3227 3.3865 3.3227 3.3227 3.3227 3.3227 3.2829 3.2829 3.3224 3.5863 3.5428 2.9340 2.9248 2.9212 2.9217 3.3311 3.2575 4.9722 4.9722 4.9722 4.9722 3.6383 4.0394 4.0394 2.6260 2.6260 4.0394 4.9680 4.9680 2.6634 3.6598 3.7052 2.6608 3.3520 3.5920 3.5920 3.6847 3.6234 3.5926 3.5926 3.5926 3.3571
3.5082 3.4458 3.3251 3.2530 3.3480 3.0122 2.8423 3.3480 3.3480 4.0426 4.0426 4.9772 4.9772 4.9772 3.3734 3.8026 3.5349 3.6706 3.6706 3.6874 3.6874 3.6874 3.6706 3.6706 3.6265 3.6265 3.6265 3.3228 3.3228 3.2532 3.2532 3.2532 3.2532 3.3228 3.2532 3.3224 3.5863 3.5863 3.3311 2.9292 2.9227 2.9202 3.5343 3.6450 3.3020 3.9754 4.9722 4.9722 4.9722 4.9722 3.7340 4.0394 4.0394 4.0394 2.6260 4.9722 4.9680 4.9680 3.3340 3.3340 2.6608 2.6608 3.3520 3.5920 3.5920 3.5696 3.6234 3.6234 3.5926 3.6268 3.3817
3.5082 3.4458 3.3176 3.2542 3.0316 3.0262 3.0272 2.8423 3.3480 3.9478 4.0426 4.0426 4.0426 4.9772 4.9749 3.8026 3.5349 3.6707 3.6707 3.6707 3.6707 3.6707 3.6707 3.6707 3.6265 2.6692 2.6692 2.6692 2.6692 3.3209 3.3209 3.3209 3.3209 3.6321 2.6692 2.6652 3.5863 3.4031 2.6624 3.6357 3.6357 2.9181 3.3311 3.9409 3.9409 4.9722 4.9722 4.9722 4.9722 4.0395 4.0395 4.0395 4.0395 3.7340 4.9722 2.6694 4.9680 4.9680 3.5560 3.3423 2.6608 2.6608 2.6608 3.3520 3.6428 3.5696 3.6234 3.7013 3.6268 3.6268 3.6268
3.5036 3.4435 3.3406 3.2946 3.2818 3.0197 3.0196 3.2826 3.3690 3.3690 3.9478 3.9478 4.0426 4.9750 4.9750 4.9750 3.5349 3.6707 3.6707 3.6707 3.6707 2.7204 2.7204 2.7204 2.6692 2.6692 2.6692 2.6692 2.6692 2.6692 2.6692 2.6692 2.6692 3.4439 2.6652 3.5429 3.5429 3.4071 3.4031 3.4031 3.3452 2.6652 4.0849 4.9619 4.9619 4.9723 4.9723 4.9723 4.0395 4.0395 3.7340 4.0395 3.7340 4.9723 4.9723 4.9723 3.2666 3.6521 3.3335 3.3423 3.3423 3.3520 2.6608 3.6848 3.6428 3.6428 3.6234 3.6234 3.7013 3.6268 3.6268
3.5036 3.4435 3.3406 3.2971 3.2953 3.0239 3.0240 3.2813 3.2876 3.3690 3.3690 3.9921 4.2126 4.0685 4.9799 4.9799 3.5706 3.6458 3.6458 3.6458 3.6458 3.6458 3.7904 2.7204 2.6692 3.6266 3.6266 3.6266 3.6266 3.4439 2.6692 2.6692 3.4439 3.4439 2.6652 3.4031 3.5429 3.4031 3.4031 3.4031 4.0153 4.0153 4.1005 4.9620 4.9620 4.9723 4.9723 4.9723 4.0395 3.7340 4.0395 3.7340 4.9723 4.9723 4.9723 3.7334 2.6608 3.4110 2.6608 3.3520 3.5560 3.3338 3.3338 3.5774 3.6428 3.5697 3.6235 3.6235 3.8109 3.3817 3.3572
3.5036 3.4435 3.3406 3.2990 3.2974 3.0240 3.0240 3.2216 3.2216 2.7128 3.3690 3.9921 4.1179 4.0685 4.9799 4.9799 3.5707 3.6458 3.6458 3.6458 3.6458 3.3713 3.3713 3.4278 3.3296 3.4008 3.4008 3.4008 3.4008 3.3296 3.3943 3.3943 3.3943 3.5929 3.5863 3.4031 3.4031 3.4031 3.4031 3.4895 4.0153 4.0290 4.9620 4.9620 4.9620 4.9723 4.9723 3.7340 4.0395 4.0395 4.0395 4.9723 4.9723 4.9723 3.4109 3.6866 3.6866 2.6608 2.6608 3.5921 3.3423 3.5317 3.5317 3.5774 3.6866 3.5697 3.6235 3.6235 3.6235 3.5927 3.4523
3.5036 3.4435 3.3406 3.3015 3.3001 3.0240 3.0122 3.2216 2.8177 2.8177 3.5913 4.0942 3.9958 4.0685 4.9799 3.5396 3.5707 3.6458 3.6458 3.6458 3.6458 3.3714 3.4325 3.4325 3.4008 3.4008 3.4008 3.4008 3.3296 2.6280 3.3943 3.3943 3.3943 3.5930 3.5746 3.5746 3.3761 3.3761 3.9788 4.9742 4.9742 4.0666 4.0666 4.0666 4.0666 4.1230 3.7341 3.7341 4.0395 4.0395 4.9724 4.9724 4.9724 3.6398 3.6398 2.9082 2.9082 2.6608 2.6608 2.6608 3.9359 3.6851 3.6347 3.7334 3.6866 3.6428 3.6235 3.6235 3.6235 3.5552 3.5161
3.5037 3.4435 3.3407 3.3048 3.0243 3.0243 2.9862 2.8177 2.8177 3.2956 3.4787 4.0942 4.0066 4.0685 4.9800 4.9800 3.5396 3.6458 3.6458 3.6458 3.6461 3.6461 3.5562 3.5562 3.5943 3.4009 3.4009 3.7077 3.3943 2.6280 2.6280 3.3943 3.3943 3.3943 3.5746 3.3761 3.4726 4.0506 4.9742 4.9742 4.0666 4.0666 4.0666 4.0666 4.0666 3.7859 3.7859 3.7859 4.1230 4.9617 4.9617 4.9617 3.5799 3.6970 3.6970 2.9395 3.3705 3.3979 2.6608 3.3338 4.1448 4.1448 3.3422 3.3422 3.6429 3.6429 3.6235 3.6235 3.4646 3.4311 3.5161
3.4410 3.1034 3.0242 3.0123 3.0244 2.9862 3.0123 2.8177 2.7965 3.2878 3.4115 4.0942 4.0942 3.9515 4.9800 4.9800 4.0153 3.6459 3.6459 3.6459 3.6461 3.6120 3.6120 3.6461 3.5943 2.6584 3.3943 3.3943 3.3943 2.6280 2.6280 2.6280 2.6280 3.3943 3.3762 3.3762 3.9637 4.0949 4.0666 4.0666 4.0666 4.0666 4.0666 4.0666 3.7530 3.7859 3.7859 4.9618 4.9618 4.9618 4.9618 3.5800 3.5800 3.5800 2.9177 3.7785 3.3705 3.3600 3.3600 2.8481 4.1813 3.8682 3.3728 3.3728 3.3728 3.5785 3.4699 3.6604 3.3939 3.6610 3.6610
3.4675 3.4436 3.4270 3.3049 3.5914 2.9862 3.0218 2.8177 3.2778 3.2692 3.0224 3.4787 4.0942 3.9515 3.9962 4.9800 3.5429 3.5798 3.7409 3.6459 3.6459 3.3632 3.6461 3.3104 3.3104 2.6280 3.5930 3.3944 3.3944 2.6280 2.6280 2.6280 3.3944 3.5437 3.6933 3.6565 4.0667 4.0667 4.0667 4.0667 4.0667 4.9743 4.9743 4.9743 4.9618 4.9618 4.9618 4.9618 4.9618 4.9618 3.3554 3.6970 3.5800 3.6379 3.7530 3.6757 3.6466 3.6466 3.6466 3.4709 4.0856 4.2765 3.8270 3.4152 3.3728 3.3461 3.6197 3.6197 3.6504 3.6093 3.6093
3.5037 3.4436 3.4270 3.5914 2.9862 3.0161 3.0209 3.0241 3.0191 3.2515 3.3049 3.3049 4.0942 3.9515 4.0686 4.9801 4.9801 3.3777 3.5798 3.5017 3.4503 2.6678 3.6459 3.3112 2.6281 3.3290 3.5794 3.4412 2.9069 2.9106 2.6447 2.6416 2.8942 2.9010 4.0667 4.0667 4.0667 4.0667 4.0667 4.9743 4.9743 4.9743 4.9743 4.9743 4.9618 4.9618 4.9618 4.9618 4.9618 3.3554 3.4258 3.4258 3.6048 3.6048 3.6549 3.6757 3.7236 3.6466 3.4709 3.2304 3.2903 4.1198 4.2063 3.8270 3.3728 3.4071 3.6197 3.6197 3.6197 3.6197 3.6197
3.1034 2.7840 3.5914 3.3409 3.0115 3.0190 3.0190 3.0242 3.2683 3.2463 3.2539 3.4787 4.0942 4.0388 3.9380 4.9801 4.9801 3.4930 3.3126 3.3126 3.7410 3.7410 3.4503 2.6281 2.6281 3.4726 3.4393 3.4179 3.4187 2.9320 2.9559 3.9304 4.9785 2.6356 4.0667 4.0667 4.0667 4.0667 4.9743 4.9743 4.9743 4.0667 4.0667 4.0667 4.1231 4.1231 4.9618 4.9618 3.4198 3.4258 3.6048 3.6048 3.6736 3.8160 3.6549 3.6758 3.6758 3.3728 3.4709 3.1885 3.4709 3.9225 4.2064 3.6683 3.3728 3.4071 3.6545 3.6545 3.4071 3.6545 3.6545
3.0505 3.0505 3.3469 3.3481 3.3201 3.0236 3.0244 3.0242 3.2511 3.2553 3.2816 3.3041 3.4787 3.9968 3.9968 4.9801 4.9801 4.9801 3.3126 3.3126 4.9801 4.2745 2.9223 3.4138 3.6450 3.4138 3.4138 3.4138 3.9304 3.7484 4.9785 3.9028 4.9785 2.6355 2.6311 4.0667 4.9744 4.9744 4.9744 4.0667 4.0667 4.0667 4.0667 4.0667 4.1231 4.9619 4.9619 3.3954 3.7050 3.6048 3.4258 3.2822 3.2822 3.8160 3.6550 3.6758 3.6758 3.6758 3.4710 3.8445 3.4710 3.2903 3.9774 3.2843 3.3728 3.4450 3.8463 3.4450 3.7064 3.7064 3.7064
