test/test_data/tcaap/monthly_variance_over_all_Jan__actual_et__2015-01-01_to_2019-12-31__180_by_260__inches.asc
NCOLS        180
NROWS        260
XLLCORNER     476375.000
YLLCORNER    4970875.000
CELLSIZE        100.000
NODATA_VALUE -9999.
[rows 175 to 199 of 260, columns 114 to 170 of 180]
0.77304E-1 0.77304E-1 0.77002E-1 0.74512E-1 0.76244E-1 0.76256E-1 0.74512E-1 0.74512E-1 0.77462E-1 0.77462E-1 0.77462E-1 0.76409E-1 0.76409E-1 0.76409E-1 0.76409E-1 0.76409E-1 0.76409E-1 0.73187E-1 0.73969E-1 0.72959E-1 0.72959E-1 0.75592E-1 0.74758E-1 0.75498E-1 0.75498E-1 0.75498E-1 0.75498E-1 0.75309E-1 0.75343E-1 0.77487E-1 0.78453E-1 0.78453E-1 0.78453E-1 0.78453E-1 0.78453E-1 0.78453E-1 0.78453E-1 0.78453E-1 0.77826E-1 0.78168E-1 0.78389E-1 0.78774E-1 0.75317E-1 0.77816E-1 0.77816E-1 0.74809E-1 0.75120E-1 0.75954E-1 0.73992E-1 0.73823E-1 0.72394E-1 0.72834E-1 0.73773E-1 0.73314E-1 0.75069E-1 0.75206E-1 0.75469E-1
0.77353E-1 0.77353E-1 0.77052E-1 0.77353E-1 0.77093E-1 0.77051E-1 0.77051E-1 0.77051E-1 0.78030E-1 0.78030E-1 0.77077E-1 0.76412E-1 0.73189E-1 0.70448E-1 0.70448E-1 0.73189E-1 0.74597E-1 0.70448E-1 0.73972E-1 0.72962E-1 0.72962E-1 0.73197E-1 0.74417E-1 0.75066E-1 0.75333E-1 0.75417E-1 0.75423E-1 0.75395E-1 0.75336E-1 0.77464E-1 0.77433E-1 0.78456E-1 0.78140E-1 0.77433E-1 0.77433E-1 0.77433E-1 0.77433E-1 0.77433E-1 0.75988E-1 0.78490E-1 0.78777E-1 0.77819E-1 0.75320E-1 0.75320E-1 0.77819E-1 0.73825E-1 0.75123E-1 0.75957E-1 0.75957E-1 0.74812E-1 0.74210E-1 0.74210E-1 0.76031E-1 0.73225E-1 0.73825E-1 0.74210E-1 0.71581E-1
0.77356E-1 0.77356E-1 0.77356E-1 0.77356E-1 0.77096E-1 0.77055E-1 0.77356E-1 0.77356E-1 0.78033E-1 0.78033E-1 0.78033E-1 0.73927E-1 0.73323E-1 0.72884E-1 0.72930E-1 0.73113E-1 0.76421E-1 0.74014E-1 0.74047E-1 0.74796E-1 0.73280E-1 0.73802E-1 0.74873E-1 0.75009E-1 0.75124E-1 0.75214E-1 0.75277E-1 0.75312E-1 0.75318E-1 0.77411E-1 0.77328E-1 0.77219E-1 0.75875E-1 0.77393E-1 0.77386E-1 0.77382E-1 0.77388E-1 0.77401E-1 0.75981E-1 0.78493E-1 0.78533E-1 0.78780E-1 0.75322E-1 0.75322E-1 0.77822E-1 0.71174E-1 0.75125E-1 0.75125E-1 0.75960E-1 0.75960E-1 0.75075E-1 0.74212E-1 0.76034E-1 0.74243E-1 0.73959E-1 0.73551E-1 0.72445E-1
0.77359E-1 0.77359E-1 0.77359E-1 0.77359E-1 0.77359E-1 0.76308E-1 0.76308E-1 0.77359E-1 0.78036E-1 0.78036E-1 0.78036E-1 0.76536E-1 0.73059E-1 0.72173E-1 0.72173E-1 0.74878E-1 0.77259E-1 0.77259E-1 0.77656E-1 0.77780E-1 0.77780E-1 0.76217E-1 0.76913E-1 0.75647E-1 0.75749E-1 0.75827E-1 0.75879E-1 0.75903E-1 0.75897E-1 0.78247E-1 0.78026E-1 0.76998E-1 0.76155E-1 0.76254E-1 0.77075E-1 0.77035E-1 0.77014E-1 0.77005E-1 0.75920E-1 0.76738E-1 0.77826E-1 0.77826E-1 0.78784E-1 0.78784E-1 0.78784E-1 0.78784E-1 0.78312E-1 0.73830E-1 0.75128E-1 0.74724E-1 0.75477E-1 0.74215E-1 0.74215E-1 0.75321E-1 0.73959E-1 0.73566E-1 0.74215E-1
0.77363E-1 0.77363E-1 0.77363E-1 0.77363E-1 0.77363E-1 0.77363E-1 0.77363E-1 0.77362E-1 0.78039E-1 0.78039E-1 0.78039E-1 0.74993E-1 0.70669E-1 0.72175E-1 0.74052E-1 0.74343E-1 0.78039E-1 0.78039E-1 0.78390E-1 0.78390E-1 0.78390E-1 0.77398E-1 0.75778E-1 0.75853E-1 0.75775E-1 0.75837E-1 0.75876E-1 0.75887E-1 0.75866E-1 0.77474E-1 0.77323E-1 0.77852E-1 0.76919E-1 0.77091E-1 0.76976E-1 0.76890E-1 0.76845E-1 0.77588E-1 0.77476E-1 0.76910E-1 0.78592E-1 0.78592E-1 0.78976E-1 0.78019E-1 0.78019E-1 0.78019E-1 0.76741E-1 0.73833E-1 0.73833E-1 0.73833E-1 0.74218E-1 0.74218E-1 0.74218E-1 0.76039E-1 0.73814E-1 0.74218E-1 0.75080E-1
0.77366E-1 0.77366E-1 0.77366E-1 0.77366E-1 0.77366E-1 0.77366E-1 0.76314E-1 0.77366E-1 0.78042E-1 0.78042E-1 0.78042E-1 0.74712E-1 0.69574E-1 0.74055E-1 0.74055E-1 0.74346E-1 0.74346E-1 0.72945E-1 0.78394E-1 0.78394E-1 0.78394E-1 0.78394E-1 0.75928E-1 0.78117E-1 0.77878E-1 0.77626E-1 0.77675E-1 0.75872E-1 0.75837E-1 0.78457E-1 0.78292E-1 0.78080E-1 0.77829E-1 0.76701E-1 0.76498E-1 0.76343E-1 0.76257E-1 0.77064E-1 0.76770E-1 0.77551E-1 0.77494E-1 0.77521E-1 0.76772E-1 0.76770E-1 0.76746E-1 0.76589E-1 0.75705E-1 0.75221E-1 0.74294E-1 0.72837E-1 0.76309E-1 0.77106E-1 0.76309E-1 0.76309E-1 0.74278E-1 0.75239E-1 0.77106E-1
0.77369E-1 0.77369E-1 0.77369E-1 0.77369E-1 0.77369E-1 0.77369E-1 0.77369E-1 0.78045E-1 0.78045E-1 0.78045E-1 0.77786E-1 0.72981E-1 0.74349E-1 0.74058E-1 0.74349E-1 0.74349E-1 0.74349E-1 0.74349E-1 0.78397E-1 0.78397E-1 0.78397E-1 0.78397E-1 0.77404E-1 0.78397E-1 0.78397E-1 0.78387E-1 0.78006E-1 0.77986E-1 0.78243E-1 0.78408E-1 0.78217E-1 0.77965E-1 0.76699E-1 0.77206E-1 0.75242E-1 0.74965E-1 0.73676E-1 0.75530E-1 0.75555E-1 0.76033E-1 0.76227E-1 0.75601E-1 0.75609E-1 0.75656E-1 0.75724E-1 0.76224E-1 0.75658E-1 0.75889E-1 0.76231E-1 0.75411E-1 0.76311E-1 0.76311E-1 0.76311E-1 0.77128E-1 0.74307E-1 0.75831E-1 0.75242E-1
0.77372E-1 0.77372E-1 0.77372E-1 0.77372E-1 0.72371E-1 0.72371E-1 0.77372E-1 0.77789E-1 0.78049E-1 0.78049E-1 0.78049E-1 0.74351E-1 0.72984E-1 0.73994E-1 0.74060E-1 0.74351E-1 0.74351E-1 0.78048E-1 0.78400E-1 0.78400E-1 0.78400E-1 0.78400E-1 0.78039E-1 0.78400E-1 0.78400E-1 0.78400E-1 0.78123E-1 0.77974E-1 0.78535E-1 0.78407E-1 0.78744E-1 0.77716E-1 0.77386E-1 0.75721E-1 0.74148E-1 0.70740E-1 0.71260E-1 0.71466E-1 0.73617E-1 0.74323E-1 0.72248E-1 0.72248E-1 0.73652E-1 0.73769E-1 0.74786E-1 0.75892E-1 0.76234E-1 0.76234E-1 0.76234E-1 0.77446E-1 0.76314E-1 0.76314E-1 0.77131E-1 0.77131E-1 0.77131E-1 0.76179E-1 0.77112E-1
0.73778E-1 0.73778E-1 0.77593E-1 0.73778E-1 0.73778E-1 0.73778E-1 0.72373E-1 0.78052E-1 0.78052E-1 0.77792E-1 0.77792E-1 0.77543E-1 0.75204E-1 0.78269E-1 0.74354E-1 0.74354E-1 0.74354E-1 0.78052E-1 0.78403E-1 0.78403E-1 0.78403E-1 0.75183E-1 0.77715E-1 0.78403E-1 0.78403E-1 0.77410E-1 0.77410E-1 0.78403E-1 0.78745E-1 0.78747E-1 0.78747E-1 0.78747E-1 0.78460E-1 0.76639E-1 0.75014E-1 0.74748E-1 0.72927E-1 0.73719E-1 0.72699E-1 0.75029E-1 0.75417E-1 0.75417E-1 0.75417E-1 0.74475E-1 0.76002E-1 0.76237E-1 0.76237E-1 0.76237E-1 0.76002E-1 0.77449E-1 0.76317E-1 0.76317E-1 0.77134E-1 0.77134E-1 0.76317E-1 0.74478E-1 0.76582E-1
0.73781E-1 0.73781E-1 0.73781E-1 0.73781E-1 0.73781E-1 0.73781E-1 0.73781E-1 0.78055E-1 0.78055E-1 0.78055E-1 0.76999E-1 0.78055E-1 0.73945E-1 0.78055E-1 0.77795E-1 0.77546E-1 0.74357E-1 0.78055E-1 0.78406E-1 0.78406E-1 0.78406E-1 0.76201E-1 0.75210E-1 0.78406E-1 0.78406E-1 0.78406E-1 0.78406E-1 0.78406E-1 0.78750E-1 0.77722E-1 0.77722E-1 0.78750E-1 0.78750E-1 0.78750E-1 0.78951E-1 0.74751E-1 0.74751E-1 0.74751E-1 0.74619E-1 0.75420E-1 0.74122E-1 0.74122E-1 0.75420E-1 0.75420E-1 0.74122E-1 0.76240E-1 0.75420E-1 0.76240E-1 0.76240E-1 0.78231E-1 0.76320E-1 0.72859E-1 0.73999E-1 0.73999E-1 0.72859E-1 0.73937E-1 0.76516E-1
0.72412E-1 0.73784E-1 0.73784E-1 0.73784E-1 0.73784E-1 0.73784E-1 0.73784E-1 0.74359E-1 0.78058E-1 0.78058E-1 0.78058E-1 0.78058E-1 0.78058E-1 0.78058E-1 0.78058E-1 0.77549E-1 0.74359E-1 0.78058E-1 0.77416E-1 0.78409E-1 0.78409E-1 0.76203E-1 0.75996E-1 0.77934E-1 0.78171E-1 0.78409E-1 0.78409E-1 0.78409E-1 0.78466E-1 0.78466E-1 0.78753E-1 0.78753E-1 0.78753E-1 0.73692E-1 0.73724E-1 0.75020E-1 0.74753E-1 0.74753E-1 0.74753E-1 0.72256E-1 0.72256E-1 0.72609E-1 0.75479E-1 0.76243E-1 0.75098E-1 0.75098E-1 0.75422E-1 0.76007E-1 0.76007E-1 0.78234E-1 0.75019E-1 0.74473E-1 0.73940E-1 0.74338E-1 0.73940E-1 0.73940E-1 0.74534E-1
0.74036E-1 0.74036E-1 0.74036E-1 0.74036E-1 0.73786E-1 0.73786E-1 0.73786E-1 0.74362E-1 0.78061E-1 0.78061E-1 0.78061E-1 0.78061E-1 0.78061E-1 0.78061E-1 0.78061E-1 0.78278E-1 0.74362E-1 0.77552E-1 0.78174E-1 0.78412E-1 0.78609E-1 0.76206E-1 0.75216E-1 0.77937E-1 0.78412E-1 0.78412E-1 0.78412E-1 0.78412E-1 0.78470E-1 0.78756E-1 0.78756E-1 0.78756E-1 0.78756E-1 0.78756E-1 0.75022E-1 0.75022E-1 0.75022E-1 0.75022E-1 0.73727E-1 0.72350E-1 0.72538E-1 0.72772E-1 0.73882E-1 0.74169E-1 0.76245E-1 0.74458E-1 0.78510E-1 0.75482E-1 0.74785E-1 0.76178E-1 0.74805E-1 0.74526E-1 0.74315E-1 0.74164E-1 0.74071E-1 0.74066E-1 0.73093E-1
0.72755E-1 0.72755E-1 0.73779E-1 0.74038E-1 0.74038E-1 0.74038E-1 0.74038E-1 0.74104E-1 0.78195E-1 0.77197E-1 0.77197E-1 0.78195E-1 0.78195E-1 0.78195E-1 0.77197E-1 0.78195E-1 0.73364E-1 0.78415E-1 0.78415E-1 0.78415E-1 0.78138E-1 0.76002E-1 0.73584E-1 0.75000E-1 0.78054E-1 0.78054E-1 0.78177E-1 0.78415E-1 0.78760E-1 0.78760E-1 0.78760E-1 0.78760E-1 0.78760E-1 0.78473E-1 0.76833E-1 0.73730E-1 0.74627E-1 0.73730E-1 0.72709E-1 0.72391E-1 0.72590E-1 0.73742E-1 0.73995E-1 0.72747E-1 0.73447E-1 0.75103E-1 0.78044E-1 0.74286E-1 0.75116E-1 0.76417E-1 0.74977E-1 0.74606E-1 0.74319E-1 0.74122E-1 0.74019E-1 0.73985E-1 0.72950E-1
0.69520E-1 0.69520E-1 0.70596E-1 0.71838E-1 0.71910E-1 0.72092E-1 0.72452E-1 0.73539E-1 0.74408E-1 0.75078E-1 0.74638E-1 0.74871E-1 0.75182E-1 0.77200E-1 0.77958E-1 0.77919E-1 0.76450E-1 0.75614E-1 0.74121E-1 0.74121E-1 0.73062E-1 0.73062E-1 0.75409E-1 0.74164E-1 0.72044E-1 0.77025E-1 0.77025E-1 0.74931E-1 0.74756E-1 0.75577E-1 0.73883E-1 0.75786E-1 0.74756E-1 0.77193E-1 0.77734E-1 0.77734E-1 0.74591E-1 0.74033E-1 0.73572E-1 0.73494E-1 0.74189E-1 0.72648E-1 0.72468E-1 0.72874E-1 0.73450E-1 0.74503E-1 0.75526E-1 0.75592E-1 0.74955E-1 0.76528E-1 0.76363E-1 0.76220E-1 0.76143E-1 0.75103E-1 0.75203E-1 0.75398E-1 0.75675E-1
0.69523E-1 0.69523E-1 0.70603E-1 0.70640E-1 0.72366E-1 0.72569E-1 0.72112E-1 0.72729E-1 0.74110E-1 0.74489E-1 0.73571E-1 0.73571E-1 0.77922E-1 0.77922E-1 0.77922E-1 0.77922E-1 0.77922E-1 0.74036E-1 0.75644E-1 0.75644E-1 0.75644E-1 0.75644E-1 0.75644E-1 0.74934E-1 0.72046E-1 0.74909E-1 0.75946E-1 0.75946E-1 0.76163E-1 0.76163E-1 0.76163E-1 0.75126E-1 0.72125E-1 0.75126E-1 0.73275E-1 0.74937E-1 0.74366E-1 0.73696E-1 0.74012E-1 0.73796E-1 0.74353E-1 0.73564E-1 0.72611E-1 0.73765E-1 0.74166E-1 0.75271E-1 0.75528E-1 0.75654E-1 0.75108E-1 0.76728E-1 0.76757E-1 0.76804E-1 0.78142E-1 0.76949E-1 0.77042E-1 0.77144E-1 0.77253E-1
0.70657E-1 0.73257E-1 0.72540E-1 0.71841E-1 0.72153E-1 0.73635E-1 0.73168E-1 0.74112E-1 0.74492E-1 0.74492E-1 0.74492E-1 0.74492E-1 0.74492E-1 0.74492E-1 0.73197E-1 0.73197E-1 0.74492E-1 0.74422E-1 0.75949E-1 0.75949E-1 0.75949E-1 0.75949E-1 0.74937E-1 0.74937E-1 0.75949E-1 0.75949E-1 0.75949E-1 0.75741E-1 0.75154E-1 0.76166E-1 0.76166E-1 0.75958E-1 0.76166E-1 0.75958E-1 0.75958E-1 0.75958E-1 0.73278E-1 0.72976E-1 0.74686E-1 0.74531E-1 0.74475E-1 0.75064E-1 0.73816E-1 0.73978E-1 0.74161E-1 0.75081E-1 0.75192E-1 0.75229E-1 0.75176E-1 0.77335E-1 0.77373E-1 0.76959E-1 0.77030E-1 0.77115E-1 0.77212E-1 0.77317E-1 0.76481E-1
0.71816E-1 0.73224E-1 0.73276E-1 0.71934E-1 0.72011E-1 0.73343E-1 0.73082E-1 0.72243E-1 0.73231E-1 0.74494E-1 0.74494E-1 0.74494E-1 0.74494E-1 0.74494E-1 0.74494E-1 0.73231E-1 0.73231E-1 0.77563E-1 0.74011E-1 0.77018E-1 0.78048E-1 0.78048E-1 0.77034E-1 0.75743E-1 0.75743E-1 0.75952E-1 0.75952E-1 0.75952E-1 0.76169E-1 0.75960E-1 0.75960E-1 0.75494E-1 0.75494E-1 0.75512E-1 0.75960E-1 0.76169E-1 0.74352E-1 0.74266E-1 0.74860E-1 0.74731E-1 0.75799E-1 0.75261E-1 0.74028E-1 0.75457E-1 0.74308E-1 0.75185E-1 0.75274E-1 0.75309E-1 0.75277E-1 0.77493E-1 0.78913E-1 0.77592E-1 0.77665E-1 0.79085E-1 0.77847E-1 0.77099E-1 0.77222E-1
0.71819E-1 0.71819E-1 0.71819E-1 0.71819E-1 0.71819E-1 0.71819E-1 0.71819E-1 0.72246E-1 0.73234E-1 0.73234E-1 0.73234E-1 0.73234E-1 0.73234E-1 0.73234E-1 0.73234E-1 0.73234E-1 0.73234E-1 0.77037E-1 0.77037E-1 0.77037E-1 0.77037E-1 0.77037E-1 0.77037E-1 0.77037E-1 0.74942E-1 0.74942E-1 0.74942E-1 0.74942E-1 0.75159E-1 0.75159E-1 0.75963E-1 0.75159E-1 0.75159E-1 0.74534E-1 0.75963E-1 0.74355E-1 0.74355E-1 0.74353E-1 0.75064E-1 0.76038E-1 0.76012E-1 0.75492E-1 0.75562E-1 0.75653E-1 0.74497E-1 0.75325E-1 0.75389E-1 0.75417E-1 0.76424E-1 0.78883E-1 0.77710E-1 0.77767E-1 0.77839E-1 0.77924E-1 0.78018E-1 0.77289E-1 0.77407E-1
0.71821E-1 0.71821E-1 0.71821E-1 0.71821E-1 0.71821E-1 0.71821E-1 0.72248E-1 0.74500E-1 0.73236E-1 0.74500E-1 0.74500E-1 0.74238E-1 0.74238E-1 0.74500E-1 0.73236E-1 0.74500E-1 0.74500E-1 0.77162E-1 0.77810E-1 0.78054E-1 0.78054E-1 0.77810E-1 0.77810E-1 0.77040E-1 0.77040E-1 0.74945E-1 0.74945E-1 0.75162E-1 0.75162E-1 0.75162E-1 0.75162E-1 0.75162E-1 0.75162E-1 0.75162E-1 0.73536E-1 0.74641E-1 0.74574E-1 0.74464E-1 0.75327E-1 0.75247E-1 0.75231E-1 0.75226E-1 0.75157E-1 0.75098E-1 0.75050E-1 0.75015E-1 0.76176E-1 0.75688E-1 0.75698E-1 0.77859E-1 0.79203E-1 0.79245E-1 0.79299E-1 0.78097E-1 0.78187E-1 0.77469E-1 0.77582E-1
0.72805E-1 0.74057E-1 0.74057E-1 0.73681E-1 0.72805E-1 0.72805E-1 0.74240E-1 0.72474E-1 0.73584E-1 0.74502E-1 0.74502E-1 0.74502E-1 0.74502E-1 0.74502E-1 0.74502E-1 0.74502E-1 0.74502E-1 0.78057E-1 0.78057E-1 0.78057E-1 0.78057E-1 0.78057E-1 0.77043E-1 0.77043E-1 0.77043E-1 0.77043E-1 0.77043E-1 0.78235E-1 0.78235E-1 0.77991E-1 0.75969E-1 0.77770E-1 0.75465E-1 0.74730E-1 0.74369E-1 0.74245E-1 0.75106E-1 0.74981E-1 0.75670E-1 0.75605E-1 0.75600E-1 0.75503E-1 0.75439E-1 0.75383E-1 0.75335E-1 0.75298E-1 0.76417E-1 0.75937E-1 0.78045E-1 0.78061E-1 0.78091E-1 0.79395E-1 0.78194E-1 0.79500E-1 0.79567E-1 0.77639E-1 0.77745E-1
0.72807E-1 0.74129E-1 0.74060E-1 0.74129E-1 0.72807E-1 0.72807E-1 0.73241E-1 0.71190E-1 0.72982E-1 0.73210E-1 0.74505E-1 0.74505E-1 0.74505E-1 0.74505E-1 0.74505E-1 0.73210E-1 0.77745E-1 0.78060E-1 0.77046E-1 0.78060E-1 0.78060E-1 0.78060E-1 0.78060E-1 0.78060E-1 0.78060E-1 0.77046E-1 0.77046E-1 0.78238E-1 0.77994E-1 0.77994E-1 0.77227E-1 0.77227E-1 0.77227E-1 0.76108E-1 0.75608E-1 0.75494E-1 0.75494E-1 0.75380E-1 0.76090E-1 0.76034E-1 0.75368E-1 0.75809E-1 0.75750E-1 0.75695E-1 0.75646E-1 0.75603E-1 0.76222E-1 0.77125E-1 0.78266E-1 0.78271E-1 0.78289E-1 0.79546E-1 0.78370E-1 0.78432E-1 0.79076E-1 0.77798E-1 0.79230E-1
0.72810E-1 0.74062E-1 0.74062E-1 0.74062E-1 0.72810E-1 0.74062E-1 0.74508E-1 0.74508E-1 0.74128E-1 0.74508E-1 0.74508E-1 0.74508E-1 0.78223E-1 0.78223E-1 0.77983E-1 0.77748E-1 0.78223E-1 0.78063E-1 0.78063E-1 0.77819E-1 0.78063E-1 0.77049E-1 0.77819E-1 0.78063E-1 0.78063E-1 0.77819E-1 0.78063E-1 0.77997E-1 0.77997E-1 0.77230E-1 0.78241E-1 0.77230E-1 0.77230E-1 0.75096E-1 0.76023E-1 0.75918E-1 0.75813E-1 0.76685E-1 0.77381E-1 0.75871E-1 0.76127E-1 0.76072E-1 0.76018E-1 0.75966E-1 0.75918E-1 0.76941E-1 0.76473E-1 0.76452E-1 0.78482E-1 0.78488E-1 0.78508E-1 0.79724E-1 0.78591E-1 0.78651E-1 0.77945E-1 0.78030E-1 0.78030E-1
0.74135E-1 0.74135E-1 0.74135E-1 0.74135E-1 0.73874E-1 0.74135E-1 0.73340E-1 0.74620E-1 0.74238E-1 0.74620E-1 0.74510E-1 0.74510E-1 0.74510E-1 0.78226E-1 0.78226E-1 0.78226E-1 0.78226E-1 0.78066E-1 0.77822E-1 0.78066E-1 0.78066E-1 0.77822E-1 0.77822E-1 0.78066E-1 0.78066E-1 0.78066E-1 0.77052E-1 0.78000E-1 0.78245E-1 0.78000E-1 0.78000E-1 0.78000E-1 0.77233E-1 0.77232E-1 0.76866E-1 0.77165E-1 0.76694E-1 0.76622E-1 0.76353E-1 0.77364E-1 0.76441E-1 0.77387E-1 0.76335E-1 0.76281E-1 0.76226E-1 0.76175E-1 0.76738E-1 0.76705E-1 0.78689E-1 0.78681E-1 0.78687E-1 0.78708E-1 0.78743E-1 0.78790E-1 0.79388E-1 0.78100E-1 0.78139E-1
0.74138E-1 0.74138E-1 0.73876E-1 0.74138E-1 0.73876E-1 0.74138E-1 0.74623E-1 0.74623E-1 0.73343E-1 0.73343E-1 0.73343E-1 0.74623E-1 0.74360E-1 0.78165E-1 0.77921E-1 0.78165E-1 0.78165E-1 0.77313E-1 0.77313E-1 0.78080E-1 0.78080E-1 0.77313E-1 0.77055E-1 0.78069E-1 0.78069E-1 0.77825E-1 0.77825E-1 0.77236E-1 0.78004E-1 0.78004E-1 0.77236E-1 0.77236E-1 0.78248E-1 0.77803E-1 0.77184E-1 0.75196E-1 0.75089E-1 0.75031E-1 0.76598E-1 0.76706E-1 0.76672E-1 0.77650E-1 0.76625E-1 0.76576E-1 0.76518E-1 0.76459E-1 0.76990E-1 0.76945E-1 0.78886E-1 0.79849E-1 0.78858E-1 0.78866E-1 0.78887E-1 0.80031E-1 0.78130E-1 0.78158E-1 0.78190E-1
0.74140E-1 0.74140E-1 0.74140E-1 0.74140E-1 0.74140E-1 0.74140E-1 0.74626E-1 0.74626E-1 0.77924E-1 0.74265E-1 0.72340E-1 0.74626E-1 0.78168E-1 0.78168E-1 0.78168E-1 0.78168E-1 0.78326E-1 0.78326E-1 0.78326E-1 0.78083E-1 0.77316E-1 0.78326E-1 0.77316E-1 0.78083E-1 0.78083E-1 0.78326E-1 0.78083E-1 0.78536E-1 0.78780E-1 0.78780E-1 0.78536E-1 0.78780E-1 0.78536E-1 0.78251E-1 0.77495E-1 0.77608E-1 0.75009E-1 0.76589E-1 0.76641E-1 0.76880E-1 0.76794E-1 0.76773E-1 0.76750E-1 0.76723E-1 0.76694E-1 0.76665E-1 0.77142E-1 0.77125E-1 0.79062E-1 0.79056E-1 0.80141E-1 0.80145E-1 0.79070E-1 0.79086E-1 0.79106E-1 0.90936E-1 0.90936E-1
