test/test_data/tcaap/monthly_variance_over_all_Oct__actual_et__2015-01-01_to_2019-12-31__180_by_260__inches.asc
NCOLS        180
NROWS        260
XLLCORNER     476375.000
YLLCORNER    4970875.000
CELLSIZE        100.000
NODATA_VALUE -9999.
[rows 145 to 173 of 260, columns 0 to 66 of 180]
0.42321 0.42321 0.42321 0.42321 0.42321 0.42321 0.41395 0.41395 0.39325 0.39196 0.39196 0.39196 0.39108 0.39108 0.39108 0.39108 0.39108 0.38354 0.38348 0.47015 0.47015 0.39027 0.38998 0.38976 0.39064 0.39105 0.39107 0.39126 0.39126 0.39029 0.38835 0.38731 0.38731 0.38731 0.38731 0.38825 0.38835 0.38825 0.38835 0.38825 0.36750 0.36750 0.38860 0.38860 0.39048 0.39048 0.39048 0.38950 0.36750 0.38945 0.39032 0.39051 0.39022 0.39049 0.39075 0.39098 0.39121 0.39147 0.39177 0.39215 0.39262 0.39376 0.39449 0.39538 0.39639 0.39752 0.38486
0.42321 0.42321 0.42321 0.42321 0.42321 0.42321 0.41536 0.41536 0.42327 0.39352 0.39352 0.39254 0.39254 0.39254 0.39254 0.39254 0.39254 0.38462 0.38347 0.38952 0.47016 0.47016 0.47016 0.42343 0.39028 0.39069 0.39078 0.39093 0.39112 0.39127 0.38826 0.38836 0.38836 0.38836 0.38732 0.38826 0.38836 0.38826 0.38819 0.38835 0.36750 0.36750 0.36750 0.36750 0.38951 0.39050 0.39057 0.38981 0.39032 0.39338 0.39126 0.39166 0.39395 0.39598 0.39211 0.38143 0.38149 0.38153 0.38155 0.38154 0.39285 0.39323 0.39304 0.39283 0.39267 0.39262 0.39276
0.42310 0.41537 0.41537 0.41537 0.42351 0.41537 0.41537 0.41537 0.42322 0.39353 0.39353 0.39255 0.39255 0.39255 0.39255 0.39255 0.39255 0.38462 0.38454 0.39089 0.46952 0.46952 0.46952 0.38362 0.39135 0.39136 0.39122 0.39177 0.39201 0.39128 0.38837 0.38837 0.38837 0.38837 0.38837 0.38837 0.38777 0.38690 0.38552 0.38552 0.38862 0.36751 0.36751 0.36751 0.36751 0.39053 0.36758 0.39127 0.39029 0.39097 0.39165 0.39247 0.39599 0.39599 0.39599 0.38162 0.38162 0.38157 0.38158 0.38158 0.39298 0.39332 0.39299 0.39251 0.39194 0.39135 0.39082
0.42311 0.41538 0.41538 0.41538 0.41538 0.41538 0.41538 0.41538 0.41538 0.41085 0.42006 0.39256 0.39256 0.39256 0.39086 0.39086 0.39086 0.38462 0.39055 0.39173 0.39206 0.46953 0.46953 0.46953 0.38798 0.39055 0.39024 0.39072 0.39132 0.39199 0.39096 0.39096 0.39086 0.39096 0.39096 0.38944 0.38088 0.38090 0.38090 0.38798 0.38909 0.39056 0.39056 0.38863 0.38863 0.38237 0.38246 0.38979 0.39048 0.39232 0.39599 0.39531 0.39600 0.39616 0.39513 0.39508 0.38162 0.38162 0.38162 0.38162 0.39322 0.39682 0.39682 0.39376 0.39376 0.39376 0.39310
0.42324 0.41539 0.42312 0.42312 0.42312 0.42312 0.39240 0.41539 0.41086 0.41086 0.42007 0.39257 0.39257 0.39087 0.39087 0.39218 0.39122 0.39076 0.39050 0.39162 0.39182 0.39159 0.46954 0.46954 0.46954 0.46954 0.46954 0.38631 0.46954 0.39066 0.38841 0.39097 0.39080 0.39089 0.39109 0.38093 0.38091 0.38096 0.39006 0.39080 0.38910 0.39214 0.39223 0.39111 0.38910 0.38937 0.38974 0.39031 0.39101 0.39302 0.39732 0.39765 0.39765 0.39617 0.39617 0.39617 0.39617 0.39601 0.38163 0.38163 0.36566 0.39700 0.39700 0.39700 0.39700 0.39700 0.38549
0.42312 0.42354 0.42312 0.42312 0.42354 0.42094 0.41898 0.36572 0.41086 0.36330 0.39257 0.39088 0.39469 0.39139 0.39307 0.39437 0.39123 0.39293 0.39264 0.39151 0.39162 0.39142 0.39113 0.39097 0.46955 0.46955 0.38618 0.38565 0.38666 0.46931 0.38670 0.38911 0.39085 0.39148 0.39192 0.38911 0.39139 0.38099 0.38093 0.39098 0.39215 0.39223 0.39223 0.39223 0.38320 0.38326 0.38333 0.39028 0.39096 0.39259 0.39749 0.39765 0.39765 0.39765 0.39765 0.39765 0.39765 0.39658 0.39765 0.39765 0.39658 0.39756 0.39756 0.39756 0.39756 0.39701 0.39701
0.42326 0.41541 0.41541 0.42326 0.42470 0.41899 0.42094 0.41899 0.36330 0.37097 0.39088 0.39947 0.39401 0.39858 0.39604 0.39435 0.39123 0.39292 0.39259 0.39046 0.39049 0.39032 0.39092 0.39080 0.38759 0.46956 0.46956 0.38667 0.38664 0.38374 0.46933 0.38906 0.39181 0.38962 0.39023 0.39026 0.38988 0.39140 0.38947 0.39088 0.39216 0.39216 0.39224 0.39224 0.39216 0.38321 0.38332 0.39014 0.39075 0.39153 0.39318 0.39654 0.39766 0.39766 0.39766 0.39766 0.39802 0.39659 0.39766 0.39756 0.39766 0.39653 0.39757 0.39757 0.39757 0.39757 0.39757
0.42327 0.42314 0.42314 0.36573 0.42471 0.41900 0.41900 0.41900 0.36558 0.41410 0.40767 0.40121 0.39402 0.39613 0.39582 0.39214 0.39568 0.39222 0.39242 0.39079 0.39020 0.39008 0.38985 0.39066 0.38812 0.46958 0.37957 0.38664 0.38664 0.38375 0.46934 0.38947 0.39113 0.39107 0.39416 0.39411 0.39113 0.39047 0.39099 0.39099 0.39216 0.39225 0.39225 0.39225 0.39225 0.39225 0.39225 0.38327 0.39222 0.36706 0.39189 0.39400 0.39767 0.39757 0.39659 0.39659 0.39767 0.39767 0.39767 0.39767 0.39767 0.39747 0.39654 0.39758 0.39758 0.39758 0.39747
0.42357 0.42312 0.42472 0.42472 0.42472 0.41900 0.41900 0.42268 0.36736 0.38786 0.40621 0.38731 0.39804 0.39539 0.39336 0.39417 0.39316 0.39182 0.39205 0.38359 0.38991 0.38983 0.38966 0.39054 0.38551 0.37958 0.46959 0.46959 0.38572 0.38376 0.38376 0.46935 0.38152 0.38186 0.38204 0.38202 0.39498 0.39090 0.38994 0.38994 0.39226 0.39226 0.39226 0.39226 0.39226 0.39217 0.39226 0.39114 0.39217 0.39109 0.39132 0.39109 0.39641 0.39559 0.39804 0.39768 0.39768 0.39768 0.39768 0.39768 0.39768 0.39759 0.39759 0.39655 0.39759 0.39759 0.39650
0.41543 0.36575 0.36575 0.41901 0.42473 0.41901 0.41819 0.41884 0.40690 0.38777 0.38746 0.38699 0.39643 0.39436 0.39287 0.39188 0.39484 0.39140 0.38445 0.38342 0.38963 0.38303 0.38949 0.38301 0.38531 0.38502 0.38742 0.46960 0.46960 0.38376 0.38376 0.46936 0.40908 0.39490 0.40077 0.38234 0.38221 0.39228 0.39091 0.38994 0.39227 0.39218 0.39218 0.39227 0.39115 0.39227 0.39115 0.39227 0.39218 0.39218 0.39248 0.39239 0.39521 0.39524 0.39616 0.39758 0.39769 0.39769 0.39769 0.39769 0.39769 0.39759 0.39759 0.39759 0.39656 0.39759 0.39743
0.42330 0.36575 0.36575 0.36575 0.41902 0.42297 0.41933 0.41245 0.40146 0.38468 0.38935 0.39650 0.39449 0.39313 0.39438 0.39164 0.39225 0.39314 0.38361 0.38318 0.38938 0.38287 0.38285 0.38956 0.38759 0.38496 0.38498 0.46961 0.46961 0.46937 0.38377 0.38437 0.46937 0.41254 0.40042 0.39883 0.39635 0.38156 0.38104 0.39042 0.39219 0.39219 0.39219 0.39219 0.39227 0.39227 0.39219 0.39219 0.39227 0.39227 0.39249 0.39249 0.39326 0.38375 0.39579 0.39464 0.39759 0.39770 0.39770 0.39770 0.39770 0.39760 0.39760 0.39760 0.39760 0.39750 0.39702
0.42243 0.41742 0.41900 0.41900 0.36373 0.41233 0.40834 0.40064 0.38506 0.38506 0.38506 0.39378 0.39965 0.39736 0.39523 0.39606 0.39178 0.39053 0.38342 0.38950 0.38271 0.38275 0.38281 0.38303 0.38506 0.38498 0.38066 0.38091 0.46962 0.46939 0.46939 0.46939 0.46939 0.46939 0.46939 0.36691 0.38438 0.39468 0.37754 0.39058 0.39067 0.36708 0.39220 0.39220 0.39228 0.39117 0.39220 0.39228 0.39228 0.39228 0.39135 0.39250 0.39250 0.39195 0.39188 0.39279 0.39606 0.39653 0.39690 0.39706 0.39703 0.39652 0.36865 0.36865 0.36865 0.36865 0.39657
0.42042 0.42324 0.42324 0.41900 0.41406 0.40298 0.38809 0.38846 0.38791 0.38507 0.38507 0.39166 0.39965 0.39730 0.39514 0.39324 0.39168 0.38559 0.38595 0.38543 0.38521 0.39110 0.39128 0.38313 0.39028 0.38383 0.39169 0.38429 0.38668 0.46940 0.46940 0.46940 0.46940 0.38285 0.46940 0.36257 0.36257 0.39584 0.38476 0.38504 0.38568 0.38822 0.38854 0.38968 0.39117 0.39117 0.39117 0.39229 0.39220 0.39229 0.39135 0.39250 0.39242 0.39242 0.38928 0.39188 0.39241 0.38395 0.38405 0.38412 0.38509 0.36865 0.36865 0.36865 0.36865 0.38509 0.39658
0.39070 0.42325 0.41743 0.41743 0.41200 0.39940 0.38876 0.38910 0.38830 0.38508 0.38990 0.39952 0.39706 0.39480 0.39512 0.39127 0.39009 0.38479 0.38523 0.38513 0.38534 0.38560 0.38612 0.38678 0.38733 0.39411 0.39490 0.39194 0.39371 0.39023 0.46936 0.46936 0.46936 0.46936 0.36599 0.36258 0.36258 0.43651 0.38379 0.38592 0.38504 0.38504 0.37861 0.38964 0.39118 0.39221 0.39230 0.39230 0.39221 0.39118 0.39243 0.39243 0.39243 0.39136 0.38929 0.39130 0.38376 0.38383 0.38390 0.38395 0.38496 0.36866 0.36866 0.36866 0.38510 0.38510 0.38510
0.41380 0.36375 0.41744 0.41962 0.41217 0.39966 0.39189 0.38568 0.38763 0.38508 0.38912 0.39950 0.39690 0.39452 0.39479 0.39090 0.38976 0.38460 0.38509 0.38513 0.38548 0.38580 0.39221 0.38709 0.38771 0.38806 0.38831 0.39067 0.39518 0.39446 0.39765 0.46937 0.46937 0.46937 0.46937 0.36600 0.36600 0.46937 0.43170 0.38474 0.38474 0.38318 0.36520 0.39092 0.39095 0.39163 0.39187 0.39222 0.39222 0.39222 0.39244 0.39244 0.39137 0.38929 0.38939 0.38349 0.38372 0.38379 0.38386 0.38392 0.38490 0.38497 0.38501 0.38511 0.39458 0.39458 0.39458
0.41381 0.36376 0.36376 0.36376 0.39105 0.37474 0.39471 0.38885 0.38822 0.38509 0.38951 0.39957 0.39682 0.39431 0.39220 0.39059 0.38948 0.38446 0.38500 0.38518 0.38566 0.38607 0.38682 0.38746 0.38798 0.38826 0.39622 0.39226 0.39449 0.39614 0.39936 0.36856 0.36701 0.36712 0.46938 0.46938 0.46938 0.46938 0.46938 0.38111 0.38584 0.39435 0.39435 0.38263 0.39137 0.39008 0.38970 0.38890 0.39089 0.39089 0.39199 0.39098 0.38892 0.38891 0.39004 0.38426 0.38433 0.38439 0.38445 0.38399 0.38490 0.38497 0.38502 0.38505 0.39459 0.39459 0.36867
0.42328 0.42328 0.36376 0.36376 0.37229 0.37404 0.37473 0.40247 0.39820 0.39427 0.39113 0.39972 0.39680 0.39416 0.39197 0.39033 0.38477 0.38435 0.38496 0.38527 0.38589 0.38640 0.38714 0.38785 0.38817 0.38844 0.38867 0.38887 0.39738 0.38488 0.38490 0.40213 0.41074 0.36818 0.36849 0.46939 0.46939 0.46939 0.46939 0.46996 0.46996 0.46996 0.38402 0.38554 0.38109 0.36703 0.38264 0.38183 0.39031 0.39018 0.38401 0.39141 0.38955 0.38959 0.38980 0.38422 0.38428 0.38435 0.38440 0.38447 0.38581 0.38590 0.38598 0.38605 0.38610 0.37018 0.37018
0.36377 0.36377 0.36424 0.36511 0.37140 0.37292 0.37443 0.40541 0.40151 0.39747 0.39605 0.40120 0.38775 0.38689 0.38620 0.38543 0.38465 0.38841 0.40046 0.38924 0.38912 0.38675 0.38747 0.39454 0.38834 0.38860 0.38884 0.38903 0.38491 0.38496 0.36837 0.36859 0.40246 0.36858 0.38501 0.37928 0.39784 0.46941 0.46941 0.46998 0.46998 0.46998 0.46998 0.46998 0.46998 0.46998 0.38258 0.39151 0.39009 0.39047 0.38411 0.39183 0.38970 0.38958 0.38967 0.39078 0.39109 0.38430 0.38435 0.38439 0.38551 0.38555 0.38556 0.37014 0.37015 0.37016 0.37019
0.41879 0.36425 0.36644 0.36786 0.36983 0.37147 0.37303 0.40765 0.40508 0.40086 0.38769 0.38857 0.38778 0.38689 0.38617 0.38534 0.38458 0.38841 0.38935 0.38925 0.38912 0.38895 0.38878 0.38863 0.38850 0.37328 0.37338 0.37347 0.36837 0.36839 0.36839 0.40176 0.40171 0.40033 0.38308 0.37871 0.38439 0.38366 0.37773 0.37279 0.37083 0.37709 0.37083 0.37083 0.46999 0.46999 0.46999 0.39676 0.39024 0.39079 0.38420 0.39059 0.39016 0.38966 0.38960 0.39059 0.39087 0.38425 0.38430 0.38433 0.38534 0.38537 0.36985 0.37008 0.37013 0.37015 0.37015
0.36486 0.36425 0.36441 0.36794 0.36919 0.37068 0.37175 0.37219 0.37300 0.38933 0.38914 0.38863 0.38782 0.38690 0.38617 0.38532 0.38457 0.38840 0.38935 0.38925 0.38912 0.38896 0.38878 0.39667 0.38850 0.37334 0.37344 0.37351 0.36840 0.36841 0.36840 0.40097 0.36850 0.36842 0.39749 0.39460 0.38370 0.38292 0.37435 0.37139 0.37094 0.37108 0.37750 0.37532 0.37801 0.38401 0.47000 0.47000 0.39438 0.39385 0.39111 0.39085 0.39037 0.38978 0.38959 0.39039 0.39066 0.39088 0.39106 0.39119 0.39333 0.39335 0.39333 0.39536 0.37004 0.37008 0.37009
0.36234 0.36177 0.36146 0.36763 0.36884 0.37045 0.37156 0.37204 0.37298 0.38935 0.38916 0.38867 0.38786 0.38693 0.38619 0.38536 0.38462 0.38839 0.38936 0.38925 0.38913 0.38896 0.38879 0.38864 0.38850 0.37338 0.37347 0.37355 0.39807 0.36842 0.36841 0.36839 0.36836 0.38481 0.38467 0.38375 0.38948 0.38099 0.37949 0.37091 0.37086 0.37087 0.37543 0.37554 0.37787 0.37787 0.38758 0.47001 0.39677 0.39416 0.39111 0.38880 0.38915 0.38990 0.38961 0.39022 0.39045 0.39065 0.39080 0.39091 0.39302 0.39302 0.39297 0.39478 0.36993 0.36997 0.39431
0.35925 0.35784 0.42313 0.36711 0.36829 0.37029 0.37147 0.37196 0.37296 0.38937 0.38918 0.38871 0.38790 0.39565 0.39327 0.39160 0.38474 0.39934 0.39891 0.39802 0.39719 0.38896 0.38879 0.38864 0.37318 0.39710 0.37349 0.37356 0.36842 0.36842 0.39833 0.36839 0.36836 0.38479 0.38464 0.38310 0.38762 0.37963 0.37842 0.38026 0.38012 0.38295 0.38071 0.38138 0.37626 0.37787 0.38812 0.47002 0.47002 0.39338 0.39070 0.38872 0.38906 0.38949 0.38979 0.38947 0.38944 0.38949 0.38961 0.38979 0.39212 0.39246 0.39286 0.39255 0.39247 0.39242 0.39245
0.42961 0.44137 0.35265 0.36723 0.36838 0.36994 0.37197 0.37130 0.37263 0.39078 0.39061 0.40263 0.39936 0.39641 0.38762 0.39246 0.38595 0.39979 0.39886 0.39798 0.39716 0.39645 0.39578 0.39520 0.39470 0.37339 0.39780 0.37354 0.36841 0.36842 0.36841 0.36838 0.36835 0.38476 0.38461 0.38199 0.38047 0.38569 0.37907 0.38155 0.38178 0.38466 0.38203 0.38208 0.37723 0.38161 0.38601 0.47004 0.47004 0.39136 0.38981 0.38867 0.38899 0.38938 0.38966 0.38948 0.38939 0.38937 0.38942 0.38954 0.39184 0.39215 0.39256 0.39226 0.39216 0.39211 0.39213
0.43037 0.35198 0.34977 0.34852 0.34877 0.35124 0.35675 0.36380 0.37109 0.37361 0.37369 0.38548 0.38149 0.37959 0.37902 0.38687 0.38616 0.40058 0.39967 0.39881 0.39801 0.39732 0.39667 0.39610 0.39562 0.37257 0.39837 0.39891 0.37083 0.36840 0.36839 0.36837 0.36834 0.38472 0.38459 0.38095 0.38036 0.38031 0.37866 0.38374 0.38423 0.38705 0.38398 0.37883 0.37832 0.38442 0.38518 0.47005 0.38064 0.38346 0.38858 0.38865 0.38894 0.38929 0.38954 0.39217 0.39206 0.38936 0.39162 0.39443 0.39463 0.39209 0.39537 0.39488 0.39479 0.39474 0.39522
0.35411 0.35117 0.34883 0.34758 0.34795 0.35064 0.35653 0.36410 0.37153 0.37379 0.37030 0.36980 0.37476 0.37476 0.38498 0.39302 0.39312 0.40290 0.39960 0.39875 0.39796 0.39729 0.39665 0.39609 0.39560 0.37256 0.39826 0.37259 0.37077 0.37078 0.37076 0.37071 0.37065 0.38627 0.38614 0.38599 0.38585 0.38572 0.38388 0.39127 0.39191 0.38892 0.38818 0.38010 0.37909 0.38442 0.37838 0.47006 0.38643 0.38227 0.37891 0.38362 0.38379 0.38921 0.38945 0.38956 0.38982 0.38897 0.39206 0.39107 0.39471 0.39221 0.39270 0.39187 0.39178 0.39174 0.39178
0.35546 0.35250 0.35035 0.41999 0.42009 0.42053 0.35909 0.42115 0.37241 0.37389 0.37101 0.36956 0.37956 0.37884 0.38703 0.39436 0.39344 0.39420 0.39152 0.39188 0.39247 0.39725 0.39662 0.39606 0.39559 0.37256 0.39738 0.37258 0.39783 0.37071 0.37069 0.37065 0.39665 0.38622 0.38611 0.38599 0.38587 0.38575 0.39306 0.39250 0.39317 0.39310 0.39214 0.38343 0.37896 0.37945 0.37984 0.47021 0.47021 0.36974 0.38429 0.38429 0.38370 0.38390 0.38394 0.38954 0.39013 0.38898 0.39207 0.39433 0.39485 0.39524 0.39292 0.39622 0.39368 0.39356 0.39293
0.34991 0.34161 0.43607 0.34051 0.42069 0.42076 0.41972 0.41821 0.41064 0.37388 0.37181 0.38305 0.38078 0.38040 0.38732 0.39468 0.39121 0.39180 0.39445 0.39203 0.39250 0.39317 0.39388 0.39457 0.39777 0.39832 0.39878 0.39914 0.39918 0.39634 0.39626 0.39602 0.39567 0.39720 0.39671 0.39619 0.39566 0.39518 0.39439 0.39413 0.39474 0.39462 0.39158 0.38372 0.38104 0.36624 0.37826 0.47022 0.47022 0.46970 0.38646 0.38759 0.39176 0.38495 0.38399 0.38407 0.39189 0.39043 0.39253 0.39510 0.39310 0.39518 0.39400 0.39884 0.39930 0.39637 0.39876
0.43330 0.43710 0.43710 0.43330 0.39019 0.39199 0.39905 0.41484 0.40872 0.39938 0.46970 0.42185 0.42053 0.38528 0.38878 0.38416 0.39049 0.39254 0.38673 0.39217 0.39250 0.39272 0.39367 0.39423 0.39475 0.39778 0.39562 0.39593 0.39555 0.39564 0.39813 0.39798 0.39521 0.39787 0.39751 0.39615 0.39576 0.39540 0.39510 0.39623 0.39914 0.39897 0.39791 0.39326 0.36800 0.36684 0.36604 0.37827 0.47023 0.46971 0.46971 0.38520 0.39061 0.39731 0.39196 0.39219 0.39253 0.39359 0.39359 0.39476 0.39192 0.39562 0.39734 0.39895 0.39979 0.39979 0.39979
0.38279 0.43331 0.38204 0.38204 0.39856 0.40123 0.39770 0.39907 0.39718 0.39521 0.39608 0.46971 0.46971 0.39023 0.39018 0.39065 0.39139 0.38672 0.38693 0.39252 0.39272 0.39283 0.39285 0.38714 0.39451 0.39452 0.39488 0.39723 0.39486 0.39496 0.39497 0.39490 0.39477 0.39755 0.39635 0.39610 0.39585 0.39560 0.39398 0.39692 0.39914 0.39823 0.39918 0.36931 0.36860 0.36788 0.36688 0.36616 0.38047 0.46972 0.46972 0.46972 0.46972 0.46972 0.46972 0.39868 0.39363 0.39363 0.39360 0.39477 0.39132 0.39536 0.39680 0.39828 0.39980 0.39997 0.39997
