test/test_data/tcaap/monthly_variance_over_all_May__actual_et__2015-01-01_to_2019-12-31__180_by_260__inches.asc
NCOLS        180
NROWS        260
XLLCORNER     476375.000
YLLCORNER    4970875.000
CELLSIZE        100.000
NODATA_VALUE -9999.
[rows 58 to 86 of 260, columns 0 to 66 of 180]
0.76100 0.78445 0.78445 0.78445 0.77631 0.78445 0.78707 0.77968 0.76561 0.74450 0.76116 0.78293 0.78664 0.78707 1.2634 1.2634 0.83130 0.81050 0.81050 0.79828 0.79828 0.79828 0.80130 0.80130 0.80130 0.81107 0.81107 0.80218 0.79137 0.77468 0.78510 0.78569 0.78569 0.78569 0.78569 0.78569 0.78569 0.80488 0.80488 0.80488 0.80488 1.2560 0.74324 0.87456 0.89387 0.90709 0.92803 0.91655 0.91928 0.86460 0.86460 0.86460 0.86460 0.91928 0.92412 1.1183 1.0107 0.91129 0.91997 0.86345 0.91033 0.91033 0.90285 0.90285 0.77663 0.90285 0.86872
0.76157 0.78372 0.78445 0.78445 0.78445 0.78445 0.78707 0.77449 0.76561 0.74450 0.75729 0.76372 0.78707 0.78707 1.2634 1.2634 0.83165 0.81050 0.80130 0.79828 0.79828 0.79828 0.80130 0.80130 0.80130 0.80130 0.71893 0.66578 0.65890 0.65890 0.78569 0.78569 0.78569 0.78569 0.78569 0.78569 0.78569 0.80488 0.80488 0.80488 0.78748 0.71966 0.74290 0.87278 0.89114 0.90401 0.92098 0.91842 0.91928 0.91928 0.91928 0.91928 0.91928 0.91928 0.89335 0.89335 0.89335 0.88192 0.91997 0.86422 0.91033 0.90285 1.0008 0.90285 0.88915 0.86872 0.72749
0.76322 0.78372 0.78445 0.78445 0.78445 0.78707 0.78707 0.77447 0.76561 0.75275 0.75861 0.71140 0.80364 0.77775 1.2634 1.2634 0.81871 0.80130 0.80130 0.79828 0.79828 0.79828 0.80130 0.80130 0.80130 0.80130 0.71100 0.70947 0.65890 0.65890 0.78569 0.78569 0.78569 0.78569 0.78569 0.78569 0.78569 0.80488 0.80488 0.79212 0.66943 0.67608 0.84096 0.87279 0.90161 0.91510 0.91648 0.91260 0.91132 0.91928 0.91928 0.91928 0.91928 0.88192 0.88192 0.86933 0.86933 0.88192 0.88891 0.86422 0.86422 0.91233 0.91033 0.91033 0.90285 1.0019 0.72749
0.71860 0.71669 0.75621 0.75621 0.75621 0.75903 0.75903 0.70822 0.75958 0.74450 0.71305 0.71603 0.66701 0.67214 0.67582 0.67551 0.81871 0.80131 0.80131 0.80131 0.79828 0.79828 0.80131 0.80131 0.80131 0.80131 0.71018 0.66419 0.65890 0.77515 0.78569 0.78569 0.78569 0.77515 0.77515 0.77387 0.77387 0.79212 0.79212 0.79212 0.66943 0.67797 0.69018 0.85916 1.2560 0.78944 0.78161 0.91130 0.91130 0.91928 0.91928 0.88192 0.88192 0.88192 0.88192 0.88192 0.86933 0.88192 0.88241 0.88241 0.91997 0.91997 0.91997 0.91033 0.91033 0.91997 0.91997
0.71803 0.71650 0.75621 0.78168 0.78168 0.78381 0.78381 0.75903 0.76899 0.75903 0.72089 0.72459 0.68217 0.68939 1.2621 1.2621 0.79172 0.79172 0.79172 0.80131 0.80131 0.80131 0.80131 0.80131 0.80131 0.80131 0.66578 0.65889 0.77515 0.77515 0.77515 0.77515 0.77515 0.77515 0.77515 0.77515 0.77515 0.79212 0.79212 0.66943 0.66943 0.68033 0.69752 0.89339 0.91669 0.85689 0.78057 0.91295 0.91928 0.91928 0.91928 0.88192 0.88192 0.88192 0.88192 0.88192 0.88192 0.88192 0.88241 0.88241 0.88241 0.91997 0.93108 0.90414 0.91033 0.91033 0.91033
0.71573 0.77069 0.78252 0.78252 0.77414 0.78462 0.78462 0.77620 0.77620 0.78462 0.66608 0.67297 0.96300 1.2621 1.2621 1.2621 0.79172 0.79172 0.79172 0.79172 0.79172 0.79172 0.79172 0.79172 0.79172 0.80032 0.80477 0.79399 0.65314 0.77773 0.78822 0.78510 0.77515 0.78569 0.78569 0.78569 0.77515 0.79212 0.76939 0.67103 0.67541 0.68284 0.69944 0.71776 0.91655 0.91655 0.91655 0.91219 0.78402 0.91928 0.91928 0.85706 1.2476 1.2476 0.88192 0.88192 0.88192 0.88192 0.88241 0.88241 0.88241 0.86912 0.87849 0.87849 0.85571 0.85571 0.85571
0.71573 0.76194 0.78203 0.78252 0.78252 0.78462 0.78462 0.78462 0.78462 0.78462 0.67318 0.68713 1.0122 1.2621 1.2621 0.80147 0.79173 0.79173 0.79173 0.79173 0.79173 0.79173 0.79173 0.66184 0.66184 0.80086 0.80477 0.78822 0.65314 0.77773 0.78822 0.77773 0.78762 0.78822 0.78822 0.78822 0.78822 0.71436 0.71464 0.66653 0.67330 0.67967 0.68946 0.82394 0.85461 0.85688 0.85688 0.78422 0.78402 0.91929 0.91130 0.88192 0.88192 1.2476 0.88192 0.88192 0.88192 0.88192 0.88241 0.88241 0.88241 0.88241 0.85570 0.85570 0.85570 0.85805 0.88915
0.71573 0.78203 0.78252 0.77375 0.77375 0.78381 0.78381 0.79234 0.80147 0.78462 0.77580 0.68472 1.2621 1.2621 0.80890 0.80096 0.66184 0.79173 0.79173 0.78868 0.79173 0.79173 0.66184 0.71223 0.71282 0.80086 0.78225 0.77727 0.77727 0.77773 0.78822 0.78822 0.78822 0.78762 0.78822 0.78822 0.78225 0.71458 0.66609 0.67312 0.67940 0.68905 0.81537 0.83240 0.91245 0.91245 0.91730 0.91363 0.79577 0.79577 0.79577 0.77110 0.79577 0.91363 0.91363 0.88192 0.88192 0.88192 0.88241 0.88241 0.76136 0.91033 0.85570 0.85690 0.85733 0.77661 0.88915
0.75621 0.78252 0.78252 0.78252 0.78168 0.78381 0.78462 0.80147 0.80147 0.78462 0.77580 0.67874 1.2621 1.2621 0.80890 0.80032 0.66184 0.66184 0.79173 0.79173 0.79173 0.79173 0.79173 0.77069 0.71053 0.77909 0.79883 0.79883 0.77727 0.77773 0.78822 0.77773 0.78822 0.78822 0.78822 0.78822 0.79734 0.66723 0.66977 0.67412 0.68051 0.69008 0.83330 0.86331 0.91730 0.91124 0.91140 0.91408 0.91430 0.90972 0.91363 0.92120 0.92120 0.92120 0.87316 0.87316 0.87316 0.87316 0.87775 0.91700 0.86218 0.85439 0.85439 0.85439 0.85439 0.85439 0.89958
0.77863 0.78252 0.78252 0.78252 0.78252 0.78381 0.78462 0.78462 0.80147 0.80147 0.78003 0.72269 1.2621 1.2621 0.80147 0.79173 0.79173 0.66184 0.66184 0.79173 0.79173 0.79173 0.79173 0.76904 0.70514 0.77450 0.79883 0.78225 0.77366 0.70317 0.78822 0.78822 0.78822 0.78822 0.78822 0.78822 0.79734 0.80149 0.67200 0.67675 0.68359 0.69315 0.83631 0.86330 0.89964 0.91153 0.91181 0.91520 0.91694 0.91426 0.91429 0.92221 0.92120 0.92120 0.92120 0.92120 0.92120 0.89441 0.89441 0.86218 0.86218 0.85439 0.85439 0.85439 0.85439 0.85439 0.85439
0.77415 0.78203 0.78203 0.78252 0.78252 0.78381 0.78462 0.78462 0.80147 0.80147 0.79041 0.78589 1.2621 1.2621 0.80096 0.79173 0.79173 0.79173 0.66183 0.79173 0.79173 0.79173 0.79173 0.77000 0.65591 0.77450 0.77727 0.77727 0.76540 0.77774 0.78822 0.78822 0.78822 0.78822 0.78822 0.78225 1.2503 1.2503 0.67498 0.68055 0.68808 0.69750 0.76022 0.78126 0.91124 0.91124 0.91277 0.91955 0.92271 0.91942 0.92270 0.93405 0.93465 0.92223 0.91363 0.91363 0.92120 0.91700 0.91700 0.91700 0.91700 0.90737 0.90756 0.90737 0.85439 0.85439 0.90737
0.77415 0.77415 0.77069 0.78252 0.78168 0.78026 0.78462 0.78462 0.78462 0.79685 0.71880 0.77082 1.2621 1.2621 0.80096 0.79173 0.79173 0.79173 0.66183 0.77317 0.79173 0.79173 0.79173 0.77644 0.65975 0.77450 0.79399 0.77727 0.77727 0.78823 0.78823 0.78762 0.78823 0.78823 0.78823 1.2582 1.2503 1.2503 0.83692 0.80621 0.69300 0.70193 0.74329 0.79489 0.91124 0.91124 0.91124 0.92133 0.92543 0.92404 0.93247 0.93524 0.93611 0.93825 0.91363 0.91363 0.89985 0.91700 0.91700 0.91700 0.90737 0.89813 0.91700 0.90737 0.90737 0.77716 0.85439
0.77415 0.75621 0.78168 0.78168 0.78169 0.78011 0.78003 0.78462 0.78381 0.78003 0.71776 1.2621 1.2621 1.2621 0.80891 0.79173 0.79173 0.79173 0.79173 0.79173 0.77317 0.66183 0.79173 0.79173 0.77558 0.79576 0.78225 0.77727 0.77727 0.78762 0.78823 0.78762 0.78823 0.78823 0.78823 1.2582 1.2503 1.2503 0.81987 0.68851 0.69717 0.74329 0.87926 0.92141 0.92141 0.91124 0.91124 0.92210 0.92657 0.92793 0.92425 0.93556 1.2429 0.96122 0.91363 0.92120 0.92120 0.91700 0.91700 0.91700 0.90737 1.2438 0.90737 0.90737 0.90737 0.85439 0.85439
0.77543 0.78168 0.78168 0.78168 0.77794 0.78383 0.78381 0.78463 0.78381 0.78184 0.71629 1.2621 1.2621 1.2621 0.80147 0.77317 0.77359 0.79387 0.79173 0.78868 0.78482 0.85815 0.72620 0.66183 0.66734 0.77909 0.79884 0.79884 0.78762 0.78823 0.78823 0.78823 0.78823 0.78823 0.78762 0.77727 0.79135 0.79135 0.80591 0.84838 0.86239 0.74328 0.87926 0.91417 0.91730 0.91730 0.91124 0.92150 0.92562 1.2429 1.2429 0.97825 1.0323 0.96832 0.90681 0.92120 0.92120 0.91700 0.91700 0.90737 0.90737 0.89813 0.90737 0.90737 0.90737 0.90737 0.90737
0.77543 0.77543 0.76752 0.77472 0.77264 0.77650 0.77740 0.77740 0.77740 0.77650 0.71069 1.2607 1.2607 1.2621 0.80891 0.77317 0.77373 0.79119 0.79698 0.80608 0.82267 0.77635 0.72619 0.66183 0.67137 0.79399 0.79884 0.78225 0.78762 0.78762 0.78823 0.78823 0.78823 0.78823 0.78823 0.78823 0.80452 0.79919 0.81180 0.85145 0.70134 0.72053 0.74328 0.92492 0.91730 0.91730 0.91274 0.91991 0.92318 0.94633 0.96198 0.97943 1.2429 1.2429 0.91363 0.92121 0.92121 0.91700 0.90737 0.90737 0.90737 0.90737 0.90737 0.90737 0.90737 0.90737 0.90737
0.77543 0.77543 0.76752 0.77137 0.77650 0.77740 0.77740 0.77740 0.77740 0.77740 0.75359 1.2607 1.2607 1.2607 0.79481 0.71503 0.71546 0.78010 0.77898 0.79011 0.73516 0.74401 0.73558 0.73558 0.73119 0.77727 0.78225 0.77727 0.78762 0.78823 0.78823 0.78823 0.78823 0.78823 0.78823 0.78823 0.80452 0.80005 0.81298 0.86105 0.75596 0.71879 0.91814 0.91125 0.91125 0.91125 0.91417 0.91792 0.92012 0.92793 0.92653 0.93039 1.2429 1.2429 0.92522 0.92121 0.92121 0.86217 0.85438 0.90737 0.90737 0.90737 0.90737 0.90737 0.90737 0.90737 0.90737
0.77543 0.77543 0.76752 0.77472 0.77740 0.77740 0.77740 0.77740 0.77740 0.77740 0.75159 1.2607 1.2607 1.2607 0.79481 0.78901 0.71533 0.77816 0.78527 0.72627 0.72849 0.71503 0.78901 0.66650 0.71503 0.79808 0.79808 0.77981 0.78038 0.78100 0.78100 0.78100 0.78100 0.78100 0.78100 0.78100 0.78894 0.79734 0.81873 0.86583 0.75820 0.85190 0.91443 0.91125 0.91125 0.91133 0.91378 0.91610 0.91735 0.92336 0.92683 0.92946 1.2429 0.92948 0.92642 0.92174 0.92121 0.86217 0.77714 0.90737 0.90737 0.90737 0.90737 0.90737 0.90737 0.90737 0.90737
0.77543 0.77543 0.76753 0.77543 0.77740 0.77740 0.77740 0.77740 0.77740 0.77740 0.77740 0.77740 1.2607 1.2607 0.80235 0.80521 0.78238 0.78766 0.79483 0.79100 0.79473 0.78901 0.78901 0.66649 0.89983 0.79808 0.79808 0.77513 0.78100 0.77076 0.78100 0.78100 0.78100 0.78100 0.78100 0.78100 0.78754 0.77821 0.72556 0.75544 0.76404 0.84544 0.89931 0.89931 0.89931 0.78526 0.80188 0.80312 0.80382 0.91923 0.92126 0.92278 1.2429 1.2429 0.92725 0.92108 0.92121 0.78471 0.78471 0.89813 0.89958 0.89958 0.85438 0.85438 0.90737 0.90737 0.90737
0.77543 0.77543 0.77543 0.77543 0.77740 0.77740 0.77740 0.77740 0.77740 0.79481 0.76881 0.77740 1.2607 1.2607 0.80235 0.80522 0.76525 0.78554 0.79159 0.79549 0.79907 0.77099 0.78901 0.66649 0.86065 0.79808 0.79808 0.79223 0.77513 0.78100 0.78100 0.78100 0.78100 0.78100 0.78100 0.78100 0.82731 0.81287 0.82294 0.76239 0.76884 0.77687 0.78269 0.89931 0.89931 0.78474 0.80208 0.80256 0.80306 0.91472 0.91590 0.91674 0.90548 0.91583 0.92143 0.91811 0.91159 0.79392 0.79392 0.79392 0.91151 0.91646 0.85438 0.85438 0.90738 0.90738 0.90738
0.77543 0.77543 0.77543 0.77543 0.76841 0.77740 0.77740 0.77740 0.77740 0.79481 0.66082 0.77650 1.2607 1.2607 0.79481 0.80522 0.78594 0.77418 0.78842 0.79137 0.79446 0.77099 0.78901 0.66649 0.86065 0.79684 0.78755 0.78755 0.77032 0.77076 0.78100 0.78100 0.78100 0.78100 0.78100 0.90138 0.89931 0.75498 0.83201 0.83906 0.84493 0.78044 0.78381 0.89908 0.89931 0.78490 0.80197 0.80237 0.80289 0.80384 0.80466 0.80518 0.80506 0.80408 0.80246 0.90987 0.90956 0.79392 0.86624 0.86624 0.90749 0.90749 0.91649 0.89957 0.90749 0.90749 0.90749
0.77543 0.77543 0.77543 0.77543 0.76841 0.77650 0.77740 0.77740 0.77740 0.77740 0.76742 0.77650 0.76841 1.2607 1.2600 0.80522 0.78901 0.76525 0.77442 0.77627 0.77849 0.77099 0.78901 0.66649 0.73556 0.77032 0.79808 0.79808 0.77032 0.78100 0.78100 0.78351 0.77032 0.78100 0.90619 0.90622 0.90622 0.85906 0.86738 0.84570 0.84968 0.85657 0.88743 0.88702 0.89868 0.78511 0.80199 0.80234 0.80292 0.80367 0.80448 0.80495 0.80472 0.80356 0.80173 0.90885 0.90661 0.78673 0.78562 0.86624 0.91717 0.90749 0.90749 0.90749 0.90749 0.90749 0.90749
0.77543 0.77543 0.77543 0.77543 0.77650 0.77650 0.77740 0.76526 0.77740 0.77740 0.71087 0.75389 0.77650 1.2607 1.2600 0.94805 0.79783 0.78595 0.77432 0.77417 0.77566 0.77099 0.78901 0.78901 0.65858 0.77032 0.79808 0.79808 0.77032 0.78038 0.78100 0.79008 0.80169 0.82763 0.89427 0.89931 0.90622 0.88847 0.88764 0.89832 0.85331 0.85630 0.90050 0.89922 0.89934 0.89938 0.90008 0.90008 0.90120 0.80380 0.80468 0.80516 0.80482 0.80343 0.80128 0.90914 0.87764 0.76634 0.78008 0.85575 0.91717 0.90749 0.90749 0.90749 0.89957 0.88532 0.89812
0.77543 0.77543 0.77543 0.77543 0.77650 0.77264 0.77264 0.76526 0.77740 0.77740 0.75317 0.75289 0.77650 1.2607 1.2600 1.2600 0.80522 0.79731 0.77415 0.71502 0.78901 0.78901 0.78901 0.78901 0.65858 0.77032 0.79808 0.79808 0.77513 0.78038 0.78100 0.81695 0.82919 0.85024 0.87537 0.89931 0.90622 0.90622 0.90050 0.85415 0.85613 0.85712 0.90115 0.89931 0.89945 0.89933 0.91159 0.91159 0.91159 0.80376 0.80460 0.80500 0.80454 0.80295 0.80059 0.92891 0.87764 0.76634 0.77649 0.77831 0.89500 0.90657 0.89821 0.89812 0.89957 0.89517 0.91717
0.77543 0.77543 0.77543 0.77472 0.77650 0.77265 0.77265 0.77740 0.77740 0.77740 0.77321 0.70937 0.66081 1.2607 1.2600 1.2600 0.84830 0.80038 0.78595 0.78595 0.78595 0.78901 0.78901 0.66648 0.65858 0.78755 0.79808 0.79223 0.78100 0.77076 0.78100 0.82710 0.84008 0.86642 0.88721 0.90648 0.90050 0.88847 0.88887 0.87000 0.73093 0.85858 0.90148 0.90065 0.89931 0.89942 0.91161 0.90008 0.90008 0.90018 0.80284 0.80447 0.80387 0.80969 0.80870 0.92891 0.87764 0.76634 0.88815 0.88815 0.89174 0.89512 0.89812 0.85801 0.86623 0.90899 0.91717
0.76338 0.77125 0.77125 0.77047 0.78248 0.77852 0.77852 0.77650 0.77740 0.77740 0.76841 0.66081 0.76881 1.2607 1.2600 1.2600 1.2600 0.68901 0.78901 0.78595 0.78595 0.78901 0.78901 0.77099 0.65858 0.79223 0.79223 0.77513 0.78100 0.78100 0.78100 0.83724 0.85073 0.86291 0.87347 0.91053 0.90931 0.78701 0.78743 0.73246 0.73311 0.73309 0.90371 0.90246 0.90076 0.89931 0.91172 0.91242 0.92269 0.92188 0.80185 0.80378 0.80305 0.80682 0.80513 0.90946 0.87764 0.87764 0.88815 0.88815 0.88815 0.90750 0.90750 0.85800 0.86623 0.89517 0.90900
0.76338 0.76338 0.77125 0.77125 0.75694 0.77852 0.77852 0.78248 0.78351 0.78351 0.77429 0.66817 0.71653 0.78351 1.2578 1.2578 1.2578 0.71901 0.79081 0.78901 0.78901 0.78901 0.78901 0.77099 0.65858 0.77513 0.77513 0.78100 0.78100 0.77076 0.77513 0.84719 0.86079 0.87234 0.88154 0.91529 0.90650 0.90575 0.90013 0.90044 0.90080 0.73512 0.90594 0.90522 0.90253 0.90070 0.91159 0.91159 0.90008 0.90012 0.90008 0.91289 0.91207 0.91033 0.90796 0.90457 0.87764 0.86400 0.88815 0.88815 0.90900 0.90750 0.89957 0.90900 0.79390 0.88532 0.89812
0.76338 0.77125 0.77125 0.77468 0.78351 0.77429 0.77852 0.77852 0.77429 0.78351 0.75097 0.76760 0.77468 0.78870 1.2578 1.2578 0.71901 0.79081 0.79081 0.79081 0.79081 0.79081 0.79081 0.66953 0.66537 0.77858 0.78953 0.78953 0.78953 0.76693 0.78346 0.84977 0.90700 0.89889 0.90238 0.89954 0.89755 0.90064 0.90257 0.90664 0.90780 0.73768 0.90918 0.90813 0.90679 0.91403 0.91159 0.91159 0.90008 0.90008 0.90040 0.91239 0.91158 0.91000 0.90793 0.90133 0.87764 0.89019 0.92107 1.0684 1.0684 1.0489 1.0407 1.2411 0.89517 0.87068 0.89812
0.77125 0.77047 0.77047 0.77468 0.77135 0.77429 0.77852 0.77852 0.77429 0.78248 0.76760 0.76760 0.77468 0.78294 1.2578 1.2578 0.71901 0.79081 0.79081 0.79081 0.79081 0.79081 0.79081 0.79081 0.67454 0.80682 0.77903 0.78953 0.78822 0.82282 0.84059 0.87343 0.91591 0.91591 0.91591 0.91422 0.91422 0.91422 0.75989 0.75989 0.75989 0.75672 0.74108 0.91348 0.91237 0.91564 0.91289 0.91159 0.91893 0.91893 0.90018 0.91179 0.91126 0.91007 0.90835 0.90143 0.89353 0.89019 0.92627 0.92627 0.92627 1.0443 1.0275 1.2411 0.89957 0.89812 0.89720
0.75710 0.77047 0.77047 0.78248 0.78248 0.75694 0.75694 0.77852 0.77852 0.78248 0.78248 0.78248 0.77468 0.77923 1.2578 1.2578 0.79081 0.79081 0.79081 0.79081 0.79081 0.79081 0.79081 0.71901 0.79645 0.78953 0.78953 0.79654 0.87644 0.85639 0.86083 0.88327 0.90856 0.91591 0.91591 0.91422 0.91422 0.91422 0.75988 0.75988 0.75988 0.75988 0.91358 0.91829 0.91779 0.91647 0.91922 0.90432 0.90395 0.91119 0.90395 0.90395 0.90357 0.90284 0.90913 0.79583 0.91717 0.92627 0.89957 0.92627 0.90750 0.90357 0.78917 1.0608 0.88505 0.89813 0.89635
