test/test_data/tcaap/monthly_variance_over_all_Dec__actual_et__2015-01-01_to_2019-12-31__180_by_260__inches.asc
NCOLS        180
NROWS        260
XLLCORNER     476375.000
YLLCORNER    4970875.000
CELLSIZE        100.000
NODATA_VALUE -9999.
[rows 100 to 124 of 260, columns 57 to 113 of 180]
0.92709E-1 0.92652E-1 0.92563E-1 0.92435E-1 0.92424E-1 0.91883E-1 0.91866E-1 0.91866E-1 0.91793E-1 0.91719E-1 0.91719E-1 0.91719E-1 0.90466E-1 0.90466E-1 0.90466E-1 0.91719E-1 0.91793E-1 0.91793E-1 0.91793E-1 0.92819E-1 0.92552E-1 0.91452E-1 0.91022E-1 0.90237E-1 0.89612E-1 0.87474E-1 0.87823E-1 0.87823E-1 0.88181E-1 0.87924E-1 0.87011E-1 0.86837E-1 0.86685E-1 0.86685E-1 0.88133E-1 0.88133E-1 0.87923E-1 0.88133E-1 0.88133E-1 0.88023E-1 0.88444E-1 0.88444E-1 0.88090E-1 0.99872E-1 0.86846E-1 0.86846E-1 0.86846E-1 0.86846E-1 0.88444E-1 0.88444E-1 0.88436E-1 0.93091E-1 0.88436E-1 0.88084E-1 0.88436E-1 0.93021E-1 0.99853E-1
0.92696E-1 0.92635E-1 0.92548E-1 0.92500E-1 0.92436E-1 0.92296E-1 0.92167E-1 0.92068E-1 0.91920E-1 0.91874E-1 0.91843E-1 0.91823E-1 0.91739E-1 0.91723E-1 0.90470E-1 0.91723E-1 0.91797E-1 0.91797E-1 0.91797E-1 0.92823E-1 0.92564E-1 0.91344E-1 0.90879E-1 0.89454E-1 0.88223E-1 0.87478E-1 0.88185E-1 0.88185E-1 0.88185E-1 0.87927E-1 0.85686E-1 0.86689E-1 0.88137E-1 0.86689E-1 0.86919E-1 0.87927E-1 0.87927E-1 0.88137E-1 0.88137E-1 0.88137E-1 0.88308E-1 0.88308E-1 0.88308E-1 0.99662E-1 0.87977E-1 0.86734E-1 0.86734E-1 0.86734E-1 0.88308E-1 0.87977E-1 0.88140E-1 0.88440E-1 0.88440E-1 0.88440E-1 0.88440E-1 0.88440E-1 0.90827E-1
0.92369E-1 0.92320E-1 0.92338E-1 0.92280E-1 0.92222E-1 0.92164E-1 0.92110E-1 0.92062E-1 0.91941E-1 0.91898E-1 0.91854E-1 0.91805E-1 0.91753E-1 0.91728E-1 0.91728E-1 0.91801E-1 0.91801E-1 0.91801E-1 0.91801E-1 0.92828E-1 0.92443E-1 0.91254E-1 0.90464E-1 0.89352E-1 0.87289E-1 0.87831E-1 0.87289E-1 0.88189E-1 0.88189E-1 0.87931E-1 0.85909E-1 0.86693E-1 0.87920E-1 0.87920E-1 0.86923E-1 0.87931E-1 0.87931E-1 0.86923E-1 0.92343E-1 0.87920E-1 0.88312E-1 0.88312E-1 0.88312E-1 0.88312E-1 0.87981E-1 0.86738E-1 0.86738E-1 0.86738E-1 0.87981E-1 0.88312E-1 0.88144E-1 0.88144E-1 0.88144E-1 0.88144E-1 0.88144E-1 0.88144E-1 0.87913E-1
0.92300E-1 0.92261E-1 0.92288E-1 0.92239E-1 0.92188E-1 0.92138E-1 0.92090E-1 0.90257E-1 0.90530E-1 0.90520E-1 0.90510E-1 0.90497E-1 0.91773E-1 0.91736E-1 0.91738E-1 0.91806E-1 0.91806E-1 0.91806E-1 0.92832E-1 0.92757E-1 0.92625E-1 0.91800E-1 0.90336E-1 0.87293E-1 0.99241E-1 0.99241E-1 0.87835E-1 0.87834E-1 0.88193E-1 0.87944E-1 0.85694E-1 0.86398E-1 0.88145E-1 0.88145E-1 0.88145E-1 0.88145E-1 0.88145E-1 0.99474E-1 0.99474E-1 0.92359E-1 0.92461E-1 0.88316E-1 0.88316E-1 0.88316E-1 0.87985E-1 0.86742E-1 0.86742E-1 0.87985E-1 0.87984E-1 0.88316E-1 0.88148E-1 0.88148E-1 0.88148E-1 0.88148E-1 0.88148E-1 0.87804E-1 0.87174E-1
0.92204E-1 0.92178E-1 0.92218E-1 0.92180E-1 0.92139E-1 0.92098E-1 0.92059E-1 0.90254E-1 0.90529E-1 0.90521E-1 0.90511E-1 0.91802E-1 0.91799E-1 0.91750E-1 0.91755E-1 0.91810E-1 0.91810E-1 0.91810E-1 0.93123E-1 0.93123E-1 0.92762E-1 0.92429E-1 0.87490E-1 0.87297E-1 0.99247E-1 0.99246E-1 0.87838E-1 0.87829E-1 0.87838E-1 0.87939E-1 0.85697E-1 0.86402E-1 0.85697E-1 0.88149E-1 0.88149E-1 0.86931E-1 0.86931E-1 0.99480E-1 0.92273E-1 0.92364E-1 0.92533E-1 0.88320E-1 0.88320E-1 0.88320E-1 0.88320E-1 0.87087E-1 0.87055E-1 0.87185E-1 0.88294E-1 0.88320E-1 0.88152E-1 0.88152E-1 0.88152E-1 0.88152E-1 0.88123E-1 0.87572E-1 0.88630E-1
0.92082E-1 0.92070E-1 0.92126E-1 0.92101E-1 0.92073E-1 0.92044E-1 0.92016E-1 0.90247E-1 0.90526E-1 0.90519E-1 0.90511E-1 0.91796E-1 0.91827E-1 0.91823E-1 0.91821E-1 0.91815E-1 0.91815E-1 0.91815E-1 0.93127E-1 0.92841E-1 0.92581E-1 0.88154E-1 0.88201E-1 0.88201E-1 0.88201E-1 0.87301E-1 0.87301E-1 0.87837E-1 0.88201E-1 0.87943E-1 0.87579E-1 0.87226E-1 0.85701E-1 0.87226E-1 0.86716E-1 0.86865E-1 0.99485E-1 0.99485E-1 0.92277E-1 0.92368E-1 0.92368E-1 0.88324E-1 0.88324E-1 0.88324E-1 0.88324E-1 0.88324E-1 0.87960E-1 0.87469E-1 0.87350E-1 0.88324E-1 0.88155E-1 0.88155E-1 0.88155E-1 0.88155E-1 0.87821E-1 0.87821E-1 0.87925E-1
0.91933E-1 0.91939E-1 0.92012E-1 0.92003E-1 0.91989E-1 0.91974E-1 0.91959E-1 0.90238E-1 0.90520E-1 0.90516E-1 0.90510E-1 0.91785E-1 0.91856E-1 0.91854E-1 0.91853E-1 0.91919E-1 0.91819E-1 0.91819E-1 0.92846E-1 0.92846E-1 0.92786E-1 0.92786E-1 0.88205E-1 0.88205E-1 0.88205E-1 0.88205E-1 0.87846E-1 0.87842E-1 0.88205E-1 0.87947E-1 0.87034E-1 0.87034E-1 0.86841E-1 0.86431E-1 0.85924E-1 0.85705E-1 0.99490E-1 0.99490E-1 0.92282E-1 0.92372E-1 0.92372E-1 0.88328E-1 0.88328E-1 0.88328E-1 0.88328E-1 0.88328E-1 0.88825E-1 0.88034E-1 0.88328E-1 0.88328E-1 0.88159E-1 0.88159E-1 0.88159E-1 0.88159E-1 0.88159E-1 0.88159E-1 0.88159E-1
0.91758E-1 0.91783E-1 0.91876E-1 0.91884E-1 0.91887E-1 0.91887E-1 0.90224E-1 0.90224E-1 0.90511E-1 0.90509E-1 0.90506E-1 0.91768E-1 0.91882E-1 0.91883E-1 0.91882E-1 0.92011E-1 0.92204E-1 0.91823E-1 0.92850E-1 0.92850E-1 0.92850E-1 0.92590E-1 0.91061E-1 0.88209E-1 0.88209E-1 0.88209E-1 0.87854E-1 0.87861E-1 0.87850E-1 0.87038E-1 0.87038E-1 0.85708E-1 0.99495E-1 0.86366E-1 0.85927E-1 0.99495E-1 0.99495E-1 0.92286E-1 0.92286E-1 0.92377E-1 0.92377E-1 0.92478E-1 0.92478E-1 0.92391E-1 0.92478E-1 0.88104E-1 0.90038E-1 0.87680E-1 0.88269E-1 0.88332E-1 0.88163E-1 0.88163E-1 0.88163E-1 0.88163E-1 0.88163E-1 0.88163E-1 0.88163E-1
0.91505E-1 0.91530E-1 0.91552E-1 0.91572E-1 0.88960E-1 0.91604E-1 0.91700E-1 0.91708E-1 0.91374E-1 0.91216E-1 0.91758E-1 0.91743E-1 0.91904E-1 0.91907E-1 0.91907E-1 0.92063E-1 0.91914E-1 0.91769E-1 0.91065E-1 0.91048E-1 0.92141E-1 0.90744E-1 0.90193E-1 0.89017E-1 0.88030E-1 0.88213E-1 0.87505E-1 0.87623E-1 0.87701E-1 0.87238E-1 0.87955E-1 0.85712E-1 0.86683E-1 0.87317E-1 0.86625E-1 0.99500E-1 0.99500E-1 0.92290E-1 0.92290E-1 0.92381E-1 0.92381E-1 0.92381E-1 0.92260E-1 0.99697E-1 0.99697E-1 0.92381E-1 0.90467E-1 0.87684E-1 0.87684E-1 0.87361E-1 0.87824E-1 0.88102E-1 0.89351E-1 0.89110E-1 0.88084E-1 0.88352E-1 0.88139E-1
0.91399E-1 0.91430E-1 0.91458E-1 0.91483E-1 0.91505E-1 0.91525E-1 0.91627E-1 0.91302E-1 0.91311E-1 0.91318E-1 0.91871E-1 0.91869E-1 0.92082E-1 0.92086E-1 0.92087E-1 0.92227E-1 0.92076E-1 0.90538E-1 0.91190E-1 0.90998E-1 0.90819E-1 0.90415E-1 0.89779E-1 0.88678E-1 0.87914E-1 0.87316E-1 0.87660E-1 0.87936E-1 0.88009E-1 0.88240E-1 0.88307E-1 0.87884E-1 0.88070E-1 0.88158E-1 0.86221E-1 0.99505E-1 0.99505E-1 0.90895E-1 0.90895E-1 0.91067E-1 0.91067E-1 0.91067E-1 0.91067E-1 0.91067E-1 0.99703E-1 0.91067E-1 0.90751E-1 0.87181E-1 0.87761E-1 0.87963E-1 0.92753E-1 0.92753E-1 0.90599E-1 0.89963E-1 0.88335E-1 0.88467E-1 0.88143E-1
0.91290E-1 0.91326E-1 0.91359E-1 0.91389E-1 0.91417E-1 0.91442E-1 0.91551E-1 0.91230E-1 0.91246E-1 0.91259E-1 0.91810E-1 0.91823E-1 0.92095E-1 0.92099E-1 0.92100E-1 0.91902E-1 0.91938E-1 0.91637E-1 0.91184E-1 0.90993E-1 0.90804E-1 0.90247E-1 0.89626E-1 0.88173E-1 0.87720E-1 0.87231E-1 0.87882E-1 0.89168E-1 0.89195E-1 0.89461E-1 0.89662E-1 0.89771E-1 0.89836E-1 0.90899E-1 0.91957E-1 0.93291E-1 0.99510E-1 0.90899E-1 0.90899E-1 0.91071E-1 0.91071E-1 0.91071E-1 0.91068E-1 0.91062E-1 0.91053E-1 0.91071E-1 0.90856E-1 0.87369E-1 0.88317E-1 0.88147E-1 0.92675E-1 0.92675E-1 0.91152E-1 0.88963E-1 0.88675E-1 0.87898E-1 0.88147E-1
0.91178E-1 0.91218E-1 0.91256E-1 0.91293E-1 0.91326E-1 0.91357E-1 0.91473E-1 0.91156E-1 0.91178E-1 0.91196E-1 0.91733E-1 0.91765E-1 0.92104E-1 0.92107E-1 0.90597E-1 0.91942E-1 0.91642E-1 0.90650E-1 0.91188E-1 0.91003E-1 0.90820E-1 0.90316E-1 0.89751E-1 0.87942E-1 0.87765E-1 0.87234E-1 0.87427E-1 0.89733E-1 0.89871E-1 0.90444E-1 0.90654E-1 0.90752E-1 0.90550E-1 0.90941E-1 0.91814E-1 0.96016E-1 0.96016E-1 0.96016E-1 0.90910E-1 0.90663E-1 0.90674E-1 0.90676E-1 0.90673E-1 0.90663E-1 0.91083E-1 0.91056E-1 0.91075E-1 0.90298E-1 0.87695E-1 0.86939E-1 0.92762E-1 0.99582E-1 0.88150E-1 0.87765E-1 0.87765E-1 0.87717E-1 0.87765E-1
0.91062E-1 0.88826E-1 0.88839E-1 0.88852E-1 0.91232E-1 0.91268E-1 0.91391E-1 0.91079E-1 0.91107E-1 0.91132E-1 0.91637E-1 0.91691E-1 0.92102E-1 0.92107E-1 0.90600E-1 0.91857E-1 0.90654E-1 0.90654E-1 0.91247E-1 0.91032E-1 0.90875E-1 0.90560E-1 0.90092E-1 0.88160E-1 0.88110E-1 0.87780E-1 0.89485E-1 0.91192E-1 0.90810E-1 0.90635E-1 0.99372E-1 0.91617E-1 0.90842E-1 0.90945E-1 0.91818E-1 0.90945E-1 0.90945E-1 0.90945E-1 0.91043E-1 0.90814E-1 0.90817E-1 0.90800E-1 0.90764E-1 0.90711E-1 0.90642E-1 0.90648E-1 0.90648E-1 0.90648E-1 0.86132E-1 0.86533E-1 0.86533E-1 0.99478E-1 0.88107E-1 0.88107E-1 0.88107E-1 0.88107E-1 0.87839E-1
0.90943E-1 0.88792E-1 0.88807E-1 0.88822E-1 0.91134E-1 0.91177E-1 0.91307E-1 0.91000E-1 0.91034E-1 0.91065E-1 0.91526E-1 0.91604E-1 0.92094E-1 0.90601E-1 0.90601E-1 0.90608E-1 0.90658E-1 0.88338E-1 0.89053E-1 0.91072E-1 0.90951E-1 0.90809E-1 0.90549E-1 0.87784E-1 0.87784E-1 0.88142E-1 0.92411E-1 0.91196E-1 0.91087E-1 0.90779E-1 0.91526E-1 0.91899E-1 0.91804E-1 0.91822E-1 0.91822E-1 0.91822E-1 0.90971E-1 0.91109E-1 0.91245E-1 0.90991E-1 0.90986E-1 0.90962E-1 0.90921E-1 0.90867E-1 0.90802E-1 0.90652E-1 0.90652E-1 0.90652E-1 0.86136E-1 0.85621E-1 0.86537E-1 0.86537E-1 0.88111E-1 0.88111E-1 0.88111E-1 0.88111E-1 0.88111E-1
0.90822E-1 0.90878E-1 0.90932E-1 0.90984E-1 0.91035E-1 0.91083E-1 0.91221E-1 0.90919E-1 0.90959E-1 0.90996E-1 0.91399E-1 0.91505E-1 0.92070E-1 0.90600E-1 0.90602E-1 0.90558E-1 0.90558E-1 0.88341E-1 0.89082E-1 0.89359E-1 0.91029E-1 0.90932E-1 0.90848E-1 0.90363E-1 0.87246E-1 0.88146E-1 0.91200E-1 0.91200E-1 0.91091E-1 0.90869E-1 0.90920E-1 0.90992E-1 0.90964E-1 0.90948E-1 0.90941E-1 0.90954E-1 0.91054E-1 0.91310E-1 0.91355E-1 0.91128E-1 0.91121E-1 0.91094E-1 0.91052E-1 0.91000E-1 0.90941E-1 0.90656E-1 0.90656E-1 0.90656E-1 0.90387E-1 0.90286E-1 0.85829E-1 0.86541E-1 0.88115E-1 0.88115E-1 0.88115E-1 0.88115E-1 0.88115E-1
0.90698E-1 0.90759E-1 0.90819E-1 0.90877E-1 0.90934E-1 0.91168E-1 0.91132E-1 0.90837E-1 0.90883E-1 0.90926E-1 0.91261E-1 0.91395E-1 0.92028E-1 0.90597E-1 0.90602E-1 0.90597E-1 0.90562E-1 0.89201E-1 0.89131E-1 0.89303E-1 0.91095E-1 0.91033E-1 0.90980E-1 0.90882E-1 0.92420E-1 0.92420E-1 0.91205E-1 0.91069E-1 0.91008E-1 0.90928E-1 0.90964E-1 0.90995E-1 0.90970E-1 0.90958E-1 0.90958E-1 0.90982E-1 0.92363E-1 0.93518E-1 0.93677E-1 0.93755E-1 0.93498E-1 0.93586E-1 0.92235E-1 0.92235E-1 0.92235E-1 0.90812E-1 0.90660E-1 0.90660E-1 0.91031E-1 0.92625E-1 0.91630E-1 0.86192E-1 0.88119E-1 0.88119E-1 0.88119E-1 0.87789E-1 0.88119E-1
0.90573E-1 0.90639E-1 0.90160E-1 0.90300E-1 0.90449E-1 0.90610E-1 0.90785E-1 0.90615E-1 0.90813E-1 0.91006E-1 0.91113E-1 0.90352E-1 0.90570E-1 0.90590E-1 0.90602E-1 0.90600E-1 0.90592E-1 0.91227E-1 0.91226E-1 0.91181E-1 0.91144E-1 0.91104E-1 0.91071E-1 0.91082E-1 0.91084E-1 0.92424E-1 0.92424E-1 0.91035E-1 0.90934E-1 0.90970E-1 0.90993E-1 0.91004E-1 0.92016E-1 0.92151E-1 0.91145E-1 0.91255E-1 0.93328E-1 0.93694E-1 0.93817E-1 0.93885E-1 0.96710E-1 0.96742E-1 0.92604E-1 0.92604E-1 0.92604E-1 0.92604E-1 0.92546E-1 0.92240E-1 0.95359E-1 0.91423E-1 0.91036E-1 0.92354E-1 0.91036E-1 0.90325E-1 0.89661E-1 0.87793E-1 0.88123E-1
0.90446E-1 0.90518E-1 0.89842E-1 0.89987E-1 0.90148E-1 0.90324E-1 0.90522E-1 0.90374E-1 0.90544E-1 0.90824E-1 0.90241E-1 0.90311E-1 0.90546E-1 0.90581E-1 0.90602E-1 0.90611E-1 0.90610E-1 0.91229E-1 0.91222E-1 0.91217E-1 0.91213E-1 0.91213E-1 0.91213E-1 0.91213E-1 0.91178E-1 0.92429E-1 0.92429E-1 0.91094E-1 0.90984E-1 0.91004E-1 0.91018E-1 0.91026E-1 0.91042E-1 0.91084E-1 0.91160E-1 0.91261E-1 0.93308E-1 0.93651E-1 0.93794E-1 0.92244E-1 0.92550E-1 0.92608E-1 0.92608E-1 0.92608E-1 0.92608E-1 0.92608E-1 0.92608E-1 0.92244E-1 0.96737E-1 0.96853E-1 0.92610E-1 0.92610E-1 0.92610E-1 0.92358E-1 0.90860E-1 0.87797E-1 0.88127E-1
0.90321E-1 0.88346E-1 0.89532E-1 0.89689E-1 0.89858E-1 0.90049E-1 0.90265E-1 0.90139E-1 0.90392E-1 0.90224E-1 0.90185E-1 0.90267E-1 0.90514E-1 0.90567E-1 0.90600E-1 0.90616E-1 0.90617E-1 0.91217E-1 0.91217E-1 0.91217E-1 0.92433E-1 0.91217E-1 0.92433E-1 0.91217E-1 0.91213E-1 0.92332E-1 0.92433E-1 0.91138E-1 0.91023E-1 0.91033E-1 0.91040E-1 0.91046E-1 0.91060E-1 0.91095E-1 0.91158E-1 0.91242E-1 0.93151E-1 0.93441E-1 0.91182E-1 0.90824E-1 0.92538E-1 0.92613E-1 0.92613E-1 0.92613E-1 0.92613E-1 0.92613E-1 0.92554E-1 0.90823E-1 0.99320E-1 0.96299E-1 0.96299E-1 0.92710E-1 0.92710E-1 0.92422E-1 0.91645E-1 0.87160E-1 0.87791E-1
0.90195E-1 0.90013E-1 0.89260E-1 0.89412E-1 0.89312E-1 0.89790E-1 0.90022E-1 0.90474E-1 0.90739E-1 0.90570E-1 0.90594E-1 0.90725E-1 0.90953E-1 0.92407E-1 0.92566E-1 0.92302E-1 0.90683E-1 0.91221E-1 0.91221E-1 0.91221E-1 0.92437E-1 0.91221E-1 0.91221E-1 0.91221E-1 0.91221E-1 0.92424E-1 0.91216E-1 0.91171E-1 0.91006E-1 0.91021E-1 0.91040E-1 0.91062E-1 0.91076E-1 0.91102E-1 0.91147E-1 0.91208E-1 0.91271E-1 0.91322E-1 0.91105E-1 0.90828E-1 0.92542E-1 0.92617E-1 0.92617E-1 0.92617E-1 0.92617E-1 0.92617E-1 0.92409E-1 0.92409E-1 0.92617E-1 0.96093E-1 0.92715E-1 0.92715E-1 0.92756E-1 0.92632E-1 0.92632E-1 0.92632E-1 0.87795E-1
0.90254E-1 0.90339E-1 0.89034E-1 0.89186E-1 0.89365E-1 0.89093E-1 0.89547E-1 0.89823E-1 0.90115E-1 0.90407E-1 0.91116E-1 0.91364E-1 0.92009E-1 0.92321E-1 0.92536E-1 0.92814E-1 0.91123E-1 0.90966E-1 0.90939E-1 0.90908E-1 0.92200E-1 0.90908E-1 0.90908E-1 0.92200E-1 0.90908E-1 0.90875E-1 0.91196E-1 0.91195E-1 0.91037E-1 0.91051E-1 0.91068E-1 0.91089E-1 0.91089E-1 0.91106E-1 0.91134E-1 0.91172E-1 0.91212E-1 0.91248E-1 0.91010E-1 0.90832E-1 0.90832E-1 0.92257E-1 0.92257E-1 0.92257E-1 0.92257E-1 0.92257E-1 0.92257E-1 0.92257E-1 0.92622E-1 0.92719E-1 0.92719E-1 0.92719E-1 0.92719E-1 0.92719E-1 0.92719E-1 0.92719E-1 0.92719E-1
0.90130E-1 0.90161E-1 0.88800E-1 0.88950E-1 0.89130E-1 0.88910E-1 0.89374E-1 0.89657E-1 0.89958E-1 0.90707E-1 0.90986E-1 0.91245E-1 0.91822E-1 0.92212E-1 0.92484E-1 0.92880E-1 0.91150E-1 0.90961E-1 0.90950E-1 0.92204E-1 0.90912E-1 0.90912E-1 0.90912E-1 0.90912E-1 0.90912E-1 0.90912E-1 0.90895E-1 0.90586E-1 0.90548E-1 0.90561E-1 0.90577E-1 0.90597E-1 0.90587E-1 0.90598E-1 0.90613E-1 0.90634E-1 0.90656E-1 0.90677E-1 0.90934E-1 0.90862E-1 0.90836E-1 0.92261E-1 0.90836E-1 0.90835E-1 0.88325E-1 0.90835E-1 0.92261E-1 0.92261E-1 0.92723E-1 0.92723E-1 0.92723E-1 0.92723E-1 0.92723E-1 0.92723E-1 0.92723E-1 0.92723E-1 0.92723E-1
0.90010E-1 0.90045E-1 0.88668E-1 0.88815E-1 0.88703E-1 0.88552E-1 0.88652E-1 0.88836E-1 0.89116E-1 0.89991E-1 0.90484E-1 0.91056E-1 0.91610E-1 0.92072E-1 0.92399E-1 0.92884E-1 0.91154E-1 0.90960E-1 0.90952E-1 0.90940E-1 0.90916E-1 0.90916E-1 0.90916E-1 0.90916E-1 0.90916E-1 0.90916E-1 0.90916E-1 0.90598E-1 0.90567E-1 0.90580E-1 0.90595E-1 0.90613E-1 0.90598E-1 0.90604E-1 0.90613E-1 0.90610E-1 0.90611E-1 0.90614E-1 0.90529E-1 0.90527E-1 0.90526E-1 0.90523E-1 0.90523E-1 0.90523E-1 0.90523E-1 0.90663E-1 0.90523E-1 0.91799E-1 0.92375E-1 0.92375E-1 0.92728E-1 0.92728E-1 0.92728E-1 0.92728E-1 0.92728E-1 0.92728E-1 0.92728E-1
0.89894E-1 0.89526E-1 0.88576E-1 0.88720E-1 0.88691E-1 0.88729E-1 0.88559E-1 0.88664E-1 0.88862E-1 0.89200E-1 0.90169E-1 0.90771E-1 0.91376E-1 0.91892E-1 0.92265E-1 0.92867E-1 0.91158E-1 0.90949E-1 0.90946E-1 0.90943E-1 0.90920E-1 0.90920E-1 0.90920E-1 0.90920E-1 0.90920E-1 0.90920E-1 0.90920E-1 0.91914E-1 0.91914E-1 0.91914E-1 0.91914E-1 0.90614E-1 0.90613E-1 0.90613E-1 0.90613E-1 0.90613E-1 0.90613E-1 0.90613E-1 0.90527E-1 0.90528E-1 0.90533E-1 0.90550E-1 0.90589E-1 0.88421E-1 0.90671E-1 0.90631E-1 0.90566E-1 0.91804E-1 0.92037E-1 0.92380E-1 0.92380E-1 0.92380E-1 0.92380E-1 0.92380E-1 0.92380E-1 0.92380E-1 0.92036E-1
0.88080E-1 0.88377E-1 0.88572E-1 0.88713E-1 0.88743E-1 0.88747E-1 0.88459E-1 0.88459E-1 0.88692E-1 0.88972E-1 0.89915E-1 0.90508E-1 0.91124E-1 0.91663E-1 0.92068E-1 0.92819E-1 0.91136E-1 0.90924E-1 0.90931E-1 0.90943E-1 0.90924E-1 0.90924E-1 0.99247E-1 0.90922E-1 0.90923E-1 0.90915E-1 0.90915E-1 0.91918E-1 0.91918E-1 0.91918E-1 0.91918E-1 0.90617E-1 0.90617E-1 0.90617E-1 0.90617E-1 0.91851E-1 0.90617E-1 0.90617E-1 0.90531E-1 0.90615E-1 0.90611E-1 0.90603E-1 0.90595E-1 0.90590E-1 0.90589E-1 0.90584E-1 0.90549E-1 0.91808E-1 0.92041E-1 0.92041E-1 0.99132E-1 0.99132E-1 0.92425E-1 0.92798E-1 0.92798E-1 0.92798E-1 0.92435E-1
