test/test_data/tcaap/monthly_variance_over_all_Dec__actual_et__2015-01-01_to_2019-12-31__180_by_260__inches.asc
NCOLS        180
NROWS        260
XLLCORNER     476375.000
YLLCORNER    4970875.000
CELLSIZE        100.000
NODATA_VALUE -9999.
[rows 75 to 99 of 260, columns 57 to 113 of 180]
0.89923E-1 0.89923E-1 0.91640E-1 0.91657E-1 0.91657E-1 0.91349E-1 0.91349E-1 0.91728E-1 0.91728E-1 0.91728E-1 0.92630E-1 0.92630E-1 0.92630E-1 0.92630E-1 0.92630E-1 0.92548E-1 0.97509E-1 0.96437E-1 0.95575E-1 0.87899E-1 0.87899E-1 0.88408E-1 0.87422E-1 0.87361E-1 0.87684E-1 0.87720E-1 0.87413E-1 0.87420E-1 0.88065E-1 0.88182E-1 0.88065E-1 0.89472E-1 0.90583E-1 0.91231E-1 0.93182E-1 0.94126E-1 0.95816E-1 0.95887E-1 0.93092E-1 0.93148E-1 0.95856E-1 0.95856E-1 0.95796E-1 0.95756E-1 0.95756E-1 0.97958E-1 0.92735E-1 0.92735E-1 0.99521E-1 0.99521E-1 0.91172E-1 0.91172E-1 0.91035E-1 0.92489E-1 0.92489E-1 0.92489E-1 0.92097E-1
0.90205E-1 0.90205E-1 0.90205E-1 0.91724E-1 0.91735E-1 0.91353E-1 0.91353E-1 0.91733E-1 0.91733E-1 0.91733E-1 0.92634E-1 0.92634E-1 0.92634E-1 0.92634E-1 0.92634E-1 0.92552E-1 0.96723E-1 0.96442E-1 0.96442E-1 0.87903E-1 0.87903E-1 0.88412E-1 0.87830E-1 0.87391E-1 0.87867E-1 0.87576E-1 0.87408E-1 0.87794E-1 0.87821E-1 0.88238E-1 0.88810E-1 0.89747E-1 0.91158E-1 0.92793E-1 0.93187E-1 0.92810E-1 0.93035E-1 0.95861E-1 0.96744E-1 0.93096E-1 0.91086E-1 0.91086E-1 0.92755E-1 0.96295E-1 0.92980E-1 0.95873E-1 0.95850E-1 0.92739E-1 0.96106E-1 0.96106E-1 0.92805E-1 0.92805E-1 0.92494E-1 0.92494E-1 0.92494E-1 0.92494E-1 0.90911E-1
0.90209E-1 0.91638E-1 0.91638E-1 0.91602E-1 0.91602E-1 0.91604E-1 0.91534E-1 0.91602E-1 0.91602E-1 0.91602E-1 0.92388E-1 0.92388E-1 0.92388E-1 0.92388E-1 0.92388E-1 0.92639E-1 0.93011E-1 0.96712E-1 0.97021E-1 0.87598E-1 0.87907E-1 0.88379E-1 0.87826E-1 0.87030E-1 0.87888E-1 0.87579E-1 0.87394E-1 0.87418E-1 0.87785E-1 0.88018E-1 0.89034E-1 0.89460E-1 0.91235E-1 0.92269E-1 0.92719E-1 0.92410E-1 0.93101E-1 0.95866E-1 0.98033E-1 0.93231E-1 0.92863E-1 0.92467E-1 0.92801E-1 0.93175E-1 0.93136E-1 0.93136E-1 0.93136E-1 0.92809E-1 0.92862E-1 0.92862E-1 0.94429E-1 0.92809E-1 0.92498E-1 0.92498E-1 0.92498E-1 0.92498E-1 0.91043E-1
0.90112E-1 0.90095E-1 0.91643E-1 0.92000E-1 0.91607E-1 0.91607E-1 0.91607E-1 0.91607E-1 0.91607E-1 0.91607E-1 0.92392E-1 0.92392E-1 0.92392E-1 0.92392E-1 0.92392E-1 0.92392E-1 0.92772E-1 0.92763E-1 0.92763E-1 0.87691E-1 0.87691E-1 0.88258E-1 0.88033E-1 0.86853E-1 0.87783E-1 0.87472E-1 0.86982E-1 0.87084E-1 0.87434E-1 0.88107E-1 0.89858E-1 0.90315E-1 0.91495E-1 0.92252E-1 0.92723E-1 0.92541E-1 0.93196E-1 0.95901E-1 0.95943E-1 0.93235E-1 0.93196E-1 0.93235E-1 0.93106E-1 0.93179E-1 0.93140E-1 0.93140E-1 0.93140E-1 0.92814E-1 0.92814E-1 0.92867E-1 0.92814E-1 0.92814E-1 0.92502E-1 0.92110E-1 0.92110E-1 0.92502E-1 0.92502E-1
0.89730E-1 0.90008E-1 0.91120E-1 0.92005E-1 0.91611E-1 0.91611E-1 0.91611E-1 0.91543E-1 0.91383E-1 0.91525E-1 0.92397E-1 0.92316E-1 0.92397E-1 0.92397E-1 0.92397E-1 0.92397E-1 0.92397E-1 0.92777E-1 0.92777E-1 0.92777E-1 0.88261E-1 0.88261E-1 0.88037E-1 0.85794E-1 0.87314E-1 0.87495E-1 0.86970E-1 0.87023E-1 0.87682E-1 0.87682E-1 0.89649E-1 0.89867E-1 0.91077E-1 0.92378E-1 0.92737E-1 0.92832E-1 0.93208E-1 0.95948E-1 0.95906E-1 0.93239E-1 0.93200E-1 0.93144E-1 0.93144E-1 0.93184E-1 0.93184E-1 0.93144E-1 0.93144E-1 0.93144E-1 0.92818E-1 0.92871E-1 0.92818E-1 0.92818E-1 0.92507E-1 0.92507E-1 0.92115E-1 0.92507E-1 0.92507E-1
0.89734E-1 0.89946E-1 0.89980E-1 0.91393E-1 0.91577E-1 0.91533E-1 0.91529E-1 0.91547E-1 0.91792E-1 0.92009E-1 0.92781E-1 0.92781E-1 0.92401E-1 0.92401E-1 0.92401E-1 0.92401E-1 0.92401E-1 0.92401E-1 0.92781E-1 0.92781E-1 0.88265E-1 0.88041E-1 0.86805E-1 0.85798E-1 0.87359E-1 0.87167E-1 0.87239E-1 0.87331E-1 0.87685E-1 0.88052E-1 0.88052E-1 0.87677E-1 0.88286E-1 0.87009E-1 0.92837E-1 0.92837E-1 0.92878E-1 0.92878E-1 0.96761E-1 0.93178E-1 0.93251E-1 0.93335E-1 0.93335E-1 0.93335E-1 0.93335E-1 0.93258E-1 0.93375E-1 0.93006E-1 0.99761E-1 0.99761E-1 0.93335E-1 0.93149E-1 0.92835E-1 0.92835E-1 0.92642E-1 0.92511E-1 0.92511E-1
0.89737E-1 0.91089E-1 0.91089E-1 0.91252E-1 0.91403E-1 0.91533E-1 0.91242E-1 0.91656E-1 0.91947E-1 0.92013E-1 0.92786E-1 0.92786E-1 0.92405E-1 0.92405E-1 0.92405E-1 0.92405E-1 0.92405E-1 0.92405E-1 0.92786E-1 0.92786E-1 0.93220E-1 0.88045E-1 0.85801E-1 0.85801E-1 0.87461E-1 0.87709E-1 0.87269E-1 0.88040E-1 0.88056E-1 0.88056E-1 0.88056E-1 0.88290E-1 0.88290E-1 0.88290E-1 0.92680E-1 0.92841E-1 0.92882E-1 0.93256E-1 0.93183E-1 0.95915E-1 0.93256E-1 0.93010E-1 0.93010E-1 0.97176E-1 0.93340E-1 0.93250E-1 0.93340E-1 0.93340E-1 0.92962E-1 0.99766E-1 0.93340E-1 0.93340E-1 0.92596E-1 0.92894E-1 0.92972E-1 0.92644E-1 0.90708E-1
0.90592E-1 0.91093E-1 0.91093E-1 0.91093E-1 0.91624E-1 0.91624E-1 0.91247E-1 0.91660E-1 0.91800E-1 0.91951E-1 0.92790E-1 0.92522E-1 0.92140E-1 0.92410E-1 0.92410E-1 0.92410E-1 0.92410E-1 0.92410E-1 0.92790E-1 0.92712E-1 0.90315E-1 0.89218E-1 0.87034E-1 0.87033E-1 0.87022E-1 0.88060E-1 0.88060E-1 0.88060E-1 0.88060E-1 0.88060E-1 0.88060E-1 0.88294E-1 0.88294E-1 0.88294E-1 0.87077E-1 0.95920E-1 0.92894E-1 0.92894E-1 0.94379E-1 0.95920E-1 0.96637E-1 0.96778E-1 0.96778E-1 0.98129E-1 0.96523E-1 0.92871E-1 0.92967E-1 0.92966E-1 0.92966E-1 0.92966E-1 0.92966E-1 0.92966E-1 0.92600E-1 0.92976E-1 0.92976E-1 0.92254E-1 0.90644E-1
0.90434E-1 0.91098E-1 0.91098E-1 0.91956E-1 0.91628E-1 0.91560E-1 0.91956E-1 0.90233E-1 0.91400E-1 0.91542E-1 0.92547E-1 0.92334E-1 0.92414E-1 0.92414E-1 0.92414E-1 0.92414E-1 0.92414E-1 0.92414E-1 0.92414E-1 0.88605E-1 0.88953E-1 0.89768E-1 0.87871E-1 0.87758E-1 0.87335E-1 0.88064E-1 0.88064E-1 0.88064E-1 0.88064E-1 0.88064E-1 0.88064E-1 0.87961E-1 0.87961E-1 0.87961E-1 0.87893E-1 0.92891E-1 0.92572E-1 0.96789E-1 0.93265E-1 0.93136E-1 0.96642E-1 0.96782E-1 0.96782E-1 0.97769E-1 0.97769E-1 0.97769E-1 0.92875E-1 0.92565E-1 0.92693E-1 0.92971E-1 0.92888E-1 0.92888E-1 0.92605E-1 0.92605E-1 0.92605E-1 0.92258E-1 0.90573E-1
0.90688E-1 0.92019E-1 0.95988E-1 0.95988E-1 0.95591E-1 0.95392E-1 0.98695E-1 0.91809E-1 0.91196E-1 0.91546E-1 0.92419E-1 0.92419E-1 0.92419E-1 0.92419E-1 0.92419E-1 0.92419E-1 0.92419E-1 0.92419E-1 0.92419E-1 0.90443E-1 0.89043E-1 0.91008E-1 0.88808E-1 0.88797E-1 0.88534E-1 0.88720E-1 0.87701E-1 0.87701E-1 0.87972E-1 0.88018E-1 0.88242E-1 0.87965E-1 0.87647E-1 0.87325E-1 0.88091E-1 0.90924E-1 0.92759E-1 0.97049E-1 0.93196E-1 0.98061E-1 0.97356E-1 0.96787E-1 0.95905E-1 0.96533E-1 0.97774E-1 0.97774E-1 0.93860E-1 0.93998E-1 0.93998E-1 0.92975E-1 0.92975E-1 0.92975E-1 0.92609E-1 0.92609E-1 0.92651E-1 0.92262E-1 0.92262E-1
0.90692E-1 0.92033E-1 0.92033E-1 0.92033E-1 0.95485E-1 0.95527E-1 0.98700E-1 0.91568E-1 0.91551E-1 0.92394E-1 0.92377E-1 0.92423E-1 0.92423E-1 0.92423E-1 0.92423E-1 0.92423E-1 0.92423E-1 0.92423E-1 0.92342E-1 0.90483E-1 0.90895E-1 0.90831E-1 0.90978E-1 0.90978E-1 0.90804E-1 0.90539E-1 0.89755E-1 0.87705E-1 0.88697E-1 0.88680E-1 0.88479E-1 0.88050E-1 0.88237E-1 0.88306E-1 0.88306E-1 0.88306E-1 0.87088E-1 0.94665E-1 0.98066E-1 0.98066E-1 0.98066E-1 0.96728E-1 0.98072E-1 0.94856E-1 0.98214E-1 0.95999E-1 0.99787E-1 0.93787E-1 0.92980E-1 0.92980E-1 0.97164E-1 0.92980E-1 0.92613E-1 0.92613E-1 0.92613E-1 0.92267E-1 0.92204E-1
0.92037E-1 0.91573E-1 0.92037E-1 0.91641E-1 0.91786E-1 0.90180E-1 0.95822E-1 0.91365E-1 0.91555E-1 0.92365E-1 0.92433E-1 0.92427E-1 0.92427E-1 0.92427E-1 0.92427E-1 0.92427E-1 0.92427E-1 0.92427E-1 0.92347E-1 0.90503E-1 0.90976E-1 0.90982E-1 0.92570E-1 0.92570E-1 0.92179E-1 0.92202E-1 0.90752E-1 0.91079E-1 0.88984E-1 0.88782E-1 0.85817E-1 0.86722E-1 0.88310E-1 0.88310E-1 0.88310E-1 0.88310E-1 0.94669E-1 0.94669E-1 0.92878E-1 0.98071E-1 0.93744E-1 0.99792E-1 0.99792E-1 0.99792E-1 0.99792E-1 0.99792E-1 0.99792E-1 0.92822E-1 0.92984E-1 0.92706E-1 0.97169E-1 0.92618E-1 0.92618E-1 0.92618E-1 0.92618E-1 0.92271E-1 0.92271E-1
0.92362E-1 0.91972E-1 0.91913E-1 0.98958E-1 0.98958E-1 0.98958E-1 0.98958E-1 0.91555E-1 0.91920E-1 0.92352E-1 0.92432E-1 0.92432E-1 0.92432E-1 0.92432E-1 0.92432E-1 0.92432E-1 0.92432E-1 0.92432E-1 0.99233E-1 0.99233E-1 0.90995E-1 0.91030E-1 0.92574E-1 0.92574E-1 0.95799E-1 0.92817E-1 0.94003E-1 0.93377E-1 0.89109E-1 0.88987E-1 0.85820E-1 0.86726E-1 0.87096E-1 0.88314E-1 0.88314E-1 0.87096E-1 0.87096E-1 0.87096E-1 0.87096E-1 0.86725E-1 0.99640E-1 0.99797E-1 0.99797E-1 0.99797E-1 0.99797E-1 0.99797E-1 0.99797E-1 0.92988E-1 0.92988E-1 0.92582E-1 0.92710E-1 0.92622E-1 0.92622E-1 0.92622E-1 0.92622E-1 0.92275E-1 0.92339E-1
0.98964E-1 0.98964E-1 0.98964E-1 0.98964E-1 0.98964E-1 0.98963E-1 0.98963E-1 0.90439E-1 0.91976E-1 0.92363E-1 0.92443E-1 0.92443E-1 0.92443E-1 0.92443E-1 0.92443E-1 0.92443E-1 0.92443E-1 0.92379E-1 0.99098E-1 0.99098E-1 0.91008E-1 0.91033E-1 0.91108E-1 0.93660E-1 0.94733E-1 0.99699E-1 0.99699E-1 0.94716E-1 0.93618E-1 0.85827E-1 0.85824E-1 0.86729E-1 0.86729E-1 0.88318E-1 0.86855E-1 0.86855E-1 0.86855E-1 0.88318E-1 0.88318E-1 0.88318E-1 0.99645E-1 0.99802E-1 0.99802E-1 0.99802E-1 0.99802E-1 0.99802E-1 0.99802E-1 0.92993E-1 0.99802E-1 0.99802E-1 0.92993E-1 0.92626E-1 0.92343E-1 0.92626E-1 0.92626E-1 0.92279E-1 0.92343E-1
0.98969E-1 0.98969E-1 0.98969E-1 0.98969E-1 0.98969E-1 0.98969E-1 0.98969E-1 0.91906E-1 0.91922E-1 0.92236E-1 0.92236E-1 0.92367E-1 0.92367E-1 0.92367E-1 0.92447E-1 0.92447E-1 0.92383E-1 0.92383E-1 0.99103E-1 0.92367E-1 0.92807E-1 0.92958E-1 0.92750E-1 0.93258E-1 0.92353E-1 0.99474E-1 0.94443E-1 0.94395E-1 0.94395E-1 0.85678E-1 0.85539E-1 0.86539E-1 0.86539E-1 0.86733E-1 0.86733E-1 0.86733E-1 0.87975E-1 0.88322E-1 0.88322E-1 0.88321E-1 0.99650E-1 0.99807E-1 0.99807E-1 0.99807E-1 0.99807E-1 0.99807E-1 0.99807E-1 0.99807E-1 0.99807E-1 0.99807E-1 0.92997E-1 0.92631E-1 0.92631E-1 0.92631E-1 0.92631E-1 0.92284E-1 0.92221E-1
0.98974E-1 0.98974E-1 0.98974E-1 0.98974E-1 0.98974E-1 0.98974E-1 0.91910E-1 0.91910E-1 0.91781E-1 0.92241E-1 0.92241E-1 0.92372E-1 0.92241E-1 0.92372E-1 0.92451E-1 0.92388E-1 0.92388E-1 0.92241E-1 0.92241E-1 0.92241E-1 0.92783E-1 0.92913E-1 0.92558E-1 0.93067E-1 0.94483E-1 0.94399E-1 0.94469E-1 0.94399E-1 0.94399E-1 0.92238E-1 0.86868E-1 0.86543E-1 0.86543E-1 0.86542E-1 0.86542E-1 0.87767E-1 0.87984E-1 0.87984E-1 0.87984E-1 0.87984E-1 0.87984E-1 0.99820E-1 0.99820E-1 0.99820E-1 0.99820E-1 0.99812E-1 0.99812E-1 0.99812E-1 0.99812E-1 0.99812E-1 0.99812E-1 0.92539E-1 0.92635E-1 0.92635E-1 0.92635E-1 0.92288E-1 0.92225E-1
0.98979E-1 0.98979E-1 0.98979E-1 0.92284E-1 0.98979E-1 0.91914E-1 0.91914E-1 0.91949E-1 0.91914E-1 0.92376E-1 0.92047E-1 0.92376E-1 0.92381E-1 0.92376E-1 0.92245E-1 0.92376E-1 0.92376E-1 0.92376E-1 0.92376E-1 0.92697E-1 0.92563E-1 0.92563E-1 0.92697E-1 0.92563E-1 0.93765E-1 0.94403E-1 0.94403E-1 0.80225E-1 0.87931E-1 0.87932E-1 0.87782E-1 0.87988E-1 0.86773E-1 0.86773E-1 0.87988E-1 0.86773E-1 0.87988E-1 0.87988E-1 0.87988E-1 0.87988E-1 0.99825E-1 0.99825E-1 0.99825E-1 0.99825E-1 0.99825E-1 0.99825E-1 0.99825E-1 0.99825E-1 0.99825E-1 0.99825E-1 0.99825E-1 0.92703E-1 0.92981E-1 0.92981E-1 0.92981E-1 0.92633E-1 0.92981E-1
0.92982E-1 0.98984E-1 0.98984E-1 0.91994E-1 0.91994E-1 0.91789E-1 0.90462E-1 0.91919E-1 0.91919E-1 0.92460E-1 0.92460E-1 0.92460E-1 0.92380E-1 0.92380E-1 0.92249E-1 0.92380E-1 0.92460E-1 0.92460E-1 0.92460E-1 0.92774E-1 0.92774E-1 0.92701E-1 0.92774E-1 0.92717E-1 0.93382E-1 0.89082E-1 0.87217E-1 0.87935E-1 0.87935E-1 0.87936E-1 0.87786E-1 0.87992E-1 0.87992E-1 0.87992E-1 0.86777E-1 0.86777E-1 0.87992E-1 0.87992E-1 0.87992E-1 0.87992E-1 0.99830E-1 0.99830E-1 0.99830E-1 0.99830E-1 0.99830E-1 0.99830E-1 0.99830E-1 0.99830E-1 0.99830E-1 0.99830E-1 0.93002E-1 0.92986E-1 0.92986E-1 0.92986E-1 0.92708E-1 0.94281E-1 0.92986E-1
0.92316E-1 0.91923E-1 0.92987E-1 0.92662E-1 0.91794E-1 0.91925E-1 0.91821E-1 0.91923E-1 0.91923E-1 0.92465E-1 0.92465E-1 0.92465E-1 0.92385E-1 0.92254E-1 0.92254E-1 0.92385E-1 0.92464E-1 0.92464E-1 0.92464E-1 0.92778E-1 0.92778E-1 0.92778E-1 0.92778E-1 0.92414E-1 0.89086E-1 0.93009E-1 0.87025E-1 0.87939E-1 0.87940E-1 0.87939E-1 0.87790E-1 0.87996E-1 0.86781E-1 0.86781E-1 0.86781E-1 0.87996E-1 0.87996E-1 0.87996E-1 0.87996E-1 0.87996E-1 0.88063E-1 0.99836E-1 0.99836E-1 0.99836E-1 0.87520E-1 0.99836E-1 0.99836E-1 0.99836E-1 0.99836E-1 0.99836E-1 0.92728E-1 0.92990E-1 0.92990E-1 0.92990E-1 0.92642E-1 0.94026E-1 0.94206E-1
0.90713E-1 0.90698E-1 0.92553E-1 0.92437E-1 0.90590E-1 0.90520E-1 0.90480E-1 0.91927E-1 0.91927E-1 0.92469E-1 0.92469E-1 0.92469E-1 0.92103E-1 0.92405E-1 0.92258E-1 0.99128E-1 0.92469E-1 0.92469E-1 0.92469E-1 0.92783E-1 0.92783E-1 0.92783E-1 0.92783E-1 0.92419E-1 0.92419E-1 0.92419E-1 0.92812E-1 0.87029E-1 0.87029E-1 0.87943E-1 0.87512E-1 0.87782E-1 0.88000E-1 0.87804E-1 0.88000E-1 0.86785E-1 0.87793E-1 0.88000E-1 0.88000E-1 0.88000E-1 0.88420E-1 0.99841E-1 0.99841E-1 0.99841E-1 0.99841E-1 0.87508E-1 0.99841E-1 0.99841E-1 0.99841E-1 0.99841E-1 0.93011E-1 0.92994E-1 0.92716E-1 0.92994E-1 0.92646E-1 0.94188E-1 0.92994E-1
0.92859E-1 0.92812E-1 0.92578E-1 0.92484E-1 0.90634E-1 0.90593E-1 0.90489E-1 0.90466E-1 0.91932E-1 0.92473E-1 0.92473E-1 0.92107E-1 0.92107E-1 0.92107E-1 0.99133E-1 0.99133E-1 0.92393E-1 0.92473E-1 0.92473E-1 0.92787E-1 0.92714E-1 0.92701E-1 0.92668E-1 0.92585E-1 0.92787E-1 0.92423E-1 0.92817E-1 0.87033E-1 0.87947E-1 0.87947E-1 0.87705E-1 0.87211E-1 0.86069E-1 0.86788E-1 0.86788E-1 0.88004E-1 0.88004E-1 0.87797E-1 0.87797E-1 0.88003E-1 0.88387E-1 0.88207E-1 0.99846E-1 0.99846E-1 0.99846E-1 0.87721E-1 0.87790E-1 0.99846E-1 0.99846E-1 0.99846E-1 0.92919E-1 0.96099E-1 0.96118E-1 0.92999E-1 0.92916E-1 0.93796E-1 0.92999E-1
0.88536E-1 0.92851E-1 0.92650E-1 0.92553E-1 0.90653E-1 0.90609E-1 0.90490E-1 0.90470E-1 0.91806E-1 0.92414E-1 0.92112E-1 0.92112E-1 0.92478E-1 0.92478E-1 0.99138E-1 0.92398E-1 0.92478E-1 0.92478E-1 0.92478E-1 0.92584E-1 0.92579E-1 0.92543E-1 0.92438E-1 0.90904E-1 0.91028E-1 0.92427E-1 0.88942E-1 0.87037E-1 0.87586E-1 0.88109E-1 0.87514E-1 0.87371E-1 0.86565E-1 0.86792E-1 0.86792E-1 0.88007E-1 0.88007E-1 0.88007E-1 0.88007E-1 0.87519E-1 0.88002E-1 0.88002E-1 0.99851E-1 0.99851E-1 0.87762E-1 0.87439E-1 0.87335E-1 0.88461E-1 0.93019E-1 0.93019E-1 0.93061E-1 0.98262E-1 0.93045E-1 0.92655E-1 0.92655E-1 0.99833E-1 0.99833E-1
0.92627E-1 0.92545E-1 0.92448E-1 0.92473E-1 0.90670E-1 0.90624E-1 0.90474E-1 0.91811E-1 0.92418E-1 0.92418E-1 0.92418E-1 0.92116E-1 0.92418E-1 0.92418E-1 0.92418E-1 0.92482E-1 0.92482E-1 0.92482E-1 0.92402E-1 0.92588E-1 0.92389E-1 0.92239E-1 0.92025E-1 0.90736E-1 0.87236E-1 0.87040E-1 0.87040E-1 0.87236E-1 0.88617E-1 0.87442E-1 0.87816E-1 0.88011E-1 0.86796E-1 0.86796E-1 0.88011E-1 0.88011E-1 0.88011E-1 0.88011E-1 0.88011E-1 0.88011E-1 0.87839E-1 0.87839E-1 0.88358E-1 0.87766E-1 0.87443E-1 0.87443E-1 0.87275E-1 0.88025E-1 0.93024E-1 0.93024E-1 0.93049E-1 0.96783E-1 0.92659E-1 0.93008E-1 0.92659E-1 0.99838E-1 0.99838E-1
0.88155E-1 0.92493E-1 0.92397E-1 0.92255E-1 0.92039E-1 0.90177E-1 0.91585E-1 0.91500E-1 0.91430E-1 0.91726E-1 0.91584E-1 0.91584E-1 0.90458E-1 0.91784E-1 0.91726E-1 0.92486E-1 0.92486E-1 0.92486E-1 0.92406E-1 0.92330E-1 0.92138E-1 0.91872E-1 0.90657E-1 0.90006E-1 0.87240E-1 0.87240E-1 0.88105E-1 0.87974E-1 0.87594E-1 0.87809E-1 0.87820E-1 0.88015E-1 0.88015E-1 0.88015E-1 0.86572E-1 0.86572E-1 0.88015E-1 0.88015E-1 0.88015E-1 0.87527E-1 0.87843E-1 0.87843E-1 0.88196E-1 0.99861E-1 0.99861E-1 0.87447E-1 0.87237E-1 0.86838E-1 0.93028E-1 0.93028E-1 0.93012E-1 0.92664E-1 0.92734E-1 0.92734E-1 0.99843E-1 0.99843E-1 0.99843E-1
0.88219E-1 0.92653E-1 0.92561E-1 0.92426E-1 0.92403E-1 0.91862E-1 0.91862E-1 0.91862E-1 0.91788E-1 0.91715E-1 0.91715E-1 0.91715E-1 0.91715E-1 0.90462E-1 0.90462E-1 0.91788E-1 0.91788E-1 0.91788E-1 0.91788E-1 0.91023E-1 0.90977E-1 0.90768E-1 0.90626E-1 0.90432E-1 0.89849E-1 0.88151E-1 0.87819E-1 0.87598E-1 0.87598E-1 0.87813E-1 0.87450E-1 0.87450E-1 0.87531E-1 0.86576E-1 0.87801E-1 0.88019E-1 0.87813E-1 0.88019E-1 0.88019E-1 0.87531E-1 0.88086E-1 0.88086E-1 0.99866E-1 0.99866E-1 0.99866E-1 0.86842E-1 0.86842E-1 0.86842E-1 0.88440E-1 0.88440E-1 0.89345E-1 0.93016E-1 0.93016E-1 0.93016E-1 0.88358E-1 0.99848E-1 0.99848E-1
