test/test_data/tcaap/monthly_variance_over_all_Oct__actual_et__2015-01-01_to_2019-12-31__180_by_260__inches.asc
NCOLS        180
NROWS        260
XLLCORNER     476375.000
YLLCORNER    4970875.000
CELLSIZE        100.000
NODATA_VALUE -9999.
[rows 58 to 86 of 260, columns 67 to 133 of 180]
0.42221 0.42624 0.42304 0.42304 0.42476 0.42476 0.39622 0.39671 0.39671 0.47061 0.47061 0.47061 0.47068 0.47068 0.47068 0.39879 0.40394 0.41157 0.39549 0.36721 0.35806 0.41951 0.41951 0.42107 0.42107 0.42107 0.42107 0.47034 0.47034 0.47034 0.47026 0.47026 0.47026 0.47145 0.47145 0.41070 0.41070 0.42704 0.42680 0.42680 0.42680 0.42680 0.42680 0.42479 0.42499 0.42499 0.42499 0.42499 0.42499 0.42499 0.44130 0.42726 0.42726 0.42725 0.42408 0.42408 0.42408 0.42408 0.42633 0.42408 0.42408 0.42157 0.40316 0.40316 0.40316 0.42209 0.42209
0.37621 0.42549 0.42305 0.42305 0.42305 0.42246 0.42280 0.39671 0.39504 0.39652 0.47062 0.47062 0.47069 0.47069 0.42746 0.39611 0.40136 0.41065 0.42195 0.42956 0.43627 0.41952 0.41952 0.42108 0.42108 0.42108 0.42108 0.42301 0.47035 0.47035 0.47035 0.47035 0.47035 0.47027 0.42658 0.42576 0.40822 0.42678 0.42658 0.42658 0.42678 0.42455 0.42480 0.42704 0.42726 0.42726 0.42726 0.42500 0.42500 0.42727 0.42316 0.42316 0.42680 0.42726 0.42634 0.42409 0.42409 0.42634 0.42409 0.42409 0.42409 0.42409 0.41658 0.41658 0.42130 0.42210 0.42210
0.37622 0.42406 0.42306 0.42306 0.42306 0.42281 0.42281 0.39653 0.39653 0.39676 0.47064 0.47064 0.47070 0.47070 0.42746 0.39551 0.40022 0.41462 0.41736 0.42037 0.42272 0.40192 0.40170 0.42109 0.42109 0.42109 0.42109 0.42109 0.42302 0.47036 0.47036 0.47036 0.47036 0.42682 0.42679 0.42637 0.38503 0.42659 0.42659 0.42679 0.42679 0.42457 0.42457 0.42457 0.42455 0.42676 0.42657 0.42455 0.42258 0.42458 0.42258 0.42398 0.42478 0.42727 0.47081 0.42410 0.42635 0.42635 0.42410 0.42410 0.42410 0.42410 0.40318 0.42131 0.42131 0.42210 0.42210
0.42407 0.42307 0.42307 0.42307 0.47065 0.42910 0.39015 0.39015 0.39677 0.39677 0.47065 0.47065 0.47071 0.47071 0.47071 0.39651 0.39868 0.41074 0.41465 0.41828 0.42132 0.42357 0.42253 0.42110 0.42317 0.42317 0.42317 0.42110 0.42302 0.42580 0.47037 0.47037 0.47037 0.42664 0.42680 0.42638 0.42638 0.40823 0.42660 0.42680 0.42680 0.42458 0.42458 0.42458 0.42456 0.42677 0.42677 0.42456 0.42259 0.41279 0.41279 0.42400 0.42634 0.42677 0.42715 0.42715 0.42715 0.42495 0.42495 0.42495 0.42495 0.42495 0.42227 0.42227 0.42227 0.42211 0.42211
0.42408 0.42307 0.42307 0.47066 0.47066 0.47066 0.47066 0.37796 0.39678 0.39678 0.39678 0.47066 0.47073 0.47073 0.47073 0.39633 0.39601 0.39677 0.39943 0.41642 0.42026 0.42185 0.40621 0.42111 0.42318 0.42318 0.42318 0.42318 0.42303 0.42303 0.42303 0.42402 0.42421 0.42665 0.43068 0.42639 0.42639 0.40824 0.42579 0.42681 0.42681 0.42458 0.42462 0.42460 0.44961 0.42457 0.42659 0.42635 0.42480 0.41329 0.42398 0.42430 0.42635 0.42635 0.42671 0.42671 0.42898 0.42496 0.42496 0.42496 0.42496 0.42496 0.42716 0.42716 0.42452 0.42452 0.42452
0.42409 0.42308 0.42308 0.47067 0.47067 0.47067 0.47067 0.39868 0.39678 0.39678 0.47067 0.47067 0.47074 0.47074 0.47074 0.39614 0.37830 0.40425 0.40880 0.41574 0.41972 0.40171 0.40622 0.42112 0.42112 0.42319 0.42319 0.42545 0.42545 0.42545 0.42545 0.42545 0.44307 0.42640 0.42970 0.42640 0.42461 0.40825 0.42682 0.42682 0.42682 0.42463 0.42463 0.42461 0.44928 0.42362 0.42362 0.42636 0.42636 0.42481 0.42424 0.41330 0.41330 0.42481 0.42556 0.42672 0.42717 0.42497 0.42497 0.42497 0.42497 0.42497 0.42717 0.42717 0.42899 0.42453 0.42453
0.42376 0.42309 0.42309 0.42309 0.47069 0.47069 0.47069 0.38986 0.39043 0.39679 0.47068 0.47068 0.47075 0.47075 0.47075 0.39633 0.39602 0.39445 0.40047 0.41314 0.40151 0.40199 0.40607 0.42305 0.42305 0.42305 0.42305 0.42305 0.42305 0.42305 0.42305 0.42305 0.42305 0.42641 0.42683 0.42641 0.42641 0.42641 0.42462 0.42683 0.42683 0.42463 0.42463 0.42462 0.42459 0.41281 0.42262 0.42262 0.41331 0.42400 0.42401 0.41331 0.42470 0.42631 0.42650 0.42700 0.42718 0.42696 0.42474 0.42498 0.42498 0.42479 0.42718 0.44991 0.43092 0.42454 0.42454
0.42411 0.42310 0.42310 0.42310 0.47070 0.47070 0.47070 0.38987 0.37447 0.39631 0.39631 0.39631 0.39445 0.38914 0.38947 0.39616 0.39603 0.39654 0.39636 0.38907 0.40160 0.40143 0.40129 0.40326 0.40637 0.42547 0.42547 0.42306 0.42306 0.42547 0.42484 0.43048 0.44097 0.42642 0.42642 0.42684 0.42463 0.42463 0.42463 0.42463 0.42684 0.42461 0.42461 0.42460 0.42460 0.42263 0.42263 0.42263 0.42263 0.42263 0.42263 0.42593 0.42636 0.42642 0.42702 0.42725 0.42697 0.42697 0.42499 0.42499 0.42499 0.42372 0.45743 0.45000 0.43093 0.43093 0.42455
0.42386 0.42311 0.42311 0.42311 0.42205 0.38272 0.47071 0.38128 0.37799 0.39632 0.39632 0.39632 0.39604 0.39655 0.39653 0.39653 0.39446 0.39655 0.39632 0.39653 0.39496 0.43060 0.39515 0.42485 0.42548 0.42548 0.42548 0.40637 0.42927 0.42337 0.44245 0.43049 0.44558 0.42462 0.42462 0.42462 0.47035 0.47035 0.42464 0.42464 0.42464 0.42462 0.42462 0.42461 0.42461 0.42264 0.42264 0.42264 0.42417 0.41283 0.42264 0.42264 0.41331 0.42818 0.42702 0.42685 0.42698 0.42720 0.42500 0.42500 0.42500 0.42503 0.42500 0.44883 0.43094 0.42456 0.42456
0.41820 0.41658 0.41658 0.41658 0.41574 0.41294 0.40638 0.39636 0.39487 0.39507 0.39507 0.39631 0.39605 0.39656 0.39656 0.39589 0.39629 0.39135 0.39638 0.39602 0.34354 0.34354 0.35925 0.44311 0.44304 0.42579 0.40638 0.40625 0.40625 0.42115 0.42360 0.44559 0.44559 0.42463 0.42463 0.42463 0.47037 0.47037 0.42465 0.42465 0.42465 0.42248 0.42248 0.42265 0.42265 0.42265 0.42265 0.42418 0.42365 0.41284 0.41284 0.41332 0.41332 0.41334 0.41462 0.41461 0.41462 0.42560 0.42340 0.42340 0.42340 0.42501 0.42501 0.42501 0.42697 0.42724 0.40735
0.42248 0.42112 0.42112 0.42112 0.42112 0.47057 0.40804 0.40031 0.39487 0.39507 0.39507 0.39561 0.39561 0.39633 0.39633 0.39534 0.39568 0.39750 0.40464 0.37737 0.36260 0.35016 0.35338 0.44290 0.47046 0.42580 0.40583 0.40626 0.42116 0.42116 0.42361 0.42339 0.42442 0.42464 0.42464 0.42464 0.42554 0.47038 0.42466 0.42466 0.42249 0.42249 0.42249 0.42266 0.42266 0.42266 0.42266 0.42366 0.42641 0.42686 0.41334 0.41334 0.42590 0.41463 0.41463 0.41462 0.41464 0.42561 0.42561 0.41463 0.41463 0.42478 0.42502 0.42483 0.42698 0.42698 0.42725
0.42249 0.41660 0.41660 0.42112 0.42112 0.41855 0.41243 0.39488 0.39506 0.39440 0.39508 0.39562 0.39562 0.39633 0.39633 0.39562 0.39562 0.38884 0.39013 0.38942 0.42440 0.42822 0.36096 0.44174 0.45652 0.45369 0.40155 0.41952 0.41952 0.42273 0.42274 0.42234 0.42353 0.42388 0.42388 0.42465 0.42422 0.47039 0.42250 0.42250 0.42250 0.42467 0.42250 0.42267 0.42267 0.42267 0.42267 0.42591 0.41335 0.41335 0.41335 0.42591 0.42591 0.41464 0.41462 0.41465 0.41464 0.41464 0.41464 0.41458 0.41464 0.41464 0.42342 0.42503 0.42726 0.42726 0.42726
0.42249 0.39513 0.39513 0.42113 0.42113 0.42113 0.41567 0.39507 0.39507 0.39441 0.39509 0.39562 0.39562 0.39634 0.39634 0.39634 0.39562 0.39568 0.38943 0.38943 0.38943 0.41827 0.35337 0.45653 0.45653 0.44780 0.42462 0.41953 0.41953 0.42274 0.42275 0.42275 0.42389 0.42389 0.42389 0.42354 0.47034 0.47034 0.42670 0.42119 0.42119 0.40583 0.42119 0.42137 0.42137 0.42137 0.42137 0.39524 0.42592 0.42592 0.42592 0.42643 0.42643 0.42563 0.42343 0.41430 0.41466 0.41465 0.41465 0.41465 0.41465 0.42724 0.42504 0.42504 0.42727 0.42727 0.42459
0.42250 0.42114 0.42114 0.42114 0.42114 0.42078 0.42017 0.39490 0.39510 0.39510 0.38879 0.38944 0.39563 0.39333 0.39569 0.39635 0.39635 0.39635 0.39635 0.39635 0.39635 0.41097 0.37993 0.47016 0.47016 0.47016 0.42477 0.42276 0.42276 0.42276 0.42276 0.42276 0.42390 0.42390 0.42537 0.42532 0.47036 0.47036 0.42332 0.42332 0.40592 0.42320 0.42120 0.42138 0.42138 0.42138 0.42138 0.42138 0.39058 0.42138 0.42361 0.42361 0.42405 0.42302 0.42302 0.42302 0.42302 0.41116 0.41116 0.41465 0.47028 0.42459 0.42459 0.42505 0.42728 0.42728 0.41564
0.42251 0.42115 0.42115 0.42115 0.42115 0.43785 0.47062 0.44512 0.39511 0.39511 0.38810 0.38945 0.39610 0.38809 0.39440 0.39636 0.39636 0.39636 0.39636 0.39636 0.39636 0.39440 0.47018 0.47018 0.47018 0.47018 0.44206 0.42277 0.42277 0.42277 0.42277 0.42277 0.42391 0.42391 0.42391 0.42787 0.47037 0.47037 0.47037 0.40585 0.40585 0.42333 0.42333 0.42139 0.42139 0.42362 0.42139 0.42139 0.42139 0.42139 0.42139 0.42139 0.42139 0.42303 0.42303 0.42303 0.42303 0.41117 0.41117 0.42303 0.42780 0.47086 0.42596 0.42596 0.42654 0.42654 0.41212
0.42116 0.42116 0.39516 0.39516 0.42079 0.42052 0.47063 0.42076 0.38811 0.39511 0.38811 0.39637 0.39611 0.38732 0.39296 0.39334 0.39571 0.39637 0.39637 0.39637 0.39637 0.39854 0.47019 0.47019 0.47019 0.47019 0.47019 0.44222 0.42278 0.42278 0.42278 0.42278 0.42392 0.42392 0.42312 0.47038 0.47038 0.47038 0.47038 0.47038 0.40586 0.42334 0.40586 0.40836 0.42363 0.42363 0.39494 0.39494 0.42140 0.42140 0.42140 0.42140 0.42140 0.42304 0.42304 0.42304 0.42304 0.42517 0.42517 0.42304 0.42568 0.42910 0.47087 0.47087 0.42655 0.42655 0.42614
0.42117 0.42117 0.42080 0.39516 0.42080 0.42000 0.45254 0.44824 0.39438 0.39512 0.39512 0.39638 0.39612 0.38757 0.39620 0.39322 0.39333 0.39638 0.39638 0.39638 0.39638 0.39837 0.40169 0.47020 0.42463 0.43343 0.43249 0.44150 0.42480 0.42480 0.42255 0.42255 0.44271 0.44682 0.44682 0.43747 0.47039 0.47039 0.47039 0.47039 0.47039 0.40586 0.40837 0.40837 0.40837 0.42364 0.43130 0.40834 0.40834 0.40837 0.42364 0.42628 0.42141 0.42305 0.42305 0.42305 0.42305 0.42518 0.42518 0.42518 0.42786 0.42911 0.47088 0.47061 0.47061 0.47061 0.41185
0.42118 0.42118 0.42118 0.42118 0.42118 0.42081 0.45308 0.44342 0.43696 0.39513 0.39513 0.39638 0.38811 0.38788 0.39306 0.39323 0.38807 0.38810 0.39572 0.39682 0.39572 0.39727 0.40090 0.40170 0.42504 0.43079 0.44151 0.44197 0.42464 0.42466 0.44180 0.44180 0.44272 0.44245 0.44245 0.45755 0.42525 0.42525 0.47040 0.47040 0.40587 0.40587 0.40838 0.42365 0.42365 0.42365 0.42142 0.40835 0.40838 0.40838 0.42365 0.42142 0.42142 0.42306 0.42306 0.42306 0.41136 0.41040 0.42778 0.42792 0.41130 0.41128 0.41130 0.47063 0.47063 0.47063 0.41186
0.42119 0.42119 0.42119 0.42119 0.42119 0.42082 0.44695 0.44343 0.44343 0.39514 0.39514 0.39639 0.39375 0.38799 0.38978 0.38868 0.38805 0.39558 0.39572 0.39656 0.40011 0.40593 0.41471 0.42402 0.42505 0.42281 0.42415 0.44181 0.44789 0.42465 0.40160 0.40160 0.42394 0.44581 0.42540 0.44298 0.44313 0.42526 0.44405 0.44405 0.42336 0.42336 0.42366 0.42366 0.42366 0.42366 0.40836 0.40836 0.40836 0.40838 0.40838 0.40838 0.42193 0.42307 0.42307 0.42307 0.42307 0.41041 0.42779 0.42779 0.42779 0.42779 0.47091 0.41202 0.41209 0.41209 0.41187
0.42144 0.42144 0.42144 0.42144 0.42144 0.42120 0.42313 0.44735 0.44978 0.39395 0.39512 0.39640 0.39404 0.37714 0.38986 0.38868 0.38799 0.38808 0.39353 0.39466 0.40129 0.39723 0.41512 0.42095 0.42242 0.42176 0.42466 0.44182 0.45660 0.42483 0.42155 0.41959 0.42374 0.42595 0.42616 0.42616 0.42616 0.42337 0.42615 0.42615 0.42908 0.42337 0.42367 0.42367 0.42367 0.42367 0.40840 0.40837 0.40837 0.40839 0.40839 0.40839 0.42184 0.42308 0.42308 0.42308 0.42308 0.41041 0.42794 0.42794 0.42794 0.47092 0.47092 0.47065 0.47065 0.42389 0.42389
0.42145 0.42145 0.42145 0.42145 0.42145 0.42145 0.42348 0.42333 0.42333 0.39617 0.39617 0.39522 0.39439 0.37419 0.38812 0.38697 0.37448 0.37738 0.38813 0.39508 0.40623 0.40796 0.41515 0.42084 0.42243 0.42281 0.42507 0.44200 0.44212 0.42484 0.42507 0.42484 0.42583 0.42596 0.42617 0.42617 0.42617 0.42338 0.42338 0.42616 0.42338 0.42338 0.42368 0.42144 0.42144 0.42368 0.42368 0.42144 0.42368 0.40840 0.40840 0.42246 0.42183 0.42309 0.42309 0.42309 0.41138 0.41047 0.42794 0.42794 0.42816 0.47093 0.47093 0.47066 0.47066 0.42615 0.42615
0.42146 0.42111 0.42146 0.42146 0.42146 0.42146 0.42146 0.42371 0.42349 0.42371 0.39523 0.39523 0.39440 0.37171 0.37500 0.38705 0.37446 0.37454 0.39216 0.39216 0.40398 0.39685 0.41278 0.41876 0.42096 0.42125 0.42352 0.44093 0.44083 0.42485 0.42508 0.42618 0.42618 0.42597 0.42597 0.42618 0.42618 0.42618 0.42339 0.42617 0.42339 0.42339 0.42369 0.42369 0.42145 0.42369 0.42369 0.42369 0.42369 0.40841 0.40841 0.42242 0.42185 0.42310 0.42602 0.42566 0.42602 0.42602 0.42817 0.42602 0.42602 0.47094 0.47094 0.47067 0.47067 0.42616 0.42391
0.42372 0.42372 0.42147 0.42147 0.42147 0.42147 0.42147 0.42147 0.42372 0.42372 0.39524 0.39441 0.38837 0.37171 0.37507 0.37476 0.38613 0.38646 0.39217 0.39447 0.39447 0.39507 0.39596 0.38985 0.42126 0.42126 0.42103 0.42103 0.44685 0.42318 0.42330 0.42396 0.42396 0.42396 0.42396 0.42375 0.42374 0.42071 0.46973 0.46973 0.42396 0.42619 0.42635 0.42635 0.42541 0.42370 0.42370 0.40842 0.40842 0.40842 0.40841 0.40841 0.42352 0.42567 0.42567 0.42818 0.42818 0.42603 0.42603 0.42603 0.42567 0.47096 0.47096 0.42833 0.42871 0.42392 0.42392
0.42373 0.42373 0.42148 0.42148 0.42148 0.42148 0.42148 0.42148 0.42373 0.42373 0.42292 0.39442 0.37172 0.37172 0.37524 0.38782 0.38623 0.39439 0.39448 0.39448 0.39448 0.39597 0.39597 0.39597 0.42057 0.42127 0.42104 0.42331 0.42319 0.44085 0.42331 0.42072 0.42072 0.44854 0.42396 0.42370 0.42396 0.42396 0.42171 0.46975 0.42396 0.42396 0.42469 0.42658 0.42685 0.42357 0.40523 0.40523 0.40523 0.40523 0.40522 0.40522 0.40799 0.42566 0.42505 0.42568 0.42784 0.42797 0.42797 0.42784 0.47097 0.47097 0.47097 0.44705 0.44185 0.42393 0.42393
0.42374 0.42378 0.42153 0.42149 0.42149 0.42149 0.42149 0.42149 0.42351 0.42341 0.39478 0.40143 0.37456 0.37456 0.38535 0.39448 0.39448 0.39448 0.39448 0.39448 0.39448 0.39598 0.39598 0.39598 0.38988 0.44086 0.41978 0.41978 0.42141 0.44086 0.44559 0.44582 0.44582 0.45121 0.44414 0.42144 0.42172 0.42172 0.42172 0.42172 0.42172 0.42172 0.42470 0.42686 0.42686 0.42171 0.40523 0.40523 0.40523 0.40523 0.42481 0.42493 0.40800 0.40799 0.42741 0.42799 0.42798 0.42810 0.42798 0.42798 0.47090 0.47090 0.47090 0.44680 0.42347 0.42394 0.42394
0.42241 0.42115 0.42150 0.42150 0.42150 0.42150 0.42150 0.42150 0.42150 0.37660 0.37594 0.40431 0.37575 0.37562 0.38645 0.39449 0.39449 0.39449 0.39449 0.39449 0.39449 0.39522 0.39522 0.39522 0.39623 0.42106 0.42136 0.44689 0.42333 0.42328 0.44560 0.44583 0.44583 0.44812 0.44812 0.44812 0.42145 0.42095 0.42177 0.42173 0.42151 0.42151 0.42471 0.42471 0.42471 0.42172 0.40522 0.40523 0.40523 0.40522 0.40523 0.40523 0.40799 0.40798 0.40798 0.40799 0.40799 0.42832 0.42811 0.42832 0.42832 0.40799 0.42316 0.42348 0.42586 0.42586 0.42586
0.42151 0.42151 0.42151 0.42151 0.42151 0.42151 0.42151 0.42151 0.42151 0.39496 0.37525 0.41104 0.37619 0.37620 0.39032 0.39726 0.39220 0.39220 0.39354 0.39376 0.39536 0.39523 0.39301 0.38831 0.39582 0.41052 0.42101 0.44839 0.42321 0.45276 0.45112 0.44584 0.43980 0.44416 0.44813 0.44813 0.42731 0.42793 0.42793 0.42174 0.42174 0.42174 0.42471 0.42471 0.42450 0.42172 0.42172 0.42382 0.42602 0.40523 0.40523 0.40523 0.40800 0.40798 0.40792 0.42742 0.44572 0.42583 0.42800 0.44822 0.42812 0.42513 0.42317 0.42349 0.47076 0.47076 0.47076
0.42137 0.42152 0.42152 0.42152 0.42152 0.42152 0.42152 0.42151 0.42117 0.39498 0.39569 0.39570 0.39545 0.39545 0.40822 0.40679 0.40258 0.39221 0.39713 0.39704 0.39774 0.39559 0.39598 0.39600 0.39600 0.39600 0.38956 0.43176 0.45277 0.45277 0.45277 0.44561 0.45174 0.43320 0.45365 0.44076 0.46979 0.42685 0.42175 0.42175 0.44882 0.42175 0.42472 0.42472 0.42472 0.42173 0.42383 0.42383 0.42686 0.42361 0.42173 0.42173 0.40802 0.40802 0.42318 0.45141 0.44860 0.45126 0.42586 0.42802 0.42834 0.42318 0.42318 0.42615 0.47077 0.47077 0.42588
0.42156 0.42152 0.42152 0.42152 0.42152 0.42152 0.42152 0.42152 0.42118 0.39502 0.39547 0.39545 0.41688 0.41688 0.41497 0.41507 0.39564 0.41172 0.37589 0.37623 0.37494 0.38925 0.39601 0.39601 0.39601 0.39601 0.43177 0.43177 0.42094 0.45278 0.42690 0.46981 0.46981 0.46981 0.46981 0.46981 0.46981 0.42110 0.42176 0.42180 0.44883 0.42473 0.42473 0.42473 0.42473 0.42174 0.42174 0.42174 0.42362 0.42471 0.42445 0.42445 0.40803 0.40803 0.40803 0.43483 0.42541 0.42588 0.42588 0.42758 0.42835 0.42319 0.42351 0.42351 0.42351 0.42616 0.42616
