test/test_data/tcaap/monthly_mean_over_all_Feb__actual_et__2015-01-01_to_2019-12-31__180_by_260__inches.asc
NCOLS        180
NROWS        260
XLLCORNER     476375.000
YLLCORNER    4970875.000
CELLSIZE        100.000
NODATA_VALUE -9999.
[rows 0 to 28 of 260, columns 0 to 66 of 180]
0.47258 0.51167 0.57743 0.57743 0.50171 0.48038 0.48055 0.47876 0.51873 0.48928 0.48799 0.48799 0.48784 0.48784 0.48784 0.47398 0.47561 0.49390 0.49743 0.49743 0.46529 0.46584 0.46584 0.45627 0.41895 0.41895 0.45627 0.45627 0.44969 0.44969 0.44969 0.48618 0.46746 0.46746 0.46746 0.46989 0.46989 0.46746 0.46746 0.46746 0.46746 0.47595 0.48101 0.48101 0.48101 0.56958 0.56958 0.56958 0.56958 0.47805 0.47805 0.47805 0.47805 0.48552 0.48552 0.48552 0.48287 0.48287 0.48287 0.48287 0.48287 0.44341 0.44341 0.44200 0.44200 0.44200 0.44200
0.47482 0.47741 0.57745 0.57745 0.49584 0.49214 0.49214 0.47877 0.51874 0.48930 0.48801 0.48801 0.48801 0.48801 0.48752 0.48801 0.47616 0.48234 0.49228 0.49228 0.50025 0.52023 0.52023 0.52356 0.52356 0.57370 0.45628 0.44970 0.44970 0.48879 0.48879 0.48279 0.48279 0.48227 0.48279 0.48279 0.48279 0.48279 0.48279 0.48279 0.47803 0.47803 0.44956 0.48223 0.48102 0.56959 0.56959 0.56959 0.56959 0.56959 0.47806 0.47806 0.48296 0.48296 0.47304 0.48554 0.48288 0.48288 0.48288 0.48288 0.48288 0.48288 0.47304 0.48301 0.48301 0.48301 0.48301
0.48003 0.47483 0.57746 0.57746 0.49215 0.49215 0.48326 0.49215 0.52062 0.48931 0.48802 0.48802 0.48802 0.48786 0.48505 0.49253 0.48505 0.49444 0.52014 0.48754 0.52014 0.52945 0.52945 0.52025 0.54016 0.51807 0.51807 0.44971 0.48620 0.48881 0.48881 0.48280 0.48280 0.48280 0.48280 0.48280 0.48280 0.48280 0.47761 0.47761 0.47761 0.43869 0.43968 0.45755 0.45755 0.57077 0.57077 0.57077 0.57077 0.57077 0.47967 0.47967 0.48108 0.48108 0.45183 0.48203 0.48289 0.48289 0.48289 0.48289 0.48289 0.48289 0.48289 0.48302 0.48302 0.48302 0.48302
0.48004 0.51171 0.50494 0.57748 0.57748 0.49216 0.49216 0.52064 0.48610 0.48932 0.48803 0.48803 0.48803 0.48803 0.48506 0.49740 0.44895 0.52015 0.57460 0.57460 0.52015 0.52946 0.52946 0.52410 0.54018 0.51543 0.51808 0.45665 0.47341 0.44972 0.49164 0.48761 0.48281 0.48281 0.48281 0.48281 0.48281 0.48281 0.48281 0.47762 0.47762 0.47762 0.43969 0.43969 0.43969 0.43969 0.47654 0.47585 0.44957 0.44957 0.44957 0.43969 0.44011 0.44011 0.48204 0.48204 0.48204 0.48100 0.48100 0.48100 0.48100 0.48100 0.48100 0.48127 0.48127 0.48127 0.48127
0.50859 0.51084 0.50668 0.57750 0.57750 0.49217 0.49618 0.51401 0.49217 0.48933 0.48804 0.48804 0.48804 0.48804 0.48804 0.48789 0.48507 0.57462 0.57462 0.57462 0.52410 0.52412 0.52412 0.52747 0.52747 0.51072 0.47703 0.44972 0.44972 0.44972 0.49165 0.48762 0.48282 0.48282 0.48282 0.48282 0.48282 0.48282 0.48282 0.48282 0.48203 0.47763 0.47927 0.47927 0.48443 0.47969 0.47969 0.44958 0.44958 0.44958 0.44958 0.44958 0.44012 0.44012 0.44012 0.48102 0.48102 0.48102 0.48102 0.48101 0.48101 0.48101 0.48101 0.48128 0.48128 0.47073 0.48128
0.50874 0.51085 0.51085 0.57751 0.57751 0.57751 0.57751 0.49218 0.48329 0.48935 0.48806 0.48806 0.48806 0.48806 0.48806 0.48790 0.48508 0.57464 0.57464 0.57464 0.52412 0.52028 0.52028 0.52362 0.49166 0.48308 0.47704 0.48623 0.44973 0.44973 0.49511 0.48065 0.47764 0.48283 0.48283 0.48283 0.48283 0.48283 0.48283 0.48283 0.48283 0.47764 0.47928 0.47928 0.48444 0.48444 0.47970 0.44667 0.44959 0.43970 0.43970 0.47970 0.48112 0.45185 0.44012 0.48103 0.48207 0.48207 0.48423 0.48103 0.48103 0.48103 0.48103 0.48129 0.48129 0.48129 0.48129
0.53691 0.50523 0.50862 0.57753 0.57753 0.57753 0.57753 0.57753 0.49635 0.48936 0.48807 0.48807 0.48807 0.48807 0.48509 0.48509 0.53589 0.42700 0.52019 0.52418 0.52413 0.52030 0.52294 0.52363 0.52363 0.48309 0.48309 0.48309 0.45631 0.45631 0.48589 0.47765 0.47765 0.48284 0.48284 0.48284 0.48284 0.48284 0.48284 0.48284 0.48284 0.47765 0.48228 0.48367 0.47929 0.48445 0.48445 0.46580 0.46580 0.47971 0.47971 0.47971 0.48113 0.48113 0.46806 0.48346 0.48208 0.48208 0.48424 0.48104 0.48104 0.48104 0.48104 0.48130 0.48130 0.48130 0.48130
0.50526 0.50684 0.50684 0.57755 0.57755 0.53288 0.57755 0.57755 0.49636 0.49636 0.48808 0.48808 0.48808 0.48792 0.48510 0.48510 0.48510 0.47567 0.47261 0.47911 0.45632 0.45632 0.45632 0.45632 0.45632 0.45632 0.45632 0.45632 0.44975 0.44975 0.49168 0.47766 0.47766 0.47808 0.47808 0.48285 0.48285 0.48285 0.48285 0.48285 0.48285 0.47930 0.48229 0.48229 0.48368 0.48395 0.48395 0.46877 0.46877 0.43971 0.47972 0.47972 0.48114 0.48114 0.46806 0.44014 0.47842 0.48425 0.48105 0.48105 0.48105 0.48105 0.48332 0.48332 0.48131 0.48131 0.48131
0.51190 0.50844 0.50686 0.57757 0.57757 0.53289 0.53289 0.57757 0.49637 0.49637 0.49495 0.48809 0.48809 0.48800 0.48511 0.48511 0.48511 0.44898 0.48547 0.48547 0.45633 0.45633 0.44976 0.44976 0.44976 0.48258 0.45633 0.45633 0.45633 0.45633 0.48591 0.47767 0.48208 0.47809 0.47809 0.48287 0.48287 0.48287 0.48287 0.48301 0.48235 0.47931 0.47931 0.48230 0.48369 0.48396 0.47973 0.43972 0.46878 0.43972 0.46582 0.47570 0.48115 0.44014 0.47159 0.44014 0.48375 0.48426 0.48106 0.48106 0.48106 0.48106 0.48131 0.48131 0.48131 0.44179 0.44179
0.51191 0.50845 0.50845 0.50312 0.57612 0.53302 0.53302 0.57612 0.49823 0.49852 0.49823 0.49146 0.49146 0.49146 0.48512 0.48795 0.48810 0.48548 0.48548 0.48548 0.46568 0.44976 0.44976 0.44976 0.45634 0.45634 0.45669 0.44976 0.44976 0.44976 0.48592 0.47768 0.48070 0.48288 0.48288 0.48288 0.48288 0.48288 0.48288 0.48288 0.48288 0.48448 0.47932 0.48232 0.48232 0.47932 0.47974 0.48340 0.46879 0.46879 0.52915 0.52915 0.45188 0.47159 0.47159 0.46263 0.48116 0.48427 0.48427 0.48107 0.48107 0.48107 0.48132 0.48132 0.48132 0.48132 0.48132
0.50847 0.50847 0.50847 0.50847 0.57613 0.53304 0.53304 0.57613 0.50954 0.49779 0.49824 0.49148 0.49148 0.49076 0.49148 0.48786 0.49148 0.49148 0.48822 0.48822 0.48605 0.45332 0.45332 0.44666 0.45332 0.44201 0.45670 0.45670 0.44977 0.44977 0.48593 0.47769 0.48071 0.48289 0.48289 0.48289 0.48289 0.48289 0.48289 0.48289 0.48289 0.48450 0.48450 0.48450 0.47932 0.43973 0.46583 0.48342 0.51571 0.45644 0.45644 0.43973 0.45189 0.48377 0.51513 0.48377 0.48377 0.44015 0.48108 0.48108 0.48108 0.48108 0.48133 0.48133 0.48133 0.48133 0.48133
0.49368 0.49368 0.50848 0.50848 0.57615 0.53305 0.53305 0.57615 0.57615 0.52659 0.49375 0.48787 0.49149 0.49149 0.48787 0.49066 0.49149 0.49149 0.48823 0.48823 0.48607 0.45333 0.45333 0.44667 0.44667 0.45333 0.44201 0.44667 0.44667 0.48569 0.48569 0.48647 0.48647 0.48647 0.49090 0.49090 0.49090 0.49090 0.48290 0.48290 0.48290 0.47976 0.47976 0.47976 0.47976 0.43974 0.43974 0.48399 0.48377 0.43974 0.47933 0.47933 0.48213 0.48213 0.48429 0.48429 0.48429 0.48109 0.48109 0.44016 0.48109 0.48109 0.48134 0.48704 0.48992 0.48571 0.48134
0.50825 0.50825 0.50849 0.53890 0.50849 0.57617 0.53306 0.57617 0.57617 0.52692 0.52692 0.48788 0.48788 0.51943 0.48788 0.48788 0.49119 0.49119 0.49119 0.48824 0.44668 0.44668 0.45953 0.47592 0.47592 0.45333 0.45333 0.44668 0.44668 0.44668 0.48570 0.48648 0.48648 0.48648 0.49091 0.48648 0.48648 0.49021 0.48648 0.49091 0.49091 0.48042 0.48042 0.48042 0.48042 0.43842 0.46997 0.48000 0.48470 0.51481 0.47934 0.47934 0.48111 0.48111 0.48431 0.48328 0.48119 0.48111 0.48111 0.44017 0.44017 0.48110 0.48135 0.48135 0.48135 0.48135 0.48135
0.50316 0.50827 0.50851 0.50851 0.51233 0.50677 0.57618 0.53660 0.57618 0.52694 0.52694 0.52694 0.52515 0.49151 0.49151 0.48789 0.48789 0.49120 0.48789 0.45220 0.45687 0.48609 0.47274 0.44668 0.44668 0.45334 0.45334 0.44668 0.44668 0.48571 0.48649 0.48649 0.48649 0.48649 0.49023 0.48928 0.48649 0.49023 0.48649 0.48649 0.49093 0.48043 0.48043 0.48043 0.48043 0.48043 0.48001 0.48001 0.48305 0.45628 0.43843 0.48551 0.48551 0.48115 0.54149 0.48115 0.48115 0.48551 0.48980 0.48115 0.48115 0.44186 0.44182 0.48136 0.48136 0.48136 0.48136
0.50317 0.50317 0.50828 0.50852 0.51234 0.51234 0.50781 0.57620 0.57620 0.57727 0.52377 0.52695 0.49121 0.48790 0.49152 0.49152 0.49070 0.48790 0.47983 0.48790 0.44669 0.48610 0.48610 0.44669 0.44926 0.45335 0.45335 0.44669 0.44669 0.48572 0.48650 0.48650 0.48650 0.48650 0.48650 0.48650 0.49094 0.49094 0.49094 0.49094 0.49094 0.48044 0.48044 0.48044 0.48044 0.48472 0.48524 0.48524 0.46999 0.43843 0.43843 0.48552 0.48552 0.57053 0.54150 0.48318 0.48311 0.48552 0.48552 0.48116 0.48116 0.48116 0.44203 0.48139 0.48139 0.44203 0.48139
0.50319 0.50319 0.50319 0.50829 0.50853 0.50853 0.50853 0.50853 0.57622 0.57729 0.57729 0.52697 0.52697 0.48791 0.49155 0.53858 0.49154 0.45222 0.48527 0.47984 0.44670 0.48611 0.48611 0.48611 0.47275 0.44980 0.45335 0.45335 0.44670 0.47647 0.47757 0.47757 0.47757 0.48651 0.48651 0.48651 0.48930 0.49095 0.49095 0.49095 0.49095 0.48525 0.48525 0.48525 0.48045 0.43844 0.48003 0.46946 0.46946 0.48003 0.48003 0.48554 0.48554 0.57054 0.54152 0.52832 0.48117 0.48313 0.48982 0.49119 0.48117 0.48117 0.47082 0.44235 0.44277 0.44356 0.48718
0.50320 0.50320 0.50320 0.50831 0.49166 0.49197 0.50855 0.50855 0.50855 0.57730 0.57730 0.57730 0.52708 0.52698 0.48792 0.53185 0.49155 0.49155 0.48947 0.48643 0.48303 0.48612 0.48612 0.48612 0.48612 0.49045 0.45004 0.44996 0.44942 0.48272 0.48357 0.47758 0.47758 0.48652 0.48652 0.48652 0.44844 0.48931 0.48931 0.48652 0.49096 0.48526 0.48526 0.48526 0.43845 0.43845 0.43845 0.43845 0.43845 0.48004 0.48596 0.48555 0.48555 0.57056 0.54153 0.48320 0.57056 0.48118 0.48696 0.48118 0.48118 0.48118 0.48141 0.44219 0.44242 0.45150 0.48141
0.46904 0.46904 0.50321 0.51216 0.49167 0.49199 0.49199 0.50856 0.50856 0.50848 0.57732 0.57732 0.57732 0.52588 0.52699 0.48793 0.49156 0.49156 0.49073 0.46164 0.45691 0.48252 0.48613 0.48613 0.48613 0.45691 0.45943 0.44908 0.44671 0.44671 0.44844 0.44844 0.44844 0.48653 0.48653 0.47758 0.44844 0.48653 0.48653 0.49097 0.49097 0.48527 0.48527 0.48047 0.43845 0.43845 0.46648 0.43845 0.43845 0.48005 0.48005 0.48119 0.48119 0.57058 0.57058 0.57058 0.57058 0.57058 0.57058 0.57058 0.48119 0.48119 0.48142 0.47140 0.44205 0.44205 0.44333
0.50322 0.50322 0.50322 0.50833 0.50322 0.49200 0.49200 0.50857 0.50857 0.50849 0.50849 0.57734 0.57734 0.57734 0.51014 0.52208 0.49157 0.49157 0.48794 0.45691 0.45691 0.45691 0.48614 0.48614 0.44672 0.44672 0.44672 0.44794 0.44820 0.44672 0.44845 0.44845 0.44845 0.48654 0.47707 0.47707 0.44845 0.48654 0.49029 0.49099 0.49099 0.48528 0.48528 0.48048 0.43846 0.43846 0.43846 0.43846 0.48006 0.43846 0.48006 0.48120 0.48120 0.48120 0.57060 0.57060 0.57060 0.57060 0.57059 0.57059 0.48316 0.48120 0.48143 0.48143 0.47141 0.47252 0.47302
0.49915 0.49915 0.50331 0.50331 0.50331 0.50877 0.49218 0.50397 0.48336 0.50851 0.50851 0.50851 0.57736 0.57736 0.57736 0.57736 0.49159 0.48795 0.48795 0.48975 0.48942 0.48615 0.48615 0.48615 0.48615 0.48615 0.47279 0.44672 0.44672 0.49206 0.48935 0.48694 0.48694 0.44846 0.44846 0.44846 0.44846 0.47760 0.48655 0.44846 0.48049 0.48049 0.48049 0.48049 0.45027 0.43847 0.43847 0.43847 0.43847 0.46650 0.48007 0.48121 0.48121 0.48558 0.48558 0.57061 0.57061 0.57061 0.57061 0.57061 0.48317 0.49225 0.49144 0.48144 0.48559 0.48440 0.49171
0.49916 0.49916 0.50332 0.50332 0.50332 0.49219 0.49219 0.49219 0.48354 0.48182 0.48182 0.50179 0.50277 0.52416 0.57834 0.57834 0.57834 0.48687 0.49053 0.49012 0.48976 0.48976 0.48616 0.48616 0.48616 0.48616 0.48616 0.48616 0.48616 0.48976 0.49101 0.48695 0.48695 0.48695 0.48695 0.44846 0.44846 0.49052 0.49101 0.44846 0.43847 0.46651 0.46651 0.48050 0.43847 0.43847 0.43847 0.43847 0.43847 0.48313 0.48313 0.48122 0.48122 0.48470 0.48559 0.48559 0.48122 0.48122 0.48700 0.48122 0.48318 0.48723 0.48145 0.48145 0.48723 0.49014 0.49172
0.49917 0.50311 0.50311 0.50333 0.49917 0.49917 0.49220 0.49220 0.48391 0.48184 0.48184 0.50591 0.50180 0.51796 0.51796 0.57835 0.57835 0.48971 0.49054 0.49013 0.49013 0.49013 0.48633 0.48633 0.48633 0.48633 0.47497 0.47497 0.48633 0.48964 0.49188 0.48761 0.48696 0.48696 0.48696 0.49102 0.49102 0.49102 0.49102 0.48657 0.48008 0.47005 0.47005 0.46652 0.48051 0.48051 0.48051 0.45028 0.43848 0.48532 0.48532 0.48123 0.48123 0.48471 0.48319 0.48319 0.48319 0.48123 0.48123 0.48123 0.48989 0.49009 0.48146 0.47087 0.49015 0.49245 0.49245
0.49918 0.49918 0.49918 0.49918 0.49918 0.49918 0.49222 0.49222 0.48392 0.48185 0.48162 0.50780 0.50181 0.50312 0.52418 0.57837 0.57837 0.57837 0.49055 0.49015 0.49015 0.48928 0.49015 0.48634 0.48634 0.47498 0.47500 0.47498 0.47498 0.48965 0.49119 0.48762 0.48762 0.49189 0.49189 0.49189 0.49189 0.49189 0.48723 0.48723 0.48091 0.47096 0.47096 0.47096 0.48052 0.48052 0.48052 0.48427 0.46952 0.48009 0.48533 0.48472 0.48124 0.48472 0.48562 0.48321 0.48320 0.48124 0.48124 0.48124 0.48991 0.49229 0.44208 0.48147 0.49197 0.49246 0.49246
0.49919 0.49919 0.49919 0.49919 0.49919 0.49919 0.49139 0.49223 0.48393 0.48186 0.48163 0.50781 0.50182 0.50204 0.52420 0.52420 0.57839 0.57839 0.48726 0.48929 0.48929 0.49016 0.48635 0.48929 0.47719 0.47719 0.47499 0.47499 0.44971 0.48982 0.47595 0.49190 0.49190 0.49190 0.49190 0.49190 0.49190 0.48724 0.48724 0.48724 0.48092 0.47097 0.47097 0.47097 0.48134 0.48134 0.48134 0.48134 0.44160 0.48092 0.48092 0.48283 0.48729 0.48729 0.48729 0.48729 0.48125 0.48125 0.48125 0.48125 0.48703 0.48726 0.49230 0.48583 0.47838 0.57084 0.48439
0.46404 0.49920 0.53039 0.49920 0.49920 0.49920 0.49140 0.49224 0.48187 0.48187 0.48164 0.48164 0.47959 0.47959 0.50183 0.52216 0.57840 0.57840 0.48975 0.49017 0.49017 0.49017 0.48636 0.48275 0.48275 0.44972 0.44972 0.44972 0.45930 0.48598 0.48725 0.48725 0.49191 0.49191 0.49191 0.49026 0.48725 0.48725 0.48725 0.48725 0.48093 0.47098 0.47098 0.47098 0.44161 0.48584 0.48135 0.48584 0.47098 0.46743 0.48557 0.48730 0.48730 0.48749 0.48730 0.48730 0.48730 0.48639 0.48866 0.48866 0.48866 0.48267 0.49362 0.49362 0.49362 0.48468 0.48468
0.46405 0.50316 0.53040 0.49921 0.49921 0.49921 0.49921 0.50405 0.48188 0.48188 0.48165 0.48165 0.48188 0.48188 0.50209 0.51801 0.54419 0.57842 0.51610 0.48599 0.49018 0.49018 0.49018 0.45931 0.45931 0.44973 0.44973 0.44976 0.44973 0.48726 0.48726 0.49192 0.49192 0.48726 0.49027 0.49027 0.48726 0.48726 0.48726 0.49192 0.48637 0.47099 0.48439 0.47787 0.44162 0.44162 0.46744 0.48439 0.48586 0.46744 0.48731 0.48731 0.48731 0.48731 0.48641 0.48731 0.48731 0.48285 0.48285 0.48867 0.49383 0.48850 0.48850 0.53571 0.49363 0.48711 0.53942
0.46406 0.46406 0.53042 0.49922 0.49922 0.49922 0.49922 0.49922 0.50301 0.48189 0.47961 0.50185 0.49812 0.47961 0.51519 0.51519 0.54421 0.57844 0.52204 0.52392 0.48970 0.48970 0.48970 0.49019 0.45932 0.45932 0.44973 0.44973 0.44973 0.48727 0.49028 0.49194 0.49194 0.49028 0.49028 0.48727 0.49032 0.45059 0.48727 0.49194 0.48638 0.48137 0.47788 0.47788 0.45135 0.45135 0.45135 0.46744 0.48137 0.48638 0.48732 0.48732 0.48672 0.48732 0.48642 0.48512 0.48642 0.48286 0.48286 0.48868 0.49384 0.49364 0.48851 0.48851 0.48851 0.48851 0.57270
0.46406 0.46406 0.49924 0.49924 0.49924 0.49923 0.49923 0.49923 0.49813 0.48978 0.49813 0.50186 0.49813 0.47962 0.47962 0.51804 0.52535 0.57846 0.51374 0.49028 0.49021 0.48971 0.48971 0.49021 0.45932 0.44974 0.44974 0.45932 0.44974 0.45059 0.45059 0.45059 0.46022 0.48396 0.47825 0.48446 0.48446 0.47825 0.48396 0.49094 0.48535 0.47713 0.47049 0.45136 0.48138 0.48138 0.48138 0.44163 0.48138 0.48138 0.48330 0.48330 0.48330 0.48330 0.46912 0.44329 0.44329 0.48287 0.48287 0.48287 0.48733 0.48892 0.48892 0.49284 0.48892 0.48270 0.48270
0.49925 0.49925 0.46407 0.46407 0.49925 0.49925 0.49925 0.49925 0.49814 0.49814 0.46497 0.50253 0.52155 0.52155 0.48192 0.48099 0.57847 0.57847 0.48979 0.49022 0.49022 0.49022 0.49022 0.49022 0.48640 0.48640 0.48640 0.45933 0.48640 0.48768 0.53202 0.53202 0.49109 0.46022 0.49754 0.48447 0.48447 0.45706 0.48768 0.49095 0.47049 0.44163 0.44163 0.46746 0.48139 0.48536 0.44163 0.44163 0.44163 0.44163 0.44330 0.44330 0.44330 0.45267 0.46926 0.44330 0.44330 0.48288 0.48288 0.48288 0.48734 0.48893 0.48893 0.53687 0.53012 0.53012 0.48271
