test/test_data/tcaap/monthly_mean_over_all_Jul__actual_et__2015-01-01_to_2019-12-31__180_by_260__inches.asc
NCOLS        180
NROWS        260
XLLCORNER     476375.000
YLLCORNER    4970875.000
CELLSIZE        100.000
NODATA_VALUE -9999.
[rows 32 to 63 of 260, columns 71 to 141 of 180]
4.3433 4.3433 4.3214 4.3433 4.3433 3.5386 4.0334 4.0793 4.7387 4.2605 4.2833 4.2833 4.2833 4.2833 4.2833 4.2833 4.2833 4.2833 4.2215 4.3149 4.1947 4.2210 4.5438 4.5926 4.4424 4.4486 4.6211 4.6156 4.4486 4.6156 4.6156 4.1160 4.2921 4.3235 4.3235 4.3235 4.3235 4.3235 4.6143 4.2783 4.6143 4.6143 6.1107 6.1107 6.1107 6.1107 4.5090 4.2394 4.7190 4.3098 4.3098 4.3098 6.1051 6.1051 6.1051 6.1051 6.1051 6.1051 6.1051 6.1051 6.1051 4.3874 4.4458 4.4679 4.3573 4.3880 5.0042 5.0042 4.3573 4.2782 4.4205
4.3433 4.3433 4.3433 4.3433 4.3433 3.5297 3.5386 3.1824 3.1910 3.4027 3.2618 4.2833 4.2833 4.0577 4.0577 4.1455 4.2833 4.2833 4.6995 4.5669 4.5669 4.3882 4.5746 4.4303 4.4382 4.4325 4.5977 4.4484 4.4486 4.6156 4.6156 4.5304 4.4925 4.5561 4.2225 4.2225 4.1160 4.5962 4.5962 4.6143 4.6143 4.6143 6.1107 6.1107 6.1107 6.1107 4.5090 4.7534 4.3246 4.3098 4.3098 4.3098 6.1051 6.1051 6.1051 6.1051 6.1051 6.1051 6.1051 6.1051 6.1051 4.4636 4.4458 4.4679 4.4679 4.3946 4.3573 4.3573 4.2859 4.3573 4.3435
4.2447 4.3433 4.3433 4.3433 4.3269 3.1910 3.5495 3.1826 3.4027 3.4027 3.4541 3.2618 4.0577 4.0577 4.0577 4.4461 4.4461 4.2833 4.2057 4.5669 4.3991 4.4208 4.4015 4.4182 4.4325 4.4325 4.4325 4.4325 4.6156 4.6156 4.6156 4.5179 4.3464 4.3914 4.3914 4.3914 4.3914 4.5962 4.5962 4.6143 4.6143 4.6143 6.1107 6.1107 6.1107 6.1107 6.1107 4.5089 4.2394 4.2394 4.2394 4.3098 6.1051 6.1051 6.1051 6.1051 6.1051 6.1051 6.1051 6.1051 6.1051 6.1051 4.5340 4.4679 4.4679 4.2809 4.2809 4.3573 4.3573 4.3573 4.2782
4.1913 4.3747 4.3433 4.3433 4.0251 5.0802 4.4877 4.9966 5.0802 5.0802 3.2561 4.2704 4.3264 4.3600 4.2833 4.2833 4.2833 4.2833 4.0749 4.3991 4.3591 4.4211 4.4027 4.4325 4.4325 4.4325 4.4325 4.4486 4.4486 4.4486 4.1644 4.1851 4.1851 4.3914 4.3914 4.3914 4.3914 4.3914 4.6143 4.6325 4.6143 6.0869 6.1107 6.1107 6.1107 6.1107 6.1107 4.5089 4.5089 4.3098 4.3098 4.4176 6.1051 6.1051 6.1051 6.1051 6.1051 6.1051 6.1051 6.1051 6.1051 6.1051 4.5942 4.4498 4.4679 4.3573 4.2809 4.1522 4.1485 4.2809 4.3573
4.2809 4.3596 4.3747 4.3747 5.1059 5.1059 5.0464 5.1059 5.1059 5.1059 4.8118 4.7046 4.6883 4.2977 4.3765 4.2833 4.2833 3.2618 4.3991 4.3138 4.3310 4.3993 4.4129 4.4327 4.4325 4.4325 4.4325 4.4486 4.4325 4.3775 4.1644 4.2181 4.2181 4.3914 4.3914 4.3914 4.3914 4.6143 4.6143 4.6143 4.6143 4.8157 6.1108 6.1108 6.1108 6.1108 6.1108 4.5089 4.0717 4.3098 4.4176 4.4176 4.4458 4.3874 6.1051 6.1051 6.1051 6.1051 6.1051 6.1051 6.1051 6.1051 6.1051 4.4969 4.4969 4.2809 4.3890 4.1590 4.1560 4.1538 4.3081
4.3747 4.0740 4.0996 3.1845 3.1831 3.1902 5.0464 5.2428 4.9783 4.3650 4.3992 4.3992 4.3992 4.3299 4.4371 4.3203 4.3203 4.3203 4.3409 4.3720 4.3879 4.4510 4.4630 4.4879 4.4890 3.6874 4.4325 4.4325 4.4325 4.3077 4.4400 4.2181 4.2181 4.3914 4.3914 4.3914 4.6143 4.6143 4.6143 4.6143 4.6143 4.6143 4.3523 6.1108 6.1108 6.1108 6.1108 4.4278 4.1405 4.4176 4.4176 4.4176 4.4458 4.4458 4.6452 4.6161 4.6793 6.1051 6.1051 6.1051 6.1051 6.1051 6.1051 4.4679 4.4969 4.3890 4.3890 4.1810 4.2809 4.3890 4.3573
4.3747 4.0489 3.5548 3.1831 3.1838 3.1902 5.0464 4.9783 4.9783 4.3650 4.3992 4.3992 4.3992 4.3992 4.3992 4.3491 4.3203 4.3203 4.3757 4.4812 4.4253 4.4394 4.4510 4.4833 4.4870 4.4865 4.4885 4.5038 4.3637 4.3637 4.3637 4.2966 4.2966 4.1487 4.5197 4.5197 4.7578 4.7578 4.6143 4.6143 4.6143 4.6304 4.2752 4.3523 6.1108 6.1108 4.4278 4.4278 4.1405 4.4176 4.4176 4.4176 4.4458 4.4458 4.4458 4.7476 4.7269 4.7269 6.1051 6.1051 6.1051 4.3874 4.4679 4.4679 4.4679 4.3890 4.2809 4.2809 4.2809 4.3890 4.3890
4.6086 3.5538 3.5430 3.5430 3.5430 3.1902 5.0464 4.9783 4.9783 4.2844 4.3203 4.3203 4.3203 4.3203 4.3491 4.3203 4.3203 4.3203 4.1046 4.3383 4.4129 4.4266 4.4380 4.4727 4.4807 4.4776 4.4659 4.4463 4.3637 4.3637 4.3637 4.2966 4.2966 4.6759 4.5197 4.5197 4.5197 4.7578 4.7578 4.7578 4.7578 4.7780 4.7780 4.5719 4.5719 4.5042 4.5042 4.5042 4.2112 4.3523 4.4176 4.4176 4.4458 4.4458 4.4458 4.3714 4.4458 4.4287 6.1051 6.1051 4.4287 4.3488 4.4679 4.4679 4.4679 4.3890 4.3573 4.2810 4.2810 4.3890 4.3890
4.7269 3.5581 4.1371 4.1371 4.1371 3.5430 5.1059 4.9338 4.9338 4.3163 3.2776 4.0625 4.3491 4.3203 4.3203 4.3203 4.3203 4.3203 3.6287 4.3189 4.4017 4.4150 4.4260 4.4332 4.4365 4.4362 4.4323 4.4188 4.3637 4.3637 4.3637 4.2966 4.2966 4.6759 4.5197 4.5197 4.5197 4.7264 4.7450 4.5699 4.7578 4.7780 4.7780 4.5719 4.5719 4.7635 4.5042 4.5042 4.2717 4.3524 4.4723 4.4723 4.4343 4.4343 4.4343 4.3588 4.3588 4.4343 4.4343 4.4343 4.4343 4.4273 4.3456 4.4679 4.4679 4.4679 4.3573 4.3573 4.2810 4.2810 4.2810
4.3596 4.2844 4.3747 4.7270 4.7270 4.7270 4.6709 5.0007 6.1354 6.1354 4.1202 3.2715 3.6287 4.3203 4.3203 4.3203 4.3203 4.3203 4.3203 4.3063 4.3930 4.4067 4.4168 4.4230 4.4255 4.4248 4.4215 4.3976 4.3765 4.3637 4.3637 4.2966 4.2966 4.6759 4.5197 4.5197 4.5197 4.3052 4.3081 4.3048 4.3014 4.7647 4.7780 4.7780 4.7780 4.7780 4.5042 4.5042 4.5042 4.3524 4.4723 4.4723 4.4343 4.4343 4.4343 4.3588 4.3588 4.3588 4.3588 4.4343 4.4343 4.4343 4.2713 4.2937 4.2937 4.4136 4.2937 4.2937 4.2937 4.2937 4.2937
4.3596 4.3747 4.3747 4.7270 4.7270 4.7270 5.0007 5.0007 5.0464 4.0705 4.3491 4.3203 4.0981 4.0906 4.0940 4.3203 4.3203 4.3203 4.3203 3.6287 4.3038 4.4026 4.4118 4.4167 4.4180 4.4167 4.4140 4.3774 4.3692 4.3704 4.3756 4.5004 4.2023 4.5197 4.5197 4.5197 4.5197 4.3047 3.6107 3.6088 4.3014 4.7780 4.7780 4.7780 4.7780 4.7780 4.5042 4.5042 4.5042 4.9400 4.4408 4.4723 4.4343 4.4343 4.4343 4.3588 4.4343 4.3588 4.4343 4.4343 4.4343 4.4343 4.4065 4.2937 4.2937 4.4136 4.4136 4.4136 4.4136 4.3427 4.4136
4.3747 4.3747 4.3747 4.3747 4.3747 4.6086 6.1355 5.0464 5.0464 4.3491 4.3491 4.3491 4.3137 4.0940 4.3203 4.3203 4.3203 4.3203 4.3203 4.3203 4.1676 4.5168 4.5377 4.5472 4.4160 4.4144 4.4123 4.3740 4.3743 4.3878 4.4018 4.4575 4.4772 4.4982 4.5197 4.5197 4.5248 3.6126 3.6113 3.6092 3.6075 4.7780 4.7647 4.7780 4.7780 4.7780 4.5719 4.5042 4.5042 5.0966 4.8313 4.4723 4.4343 4.4343 4.4343 4.4343 4.4343 4.4343 4.4343 4.4343 4.4343 4.4343 4.4065 4.2861 4.2937 4.2937 4.2937 4.4136 4.2937 4.2888 4.4136
4.3175 6.1355 6.1355 6.1355 4.3747 4.3596 6.1355 6.1355 4.7736 4.3491 4.3491 4.3491 4.3491 4.3203 4.3992 4.3203 4.3203 4.3203 4.3203 4.3992 4.3476 4.4089 4.4175 4.5604 4.4215 4.4200 4.4188 4.4195 4.4223 4.4275 4.4862 4.4956 4.5057 4.5203 4.5263 4.5279 4.5294 3.6126 3.6117 3.6106 3.6081 4.7780 4.7780 4.7780 4.7780 4.7780 4.7780 4.4065 4.5042 5.0966 5.4662 4.7034 4.4343 4.4343 4.4343 4.4343 4.4343 4.4343 4.3142 4.4343 4.4343 4.4343 4.4136 4.2713 4.2456 4.2937 4.2937 4.2937 4.2937 4.2888 4.4089
6.1355 6.1355 6.1355 4.3175 4.3175 6.1355 6.1355 5.0464 4.7736 4.3491 4.3491 4.4094 6.1213 4.3491 4.3203 4.3203 4.3203 4.3203 4.3203 4.3992 4.4495 4.4611 4.4292 4.5872 4.4352 4.4348 4.4347 4.4367 4.4408 4.4468 4.5044 4.5126 4.5210 4.5451 4.5454 4.5429 4.5405 3.6123 3.6118 3.6109 3.6093 4.7780 4.7780 4.7780 4.7780 4.7780 4.7780 4.3580 3.4593 4.5670 5.4662 4.7363 4.6321 4.4273 4.4343 4.3730 4.4343 4.4297 4.3093 4.3142 4.4343 4.4343 4.4136 4.2937 4.2713 4.2937 4.2937 4.2937 4.2937 4.4136 4.4136
6.1284 6.1284 6.1284 6.1284 6.1284 5.0663 5.0663 4.7312 4.7736 4.3491 4.3992 4.3992 6.1213 6.1213 4.3491 4.3491 4.4094 4.3203 4.3203 4.3992 4.4495 4.7220 3.6900 4.4522 4.4550 4.4560 4.4571 4.4598 4.4642 4.4697 4.5249 4.5594 4.5699 4.5623 4.5611 4.5438 4.5429 3.6119 3.6117 3.6111 4.3076 4.7780 4.7780 4.7780 4.7780 4.7780 4.7780 4.3580 4.3580 4.5670 5.4662 4.8679 4.8679 5.0231 5.4306 5.4306 6.0827 5.4306 4.9530 4.4343 4.4343 4.4343 5.1134 4.2937 4.2456 4.2456 4.2937 4.2937 4.2861 4.2937 4.2937
6.1284 6.1284 6.1284 6.1284 6.1284 5.0663 4.7625 4.9200 4.9200 4.4399 4.3973 5.0070 6.1135 6.1135 4.3195 4.3195 4.3195 4.3195 4.3195 4.3973 4.5409 4.5409 4.5409 3.6930 4.4767 4.4786 4.4801 4.4824 4.4856 4.4889 4.5434 4.5699 4.5699 4.5699 4.5677 4.5501 3.6109 3.6114 3.6116 3.6112 4.3071 4.7780 4.7780 4.7780 4.5719 4.5719 3.6699 4.3580 4.3580 4.4065 4.5042 3.4133 4.8798 3.4133 5.4306 6.0828 6.0828 5.4306 4.5186 4.6096 4.3730 4.7980 4.7751 4.9134 4.2713 4.2456 4.2456 4.2456 6.0834 4.2937 4.2510
4.5516 4.5109 6.1284 6.1284 6.1284 4.8134 4.9200 4.3002 4.6598 5.0070 5.0070 5.0070 6.1135 6.1135 4.3195 4.3195 4.3195 4.3195 4.3195 4.1750 4.5604 4.5489 4.5596 4.7261 3.6710 4.5135 4.5149 4.5165 4.5181 4.5197 4.5372 4.7341 4.7579 4.7579 4.7579 4.5676 3.6084 3.6110 3.6114 3.6113 3.6104 4.5635 6.0850 6.0850 6.0850 4.4065 4.3580 4.3580 4.3580 4.3580 3.4592 4.2659 4.2659 4.2659 3.2755 6.0828 6.0828 4.5186 4.4391 4.2945 5.1816 4.9527 4.9526 6.0834 4.3548 4.3548 4.2456 4.2937 4.2937 4.2937 3.2782
4.5516 4.5516 6.1284 6.1284 6.1284 4.8134 4.2466 4.6598 4.6598 5.0070 5.0070 5.0070 6.1135 6.1135 4.3195 4.3973 4.3973 4.3195 4.3195 4.1750 4.5433 4.5610 4.7450 4.5696 4.5199 3.6679 4.5293 4.5295 4.5297 4.5299 4.5454 4.7353 4.7345 4.2966 4.2966 3.5980 3.5990 3.6014 3.6020 3.6021 3.6014 4.5283 6.0596 6.0596 4.5720 4.7781 4.3580 4.3626 4.3580 4.3580 3.3078 4.1414 4.6281 3.2868 3.2530 3.3017 3.4133 3.4133 3.2868 4.1275 3.2868 3.2868 5.4458 4.4494 4.4136 4.4136 4.4136 4.4136 4.4136 4.2937 3.2782
4.4251 4.3651 4.3490 6.1284 6.1284 6.1284 4.2466 4.7492 4.2722 4.4399 5.0070 5.5520 6.1135 6.1135 6.1135 4.3973 4.3973 4.3195 4.3195 4.2707 3.6757 4.5581 4.5676 4.5923 4.5517 3.6714 4.5305 4.5390 4.5379 4.5367 4.5507 4.5506 4.5493 4.2966 4.2966 3.5981 3.5990 3.6000 3.6064 3.2226 3.6766 4.5067 4.5504 4.3426 4.3426 4.7415 4.3426 4.3426 4.3426 4.3426 3.2733 3.2626 3.2626 4.2791 4.0318 3.2939 3.3268 3.2944 3.2614 4.2789 3.2614 3.2782 4.2510 4.4136 4.4136 4.3427 4.2937 4.4136 4.2937 4.2510 4.3961
4.1035 4.3651 4.3651 4.2732 6.1285 6.1285 6.1285 4.6416 4.2466 4.7790 4.3279 5.0127 6.1135 6.1135 6.1135 6.1135 5.0070 4.3195 4.3195 4.2707 4.2707 3.6714 4.5763 4.7650 4.6284 4.8083 4.2707 4.3485 4.5424 4.5338 4.5490 4.7638 3.5981 4.8408 4.8408 4.8119 4.7445 4.5357 4.7134 4.1988 3.2913 4.7323 4.8509 4.8509 4.8509 4.3426 4.8509 4.5504 4.7652 4.8509 4.8229 4.8145 4.8145 4.8145 4.7735 4.5220 3.6841 4.6146 4.6967 4.2387 4.2839 4.7426 4.2839 4.4048 4.4048 3.2342 4.3310 4.2510 4.2510 4.2510 3.2782
4.3651 4.3651 4.2562 6.1285 4.2447 4.1838 6.1285 4.8162 4.7313 4.3279 4.2805 5.0127 5.0127 5.3181 6.1136 6.1136 6.1136 4.3195 4.1750 4.2707 4.2707 4.2707 4.2707 6.1032 6.1032 6.1032 4.7997 3.2978 4.3549 3.6662 4.2966 4.5490 4.5490 4.8408 4.8119 4.8119 4.7638 4.8408 4.8119 4.8119 4.3638 4.4288 4.8509 4.8509 4.8509 4.8509 4.8509 4.7652 4.7652 4.8509 4.8230 4.8145 4.8382 4.8382 5.0377 5.4368 5.4368 4.6367 5.2155 4.8778 4.8778 4.8255 4.6987 6.0771 6.0771 3.6069 4.3310 4.2236 4.2839 4.2839 4.2715
4.7102 4.3651 4.2722 4.3090 4.3090 6.1285 6.1285 6.1285 4.9264 4.3279 4.3279 5.3443 4.8353 4.8353 6.1136 6.1136 6.1136 4.0941 4.1750 4.2707 4.2707 4.2707 6.1032 6.1032 6.1032 6.1032 6.1032 4.3549 3.2980 4.5576 3.5981 3.5981 4.5720 4.8119 4.8119 4.7969 4.7638 4.8408 4.8119 4.8119 4.3638 4.8230 4.8509 4.8509 6.0596 4.8509 4.8509 4.7808 4.7652 4.8509 4.8230 4.8145 4.8382 4.8382 5.4368 5.4368 5.4368 5.4368 5.4368 5.4368 4.8778 4.8255 6.0771 6.0771 6.0771 6.0771 3.2342 4.3310 4.2839 4.2839 4.3084
4.2732 4.2732 4.3651 4.3651 6.1285 6.1285 6.1285 4.7313 4.3352 4.2960 4.8208 5.3776 5.0127 4.4076 4.4076 6.1136 4.7945 4.1750 4.1750 4.2707 4.2707 4.2707 6.1032 6.1032 6.1032 6.1032 6.1032 6.1032 4.7998 4.2707 4.5490 3.5981 3.5976 4.8408 4.8408 4.7638 4.7638 4.8408 4.8408 4.8119 4.8230 4.8230 4.8230 4.8230 4.7586 6.0596 4.7652 4.7652 4.7652 4.8509 4.8230 4.8145 4.8382 4.8382 5.4368 5.4368 5.4368 5.4368 5.4368 5.4368 4.8299 6.0771 6.0771 6.0771 6.0771 6.0771 3.6069 3.6069 4.4049 4.4049 4.2839
4.2732 4.3651 4.3651 4.3651 6.1285 6.1285 6.1285 4.8064 4.2805 4.2960 4.3507 5.3776 4.3541 4.4083 4.4399 5.3776 4.9280 4.1750 4.1750 4.2707 4.2707 4.2707 6.1032 6.1032 6.1032 6.1032 6.1032 6.1032 4.7560 4.7998 4.3034 4.5490 4.5490 4.8408 4.8408 4.7638 4.7638 4.8408 4.8408 4.8119 4.8230 4.8230 4.8230 4.8230 4.8509 6.0596 4.7652 4.8509 4.8509 4.8230 4.8230 4.8382 4.8382 4.5204 4.7420 5.4368 5.4368 5.4368 5.4368 5.4368 5.4765 6.0771 6.0771 6.0771 6.0771 6.0771 6.0771 6.0771 4.3521 4.2839 4.2839
4.6897 4.3436 4.3651 4.3651 6.1285 6.1285 6.1285 6.1285 4.8533 4.2960 4.3507 4.3507 4.3916 4.4399 4.4399 4.7815 4.2952 4.1750 4.1750 4.2707 4.2707 4.2707 6.1032 6.1032 6.1032 6.1032 6.1032 6.1032 6.1032 4.7445 3.6000 4.5358 4.5490 4.8408 4.7638 4.7638 4.8408 4.8408 4.8408 4.8119 4.8230 4.8230 4.7652 4.8230 4.8230 4.8509 6.0597 6.0597 4.7652 5.0398 4.8145 4.8382 4.8382 4.5204 4.8382 4.8145 4.8781 5.0131 5.4368 5.4368 4.4935 6.0771 6.0771 6.0771 6.0771 6.0771 6.0771 6.0771 6.0771 4.3343 4.2102
4.6300 4.3241 4.3436 4.3436 6.1132 6.1132 6.1132 6.1132 6.1081 6.1081 4.2132 4.2882 4.3820 4.3950 4.4084 4.4178 4.2279 4.1750 4.1750 4.2707 4.2707 4.2707 6.1032 6.1032 6.1032 6.1032 6.1032 6.1032 6.1032 5.2018 4.7445 3.6000 4.8394 4.8408 4.7638 4.7638 4.7638 4.7638 4.7638 4.8119 4.8230 4.8230 4.7652 4.8230 4.8230 4.8556 4.8838 6.0597 4.7652 4.8230 4.8145 4.8145 4.8145 4.8382 4.8382 4.8145 4.8145 4.7827 4.4935 4.4935 4.4935 4.4549 6.0771 6.0771 4.6321 6.0771 6.0771 6.0771 6.0771 6.0771 4.2483
4.5256 4.5256 4.2470 4.3241 4.3241 6.1132 6.1132 6.1132 6.1081 6.1081 6.1081 4.3323 4.4861 4.5537 4.2206 3.2392 3.2817 4.1649 4.1649 4.1250 4.1250 4.1250 4.1250 6.0969 6.0969 6.0969 6.1033 6.1033 6.1033 6.0745 6.0745 3.5981 3.5981 4.8408 4.7638 4.7638 4.7638 4.7638 4.7638 4.8119 4.8230 4.8230 4.8230 4.8230 4.8230 4.8230 5.0872 4.8838 4.8838 4.8510 4.8146 4.8146 4.8146 4.8146 4.8382 4.8146 4.8146 4.7849 4.4935 4.4935 4.4935 4.6490 4.6490 4.6490 4.6490 6.0771 6.0771 6.0771 6.0771 6.0771 4.2764
4.6897 4.5127 4.6050 4.3241 4.0550 4.2867 6.1132 6.1132 6.1081 6.1081 4.8192 4.2882 4.4103 4.5406 4.4444 4.2615 4.5126 4.1649 4.1649 4.1250 4.1250 4.1250 4.1250 4.1182 6.0969 6.0969 6.0969 6.0969 6.0969 6.0783 4.6929 4.4956 3.5396 4.7829 4.6929 4.6929 4.7829 4.7445 4.8119 4.8408 4.8510 4.8510 4.8510 4.8230 4.8230 4.8839 4.3284 4.3284 4.7415 4.8510 4.8382 4.8146 4.8146 4.8382 4.8146 4.8146 4.8146 4.8146 4.8200 4.8200 4.7104 4.6490 4.6490 4.6490 4.6490 6.0771 6.0771 6.0771 6.0771 6.0771 4.4595
4.6897 4.6050 4.6050 4.2867 4.2796 4.3437 6.1132 6.1132 6.1081 6.1081 4.8193 4.2206 4.2757 4.5873 4.4215 4.4374 4.4480 3.5511 3.5611 4.1250 4.1250 4.1250 4.1250 4.1250 4.1182 6.0969 6.0969 6.0969 6.0969 4.8233 4.7829 4.6735 3.1868 4.6929 4.6929 4.7829 4.7829 4.7523 4.7523 4.7523 4.7952 4.8225 4.7359 4.7952 4.2917 4.8275 4.2917 4.2925 4.2932 4.8510 6.0739 4.8146 4.8383 4.8383 4.8146 4.8146 4.8146 4.8146 4.4935 4.7104 4.7104 4.6490 4.6490 4.6490 4.6490 6.0771 6.0771 6.0771 6.0771 6.0771 4.3575
6.1132 4.6627 4.1966 4.1966 4.3437 4.3437 6.1132 6.1132 6.1081 6.1081 6.1081 4.3886 4.2595 4.3749 4.4052 4.4273 4.4414 4.4522 4.4463 4.1250 4.6296 4.6296 4.6296 4.1250 4.1182 4.7927 6.0969 6.0969 6.0969 4.7109 4.7829 4.6735 4.6735 3.5396 4.6929 4.7829 4.7829 4.7523 4.7523 4.7523 4.7952 4.8225 4.8225 4.7952 4.2917 3.6575 3.6575 4.2925 4.7134 4.8225 4.8173 4.8173 4.8173 4.7892 4.7892 4.7892 4.7892 4.7892 4.6946 4.6946 4.6946 4.6490 4.6490 4.6490 4.4989 4.6490 6.0772 6.0771 6.0771 6.0771 4.4049
6.1132 6.1132 6.1132 3.1859 4.3437 4.3437 4.3437 6.1132 6.1082 6.1082 6.1082 4.3473 4.3038 3.5980 3.5869 4.4157 4.4369 4.4438 3.4890 4.1250 4.6296 4.6296 4.6296 4.6296 4.1182 4.1182 4.1182 4.2386 4.2531 4.7109 4.8398 4.6736 4.6736 3.5396 4.4956 4.7829 4.7829 4.7523 4.7927 4.8275 4.9946 4.7952 4.7359 4.7134 4.2932 3.6569 4.2925 4.2928 4.7134 4.7134 4.7058 4.7058 4.7451 4.7892 4.7892 4.7892 4.7892 4.7892 4.8173 4.8173 4.6421 4.6421 4.6421 4.6421 4.4752 4.7144 6.0500 6.0500 6.0500 6.0500 4.3915
6.1132 6.1132 6.1132 4.2794 4.3437 4.3437 6.1132 6.1132 6.1082 6.1082 6.1082 4.2882 3.2484 4.1429 4.1602 4.5711 4.4346 3.5614 3.4890 4.1250 4.1250 4.6297 4.6297 4.6532 4.6532 4.6532 4.6532 4.6532 5.0240 4.6736 4.5216 4.6736 4.1872 3.5396 4.7829 4.7829 4.7829 4.7927 4.7927 4.8275 4.8786 4.5147 4.5147 4.7134 4.7134 4.2932 4.2927 3.6567 3.6567 4.2932 4.2838 4.7058 4.8173 4.7892 4.7892 4.7892 4.7892 4.7892 4.8173 4.8173 4.6767 4.6421 4.6421 4.6421 4.4357 4.7144 6.0500 6.0500 6.0500 4.3741 5.5894
