test/test_data/tcaap/monthly_variance_over_all_May__actual_et__2015-01-01_to_2019-12-31__180_by_260__inches.asc
NCOLS        180
NROWS        260
XLLCORNER     476375.000
YLLCORNER    4970875.000
CELLSIZE        100.000
NODATA_VALUE -9999.
[rows 29 to 57 of 260, columns 0 to 66 of 180]
0.81880 0.81880 0.80871 0.80871 0.67778 0.67778 0.80871 0.80871 0.80868 0.82255 0.67741 0.82255 0.82255 0.83575 0.84778 0.84778 1.2677 1.2677 0.78258 0.79300 0.79300 0.79300 0.79300 0.78861 0.78242 0.78242 0.78242 0.78242 0.78242 0.78793 0.78793 0.78793 0.78793 0.78793 0.79075 0.78793 0.67428 0.78793 0.78793 0.67428 0.69252 0.69252 0.69252 0.81833 0.81833 0.81833 0.80473 0.80473 0.80473 0.69252 0.66895 0.66895 0.66895 0.72907 0.72927 0.66895 0.66895 0.81554 0.79908 0.77011 0.79908 0.83314 0.83210 1.0015 1.0388 1.0388 0.83314
0.81880 0.81880 0.81880 0.81880 0.81880 0.81880 0.68842 0.85055 0.85607 0.84284 0.83654 0.83114 0.84404 0.85607 0.84778 0.84778 1.2677 1.2677 0.78689 0.79300 0.79300 0.79300 0.79300 0.78861 0.78242 0.78242 0.78242 0.66722 0.66722 0.77025 0.77025 0.78793 0.78793 0.78793 0.79075 0.78793 0.78793 0.78793 0.78793 0.78793 0.69252 0.69252 0.81833 0.81833 0.81833 0.81833 0.82370 0.81781 0.83062 0.69252 0.66895 0.66895 0.77933 0.72904 0.72904 0.66895 0.66895 0.79908 0.79908 0.98187 1.0378 0.83314 0.83314 0.83314 0.83129 1.0388 0.83314
0.81880 0.81880 0.78762 0.78762 0.78762 0.81880 0.73848 0.72126 0.84284 0.84284 0.84284 0.81756 0.81756 0.85607 0.85607 0.85607 1.2652 1.2652 0.79982 0.79982 0.79982 0.79982 0.78900 0.78900 0.78900 0.80162 0.76927 0.76927 0.71003 0.77514 0.78526 0.77025 0.71855 0.78793 0.78793 0.79948 0.78793 0.79879 0.79879 0.82986 0.81833 0.81833 0.81833 0.81833 0.81833 0.81833 0.80019 0.81833 0.81833 0.81342 0.79715 0.77933 0.77933 0.72904 0.72904 0.72904 0.66894 0.81291 0.82927 0.81554 1.0580 0.83314 0.83314 0.83314 0.83210 1.0388 0.83314
0.81880 0.81880 0.78762 0.79737 0.79737 0.79222 0.73847 0.67219 0.84284 0.81808 0.68090 0.81756 0.83114 0.84284 0.85607 1.2652 1.2652 1.2652 0.77122 0.78948 0.67350 0.78900 0.78900 0.78900 0.80162 0.80162 0.80162 0.80162 0.67350 0.78101 0.79101 0.78136 0.78136 0.79988 0.98158 0.92914 0.98158 0.98158 0.97193 1.0001 1.0001 0.81833 0.81833 0.81833 0.81833 0.81833 0.80019 0.81833 0.81833 0.81342 0.79715 0.79963 0.79963 0.72904 0.66894 0.79963 0.79963 0.81291 0.82927 0.81554 1.0388 1.0580 0.83314 0.83314 0.83314 0.82539 0.82539
0.81880 0.81880 0.79737 0.79737 0.79737 0.79648 0.75402 0.68841 0.81756 0.82725 0.81756 0.81756 0.84284 0.85607 0.85607 0.84405 1.2652 0.76821 0.84562 0.84562 1.0026 0.79982 0.79982 0.79982 0.80726 0.80162 0.80162 0.80162 0.80726 0.79101 0.79101 0.78136 0.79988 0.98158 1.0440 0.99409 0.99409 0.99409 0.99409 0.98909 1.0390 1.0390 0.97691 0.79619 0.79619 0.68009 0.77774 0.68009 0.78088 0.80019 0.79963 0.79963 0.79963 0.79963 0.79963 0.79963 0.79963 0.81291 0.82927 0.82168 1.0388 1.0388 0.82539 0.79982 0.83129 0.83129 0.80909
0.78762 0.81880 0.79738 0.79738 0.79738 0.78805 0.77931 0.77018 0.73130 0.82272 0.85463 0.85463 0.86815 0.85607 0.85607 1.2652 1.2652 0.76821 0.84562 0.78948 0.79982 0.79982 0.79982 0.79982 0.79982 0.80726 0.80726 0.79982 0.79399 0.78257 1.0127 0.81579 0.81255 1.0440 0.99409 0.99409 1.0440 1.0440 0.98158 0.93817 0.98909 0.98909 0.93817 0.92456 0.70456 1.0086 0.94539 0.68009 0.72309 0.77774 0.77572 0.77572 0.80022 0.80022 0.80022 0.80400 0.80400 0.82888 0.82888 0.82888 0.83497 0.83129 0.83129 0.82539 0.81931 0.81931 0.83314
0.68841 0.82399 0.79738 0.79738 0.79738 0.78805 0.78014 0.79738 0.73130 0.82842 0.85463 0.84929 0.84929 0.85607 0.85607 1.2652 1.2652 0.81317 0.79982 0.79982 0.79982 1.2646 1.2646 0.79982 0.80726 0.79982 0.79982 0.79982 0.79982 0.79988 0.81089 0.81089 0.86335 0.80458 0.81089 0.81089 0.81089 0.81089 0.81089 0.80790 0.79569 0.86745 0.98909 0.98909 0.70456 0.80716 0.93817 0.98909 0.80207 0.80652 0.81120 0.81120 0.80022 0.81228 0.81176 0.81176 0.81176 0.82888 0.82888 1.0518 0.83497 0.82057 0.80006 0.80006 0.80006 0.81618 0.83677
0.72125 0.79222 0.79738 0.79738 0.79738 0.78805 0.80461 0.79706 0.78684 0.84284 0.85607 0.84405 0.84929 0.85607 0.85607 1.2652 1.2652 0.81317 0.79982 0.79982 0.79982 1.2646 1.2646 1.2646 0.80726 0.79982 0.79982 0.79982 0.81089 0.79988 0.81089 0.79940 0.85777 0.80458 0.81089 0.81089 0.81089 0.81089 0.81089 0.80790 0.80790 0.80790 0.80790 0.79569 0.79619 0.80790 0.80790 0.80113 0.96066 0.80790 0.81228 0.81955 0.81955 0.81228 0.81176 0.81176 0.81176 0.82888 0.82888 1.0434 0.83497 0.83677 0.80006 0.81294 0.82927 0.83677 0.83677
0.76982 0.79648 0.81880 0.78762 0.79738 0.78805 0.80461 0.80433 0.80602 0.84163 0.84163 0.85463 0.84405 0.85607 0.85607 1.2652 1.2652 0.85607 0.79982 0.79982 1.2646 1.2646 1.2646 1.2646 0.85948 0.78900 0.79982 0.84613 0.86873 0.80965 0.80458 0.86335 0.85777 0.81089 0.81089 0.80458 0.81089 0.81089 0.81089 0.80790 0.80790 0.80790 0.80790 0.80790 0.79619 0.80790 0.80790 0.80790 0.85466 0.81176 0.81228 0.81955 0.81955 0.81228 0.81228 0.81176 0.81176 0.81570 0.81570 0.82888 0.83677 0.83677 0.83677 0.82927 0.83677 0.83677 0.91707
0.79738 0.79648 0.81880 0.81880 0.81880 0.81880 0.78762 0.83114 0.83114 0.84163 0.83114 0.85463 0.79599 0.81273 0.84929 1.2653 1.2653 1.2653 0.99625 0.79983 1.2646 1.2646 0.79983 0.84613 1.0026 0.84613 0.84613 0.84613 0.87013 0.85777 0.86335 0.85777 0.81089 0.80965 0.81270 0.80740 0.81089 0.81089 0.81089 0.80790 0.80790 0.80790 0.79569 0.79569 0.68008 0.72309 0.79348 0.81797 0.85466 1.0131 1.0156 0.81928 0.81304 0.95125 0.81928 0.81304 0.81928 0.88087 0.88087 0.79036 0.82057 0.83677 0.83497 0.83497 0.81618 0.91707 0.83677
0.79738 0.79738 0.82400 0.81880 0.81880 0.78762 0.78762 0.83114 0.83114 0.68577 0.83114 0.84405 0.79599 0.78638 0.84405 1.2653 1.2653 1.2653 0.98297 0.80517 0.80912 0.79983 0.79983 0.79983 0.69177 0.84613 0.79983 0.79983 0.81089 0.81089 0.85777 0.81089 0.81089 0.80965 0.79940 0.81089 0.81089 0.81089 0.81089 0.80790 0.80790 0.80652 0.80652 0.80652 0.77774 0.79276 0.79378 0.80790 0.80652 0.85710 1.0131 1.0131 0.85710 0.85710 0.79969 0.95030 0.79969 0.93400 0.91631 0.92649 0.79221 0.79221 0.79221 0.81878 0.81618 0.83677 0.83677
0.81428 0.78234 0.78668 0.81925 0.78234 0.78668 0.78668 0.82585 0.83114 0.68577 0.84163 0.84285 0.84929 0.84405 0.84929 1.2653 1.2653 0.81804 0.81575 0.81575 0.81575 0.79983 0.79983 0.79983 0.78948 0.79983 0.79983 0.79983 0.81089 0.81089 0.81089 0.81089 0.81089 0.81575 0.81089 0.81089 0.81089 0.79940 0.79940 0.80790 0.80790 0.80652 0.81453 0.79569 0.79619 0.80790 0.80790 0.80790 0.78283 0.79969 0.85710 0.85710 0.81228 0.81228 0.81228 0.81228 0.81228 0.81120 0.82888 0.82156 0.82927 0.79221 0.77788 0.97250 0.81618 0.83678 0.83678
0.81428 0.81925 0.81925 0.82314 0.78668 0.78668 0.81428 0.81197 0.82585 0.68071 0.83729 0.83729 0.83729 0.83633 0.78501 1.2641 1.2641 0.79347 0.81685 0.81685 0.81575 0.81575 0.81575 0.81575 0.78948 0.79983 0.79983 0.79983 0.79988 0.81089 0.81089 0.81089 0.81089 0.81089 0.81089 0.79988 0.79988 0.80965 0.80965 0.80113 1.0095 0.80834 0.81502 0.79620 0.79620 0.80790 0.80790 0.80790 0.79569 0.79970 0.79970 0.79970 0.81228 0.81228 0.81228 0.81228 0.81228 0.81228 0.82888 0.82888 0.83678 0.83497 0.83023 0.83691 0.97350 0.83691 0.83678
0.81925 0.81925 0.81925 0.81428 0.78668 0.81428 0.81428 0.82585 0.68070 0.68070 0.81033 0.83729 0.83729 0.83729 0.83729 1.2641 1.2641 1.2628 0.81685 0.80691 0.81751 0.80691 0.81685 0.81751 0.80691 0.80167 0.80105 0.79082 0.78376 0.78376 0.79439 0.81089 0.81089 0.81089 0.81089 0.79988 0.79988 0.81089 0.80459 0.80113 0.80652 0.80790 0.80790 0.80790 0.79620 0.80790 0.80790 0.80790 0.80716 0.77572 0.80561 0.81228 0.81228 0.81228 0.81228 0.81228 0.81228 0.81228 0.82888 0.82888 0.83678 0.82039 0.80754 0.82390 0.97250 0.97250 0.97421
0.81925 0.78668 0.81428 0.81428 0.81428 0.81428 0.81428 0.82585 0.81033 0.81033 0.82585 0.83729 0.83729 0.83729 0.83729 1.2641 1.2641 1.2628 0.81751 0.81685 0.80692 0.81751 0.81751 0.80692 0.79082 0.79082 0.80167 0.80167 0.79439 0.78376 0.78376 0.78376 0.79376 0.79439 0.78328 0.78834 0.66184 0.79439 0.79779 0.80330 0.80479 0.80479 0.80479 0.80790 0.79620 0.80790 0.80790 0.80790 0.80716 0.77572 0.79928 0.81228 0.81228 0.81228 0.81120 0.79970 0.81228 0.81228 0.82888 0.83678 0.83678 0.82039 0.80754 0.82390 0.82390 0.81618 0.81618
0.81925 0.81925 0.78234 0.81428 0.81428 0.81428 0.82831 0.82585 0.81033 0.81033 0.82585 0.83729 0.83729 0.83729 0.83729 1.2641 1.2641 1.2628 0.81751 0.81751 0.81751 0.81751 0.81751 0.80692 0.80167 0.80167 0.80167 0.80167 0.79439 0.78376 0.78376 0.79376 0.77959 0.78834 0.78328 0.78834 0.79439 0.79439 0.80330 0.80479 0.80479 0.80479 0.80479 0.80330 0.66934 0.80479 0.80479 0.80479 0.80399 0.78562 0.80519 0.80519 0.80519 0.80519 0.79233 1.2556 1.2556 0.79970 0.81571 0.83678 0.83678 0.81393 0.81957 0.82390 0.83678 0.81618 0.82927
0.81428 0.81428 0.81428 0.81428 0.81925 0.81428 0.84087 0.83872 0.68070 0.68070 0.81033 0.83729 0.83729 0.83729 0.83103 1.2641 1.2641 1.2628 0.81751 0.81751 0.81751 0.81751 0.81751 0.80692 0.81751 0.79550 0.79550 0.80167 0.78376 0.78376 0.78376 0.77105 0.77105 0.78328 0.79439 0.79439 0.79439 0.79439 0.80479 0.80479 0.80479 0.80479 0.80479 0.80330 0.71439 0.79874 0.80479 0.80479 0.66934 0.79233 0.79233 0.80519 0.79233 0.79233 0.80854 1.2508 1.2508 0.80490 0.81783 0.82724 0.81115 0.81115 0.78283 0.81389 0.82724 0.82724 0.81941
0.81428 0.81428 0.81428 0.81428 0.68429 0.68429 0.79978 0.83872 0.68069 0.68069 0.82585 0.83729 0.83729 0.82585 1.2641 1.2641 1.2641 1.2628 0.81751 0.81751 0.81751 0.81751 0.81751 0.81751 0.80167 0.79550 0.79550 0.79550 0.79439 0.78376 0.70791 0.78834 0.78328 0.79439 0.79439 0.79439 0.79439 0.79439 0.80479 0.80479 0.80479 0.80479 0.79207 0.66934 0.66934 0.79258 0.80479 0.80479 0.77911 0.66973 0.76368 0.76368 0.79233 0.80854 0.80854 0.79233 0.79233 0.81893 0.82031 0.82724 0.81115 0.81025 0.77560 0.78803 0.82724 0.82724 0.81337
0.79067 0.81428 0.81428 0.81428 0.68429 0.68429 0.78637 0.83872 0.68069 0.68069 0.82585 0.83729 0.83729 1.2641 1.2641 1.2641 1.2641 1.2628 0.85970 0.81751 0.81751 0.81751 0.81751 0.81751 0.80167 0.79035 0.79550 0.79550 0.79439 0.78376 0.76571 0.79439 0.79439 0.78376 0.78376 0.78376 0.78376 0.78376 0.79258 0.80479 0.80479 0.80479 0.79207 0.66934 0.66934 0.79258 0.80479 0.76473 0.66934 0.79233 0.79233 0.79233 0.79233 0.90300 0.91916 0.80401 0.80401 0.80401 0.82196 0.82725 0.82725 0.81025 0.78283 0.68515 0.81390 0.78803 0.89792
0.79106 0.77060 0.68428 0.81428 0.79929 0.79840 0.78318 0.81033 0.81033 0.81033 0.82585 0.83729 0.83729 1.2641 1.2641 0.99728 1.2641 1.2628 0.81752 0.81752 0.81752 0.81752 0.81752 0.81752 0.80167 0.80167 0.79035 0.79439 0.79439 0.78376 0.79376 0.79439 0.79439 0.78376 0.78376 0.78376 0.78376 0.78376 0.79258 0.80479 0.80479 0.80479 0.79207 0.66933 0.79258 0.79258 0.79258 0.71438 0.72520 0.90300 0.90300 0.91916 0.91916 0.91916 0.91916 0.91916 0.91916 0.91916 0.90948 0.82725 0.82725 0.81025 0.82617 0.72841 0.92159 0.92159 0.91809
0.78275 0.79106 0.71651 0.79929 0.68428 0.82684 0.78318 0.81033 0.81033 0.82585 0.82585 0.83729 0.83729 1.2641 0.99728 0.99728 1.2641 1.2628 0.80646 0.81752 0.81752 0.81752 0.80692 0.81752 0.80167 0.80167 0.80167 0.79439 0.79439 0.66183 0.66183 0.79439 0.79439 0.78376 0.78376 0.78376 0.78376 0.78376 0.79258 0.80479 0.80479 0.79207 0.66933 0.66933 0.79258 0.79258 0.66933 0.80026 0.86295 0.91916 0.91916 0.91916 0.91916 0.91916 0.91916 0.91916 0.91916 0.91916 1.2508 0.82725 0.81219 0.81115 0.91535 0.85885 1.2508 0.92727 0.92727
0.75860 0.78445 0.79148 0.81428 0.81428 0.81428 0.81197 0.80762 0.83103 0.79616 0.83729 0.83729 1.2641 1.2641 0.99728 0.99728 1.2641 0.83448 0.81752 0.81752 0.81752 0.80692 0.80692 0.81752 0.81752 0.80167 0.80167 0.79439 0.79376 0.70790 0.78376 0.79439 0.79439 0.78376 0.78376 0.78376 0.78376 0.78376 0.79258 0.80399 0.79779 1.2575 0.70120 0.80025 0.66933 0.79258 0.80025 0.72520 0.78313 0.91916 0.91916 0.89828 0.91916 0.91916 0.91916 0.91916 0.91916 0.91916 0.90948 0.91319 0.81115 0.81115 0.91319 1.2508 0.90586 0.92727 0.91520
0.75860 0.78372 0.78372 0.80775 0.80775 0.81223 0.80879 0.77775 0.75120 0.81554 0.79705 0.83354 1.2633 0.99728 0.99728 0.99728 1.2641 1.2628 0.84782 0.80692 0.80692 0.80692 0.80692 0.80692 0.80692 0.80105 0.80105 0.79439 0.79439 0.77960 0.78834 0.79439 0.79439 0.78376 0.78376 0.78376 0.78376 0.78376 0.79258 0.80400 1.2575 1.2575 1.2575 1.2575 0.80025 1.0260 1.2575 0.91896 0.91916 0.91916 0.91916 0.91916 0.91916 0.91916 0.91916 0.91916 0.91916 0.91916 0.90948 0.91319 0.91319 1.2508 0.90586 0.91319 0.92159 0.93124 0.93124
0.78076 0.78076 0.76431 0.80775 0.80775 0.80775 0.80879 0.77775 0.77775 0.78625 0.77817 0.83354 1.2633 0.99444 0.99444 0.99444 1.2633 1.2614 0.68070 0.80130 0.80130 0.80130 0.80130 0.80130 0.80130 0.81752 0.80168 0.79440 0.79440 0.77105 0.78834 0.79440 0.79440 0.78376 0.78376 0.78376 0.78376 0.78376 0.79258 1.2575 1.2575 1.2575 1.2575 1.2575 1.2575 1.2575 1.2575 0.91896 0.91916 0.91916 0.91916 0.91916 0.91916 0.91916 0.91916 0.91916 0.91916 0.91916 0.90948 0.91319 0.91319 0.90586 0.91319 0.91319 0.92159 0.93124 0.92727
0.78076 0.78076 0.78404 0.80775 0.81223 0.80775 0.80879 0.80879 0.80879 0.78707 0.77817 0.83354 1.2633 0.99444 0.99444 0.99444 1.2633 1.0000 0.85335 0.81049 0.81049 0.79828 0.80130 0.79828 0.79828 0.81107 0.81107 0.80218 0.78568 0.77107 0.78568 0.78568 0.78568 0.77515 0.77515 0.77515 0.77515 0.78376 0.80400 1.2575 1.2575 1.2575 1.2575 0.72577 1.2575 1.2575 1.0548 1.0548 0.91916 0.89828 0.91916 0.91916 0.91916 0.91916 0.91916 0.91916 0.91916 0.91916 0.90948 0.91319 0.91319 0.90586 0.92281 0.91319 0.91319 0.91319 0.90586
0.72726 0.80818 0.77631 0.67493 0.80775 0.67493 0.77775 0.78219 0.81392 0.79222 0.72596 0.83354 1.2633 1.2633 0.99444 0.99444 1.2614 1.2614 1.2614 0.81049 0.81049 0.80130 0.80130 0.80130 0.80130 0.81107 0.81107 0.79183 0.80218 0.77386 0.78568 0.78568 0.78568 0.77515 0.77515 0.77515 0.77515 0.79212 0.80409 1.2560 1.2560 1.2560 1.2560 1.2560 1.2560 0.91590 0.93839 0.91018 0.91928 0.91916 0.86295 0.79543 0.78312 0.91916 0.91916 0.91916 0.91916 0.91916 0.90948 0.91319 0.91319 0.90586 0.90740 0.85885 0.91319 0.91319 0.91319
0.72726 0.66372 0.77631 0.77631 0.77592 0.80775 0.78219 0.78219 0.77775 0.66776 0.66776 0.82311 1.2633 1.2633 0.99444 0.99444 1.2614 0.97994 0.82302 0.81050 0.81050 0.80130 0.80130 0.80130 0.80130 0.81107 0.81107 0.80218 0.80218 0.77386 0.78568 0.78568 0.78568 0.78568 0.78568 0.79278 0.78568 0.80488 0.80488 1.2560 1.2560 1.2560 1.2560 1.2560 1.2560 0.87970 0.92063 0.91018 0.91928 0.91928 0.86460 0.91928 0.91928 0.91928 0.91928 0.91928 0.91928 0.91928 0.91033 0.91033 0.91033 0.91319 0.91319 0.89250 1.2508 1.2508 0.91319
0.77631 0.71415 0.77631 0.77631 0.78405 0.80775 0.80879 0.77775 0.80879 0.66776 0.76068 0.78707 0.78707 1.2633 0.99445 1.2633 1.2614 1.2614 0.81050 0.81050 0.80130 0.80130 0.80130 0.80130 0.80130 0.81107 0.81107 0.80218 0.80218 0.77387 0.78569 0.78569 0.78569 0.77468 0.78569 0.76251 0.77468 0.79158 0.79158 1.2560 1.2560 1.2560 0.74783 1.2560 1.2560 0.91819 0.91018 0.91018 0.91928 0.86460 0.86460 0.86460 0.86460 0.91928 0.91928 0.91928 0.91928 0.91928 0.91033 0.91874 0.91033 0.91033 0.91033 0.91033 0.91033 1.2486 0.91033
0.77631 0.66371 0.77631 0.77631 0.77631 0.76431 0.76572 0.77775 0.79388 0.74450 0.74450 0.78707 0.78707 1.2633 1.2633 1.2633 1.2614 0.83746 0.81050 0.81050 0.80130 0.80130 0.80130 0.80130 0.80130 0.81107 0.81107 0.80218 0.80218 0.78569 0.78569 0.78569 0.78569 0.78569 0.78569 0.78569 0.78569 0.79761 0.80488 0.80488 0.80488 1.2560 1.2560 1.2560 0.89881 0.91224 0.91041 0.91655 0.91928 0.86460 0.86460 0.86460 0.86460 0.91928 0.89335 1.1183 0.91129 0.91928 0.92845 0.92845 0.91033 0.91033 0.91033 0.91033 0.85572 0.91033 0.90414
