test/test_data/tcaap/monthly_variance_over_all_Nov__actual_et__2015-01-01_to_2019-12-31__180_by_260__inches.asc
NCOLS        180
NROWS        260
XLLCORNER     476375.000
YLLCORNER    4970875.000
CELLSIZE        100.000
NODATA_VALUE -9999.
[rows 58 to 86 of 260, columns 0 to 66 of 180]
0.17551 0.17652 0.17652 0.17652 0.17651 0.17652 0.17600 0.17664 0.17240 0.17161 0.17491 0.17600 0.17600 0.17600 0.20746 0.20746 0.18231 0.17874 0.17874 0.17857 0.17857 0.17857 0.17805 0.17805 0.17805 0.17874 0.17874 0.17878 0.17810 0.17571 0.17589 0.17589 0.17589 0.17589 0.17589 0.17589 0.17589 0.17577 0.17577 0.17577 0.17577 0.20664 0.17559 0.18653 0.18840 0.18962 0.19043 0.19023 0.19001 0.18806 0.18806 0.18806 0.18806 0.19001 0.18989 0.19931 0.19600 0.18962 0.19034 0.18840 0.18957 0.18957 0.18917 0.18917 0.17961 0.18917 0.18792
0.17561 0.17653 0.17653 0.17653 0.17653 0.17653 0.17601 0.17585 0.17241 0.17162 0.17419 0.17538 0.17601 0.17601 0.20747 0.20747 0.18236 0.17875 0.17806 0.17858 0.17858 0.17858 0.17806 0.17806 0.17806 0.17806 0.17275 0.16633 0.16550 0.16550 0.17590 0.17590 0.17590 0.17590 0.17590 0.17590 0.17590 0.17577 0.17577 0.17577 0.17577 0.17419 0.17558 0.18636 0.18815 0.18935 0.19061 0.19040 0.19001 0.19001 0.19001 0.19001 0.19001 0.19001 0.18722 0.18722 0.18722 0.18694 0.19035 0.18495 0.18958 0.18918 0.19601 0.18918 0.18852 0.18793 0.17083
0.17590 0.17653 0.17653 0.17653 0.17653 0.17601 0.17601 0.17586 0.17241 0.17224 0.17444 0.17286 0.17976 0.17600 0.20748 0.20748 0.17875 0.17807 0.17807 0.17858 0.17858 0.17858 0.17807 0.17807 0.17807 0.17807 0.17250 0.17241 0.16551 0.16551 0.17590 0.17590 0.17590 0.17590 0.17590 0.17590 0.17590 0.17578 0.17578 0.17577 0.16739 0.16814 0.18346 0.18637 0.18914 0.19034 0.19045 0.19012 0.18964 0.19002 0.19002 0.19002 0.19002 0.18695 0.18695 0.18623 0.18623 0.18695 0.18763 0.18496 0.18496 0.18997 0.18959 0.18959 0.18918 0.19564 0.17083
0.17396 0.17331 0.17516 0.17516 0.17516 0.17462 0.17462 0.17226 0.17463 0.17163 0.17304 0.17333 0.16742 0.16728 0.16716 0.16717 0.17876 0.17807 0.17807 0.17807 0.17859 0.17859 0.17807 0.17807 0.17807 0.17807 0.17246 0.16610 0.16551 0.17578 0.17591 0.17591 0.17591 0.17578 0.17578 0.17573 0.17573 0.17578 0.17578 0.17578 0.16740 0.16842 0.16941 0.18576 0.20666 0.17646 0.17645 0.18964 0.18964 0.19003 0.19003 0.18696 0.18696 0.18696 0.18696 0.18696 0.18623 0.18696 0.18737 0.18737 0.19036 0.19036 0.19036 0.18959 0.18959 0.19036 0.19036
0.17377 0.17325 0.17517 0.17663 0.17663 0.17679 0.17679 0.17463 0.17662 0.17463 0.17416 0.17511 0.16873 0.16836 0.20768 0.20768 0.17868 0.17868 0.17868 0.17808 0.17808 0.17808 0.17808 0.17808 0.17808 0.17808 0.16634 0.16551 0.17578 0.17578 0.17578 0.17578 0.17578 0.17578 0.17578 0.17578 0.17578 0.17579 0.17579 0.16740 0.16740 0.16875 0.16963 0.18883 0.19105 0.18643 0.17645 0.18979 0.19003 0.19003 0.19003 0.18696 0.18696 0.18696 0.18696 0.18696 0.18696 0.18696 0.18738 0.18738 0.18738 0.19037 0.19141 0.18927 0.18960 0.18960 0.18960
0.17299 0.17640 0.17663 0.17663 0.17662 0.17680 0.17680 0.17627 0.17627 0.17680 0.16786 0.16866 0.19339 0.20769 0.20769 0.20769 0.17869 0.17869 0.17869 0.17869 0.17869 0.17869 0.17869 0.17869 0.17869 0.17963 0.17889 0.17888 0.16602 0.17600 0.17600 0.17592 0.17579 0.17592 0.17592 0.17592 0.17579 0.17579 0.17499 0.16758 0.16804 0.16901 0.16952 0.16753 0.19026 0.19026 0.19026 0.18973 0.17898 0.19004 0.19004 0.18606 0.20594 0.20594 0.18697 0.18697 0.18697 0.18697 0.18738 0.18738 0.18738 0.18666 0.18959 0.18959 0.18761 0.18761 0.18761
0.17299 0.17558 0.17664 0.17664 0.17664 0.17680 0.17680 0.17680 0.17680 0.17680 0.16868 0.16850 0.19648 0.20770 0.20770 0.17962 0.17869 0.17869 0.17869 0.17869 0.17869 0.17869 0.17869 0.16624 0.16624 0.17964 0.17890 0.17601 0.16603 0.17600 0.17601 0.17600 0.17601 0.17601 0.17601 0.17601 0.17601 0.17279 0.17289 0.16847 0.16911 0.16968 0.17009 0.18456 0.18644 0.18644 0.18644 0.17899 0.17899 0.19005 0.18966 0.18698 0.18698 0.20594 0.18698 0.18698 0.18698 0.18698 0.18739 0.18739 0.18739 0.18739 0.18762 0.18762 0.18762 0.18787 0.18856
0.17300 0.17664 0.17664 0.17663 0.17663 0.17681 0.17681 0.17863 0.17962 0.17681 0.17624 0.16863 0.20771 0.20771 0.17962 0.17961 0.16624 0.17870 0.17870 0.17948 0.17870 0.17870 0.16624 0.17255 0.17260 0.17965 0.17601 0.17601 0.17601 0.17601 0.17601 0.17601 0.17601 0.17601 0.17601 0.17601 0.17601 0.17287 0.16843 0.16910 0.16966 0.17008 0.18217 0.18437 0.18985 0.18985 0.19013 0.19021 0.17982 0.17982 0.17982 0.18003 0.17982 0.19021 0.19021 0.18698 0.18698 0.18698 0.18740 0.18740 0.17950 0.18962 0.18762 0.18776 0.18780 0.17965 0.18856
0.17519 0.17665 0.17665 0.17665 0.17665 0.17681 0.17681 0.17963 0.17963 0.17681 0.17624 0.16885 0.20772 0.20772 0.17963 0.17965 0.16624 0.16624 0.17871 0.17871 0.17871 0.17871 0.17871 0.17679 0.17242 0.17679 0.17891 0.17891 0.17601 0.17601 0.17602 0.17601 0.17602 0.17602 0.17602 0.17602 0.17614 0.16855 0.16880 0.16920 0.16975 0.17012 0.18450 0.18689 0.19014 0.18980 0.18981 0.19025 0.19027 0.18991 0.19022 0.19031 0.19031 0.19031 0.18867 0.18867 0.18867 0.18867 0.18734 0.19031 0.18853 0.18781 0.18781 0.18781 0.18781 0.18781 0.18943
0.17665 0.17666 0.17666 0.17666 0.17666 0.17682 0.17682 0.17682 0.17963 0.17963 0.17677 0.17477 0.20772 0.20772 0.17963 0.17871 0.17871 0.16625 0.16625 0.17871 0.17871 0.17871 0.17871 0.17654 0.17160 0.17627 0.17891 0.17602 0.17602 0.17224 0.17603 0.17603 0.17603 0.17603 0.17603 0.17603 0.17615 0.17796 0.16901 0.16945 0.16989 0.17023 0.18492 0.18690 0.18968 0.18983 0.18986 0.19035 0.19048 0.19027 0.19027 0.19041 0.19032 0.19032 0.19032 0.19032 0.19032 0.19004 0.19004 0.18854 0.18854 0.18781 0.18781 0.18781 0.18781 0.18781 0.18781
0.17665 0.17666 0.17666 0.17666 0.17666 0.17683 0.17683 0.17683 0.17964 0.17964 0.17825 0.17788 0.20773 0.20773 0.17963 0.17872 0.17872 0.17872 0.16625 0.17872 0.17872 0.17872 0.17872 0.17670 0.16556 0.17628 0.17603 0.17603 0.17564 0.17603 0.17603 0.17603 0.17603 0.17603 0.17603 0.17603 0.20666 0.20666 0.16929 0.16977 0.17006 0.17037 0.17696 0.17713 0.18981 0.18981 0.18994 0.19069 0.19092 0.19068 0.19092 0.19140 0.19145 0.19089 0.19023 0.19023 0.19033 0.19033 0.19033 0.19033 0.19033 0.18945 0.19017 0.18945 0.18782 0.18782 0.18945
0.17666 0.17666 0.17644 0.17667 0.17667 0.17681 0.17683 0.17683 0.17683 0.17913 0.17349 0.17662 0.20774 0.20774 0.17964 0.17872 0.17872 0.17872 0.16626 0.17718 0.17872 0.17872 0.17872 0.17765 0.16603 0.17628 0.17892 0.17603 0.17603 0.17604 0.17604 0.17604 0.17604 0.17604 0.17604 0.20703 0.20667 0.20667 0.18139 0.18143 0.17023 0.17050 0.16784 0.17713 0.18982 0.18982 0.18982 0.19083 0.19113 0.19103 0.19164 0.19184 0.19190 0.19205 0.19024 0.19024 0.19010 0.19033 0.19033 0.19033 0.18946 0.18940 0.19033 0.18946 0.18946 0.17942 0.18783
0.17667 0.17521 0.17667 0.17667 0.17667 0.17679 0.17678 0.17684 0.17684 0.17678 0.17313 0.20775 0.20775 0.20775 0.17965 0.17873 0.17873 0.17873 0.17873 0.17873 0.17718 0.16626 0.17873 0.17873 0.17753 0.17917 0.17604 0.17604 0.17604 0.17604 0.17604 0.17604 0.17604 0.17604 0.17604 0.20704 0.20668 0.20668 0.17877 0.17009 0.17037 0.16784 0.18923 0.19097 0.19097 0.18983 0.18983 0.19089 0.19122 0.19132 0.19119 0.19199 0.20504 0.19359 0.19024 0.19034 0.19034 0.19034 0.19034 0.19034 0.18946 0.20572 0.18946 0.18946 0.18946 0.18783 0.18783
0.17686 0.17668 0.17668 0.17668 0.17668 0.17685 0.17684 0.17684 0.17684 0.17705 0.17268 0.20776 0.20776 0.20776 0.17966 0.17719 0.17725 0.17902 0.17873 0.17952 0.17910 0.18417 0.16457 0.16627 0.16658 0.17681 0.17894 0.17894 0.17605 0.17605 0.17605 0.17605 0.17605 0.17605 0.17605 0.17604 0.17617 0.17617 0.17873 0.18396 0.18551 0.16784 0.18923 0.19039 0.19017 0.19017 0.18983 0.19085 0.19116 0.20504 0.20504 0.19475 0.19497 0.19413 0.18988 0.19035 0.19035 0.19035 0.19035 0.18947 0.18947 0.18942 0.18947 0.18947 0.18947 0.18947 0.18947
0.17687 0.17687 0.17631 0.17687 0.17679 0.17682 0.17682 0.17682 0.17682 0.17682 0.17303 0.20779 0.20779 0.20777 0.17966 0.17719 0.17727 0.17985 0.18059 0.18178 0.18367 0.17428 0.16458 0.16627 0.16679 0.17894 0.17895 0.17606 0.17606 0.17606 0.17606 0.17606 0.17606 0.17606 0.17606 0.17606 0.17618 0.17652 0.17874 0.18431 0.17050 0.17027 0.16785 0.19080 0.19018 0.19018 0.18997 0.19074 0.19099 0.19263 0.19375 0.19483 0.20505 0.20505 0.19026 0.19036 0.19036 0.19036 0.18948 0.18948 0.18948 0.18948 0.18948 0.18948 0.18948 0.18948 0.18948
0.17687 0.17687 0.17632 0.17683 0.17683 0.17683 0.17683 0.17683 0.17683 0.17683 0.17502 0.20780 0.20780 0.20780 0.17966 0.17551 0.17557 0.17979 0.17965 0.18104 0.17642 0.17667 0.16715 0.16715 0.17629 0.17606 0.17606 0.17606 0.17606 0.17606 0.17606 0.17606 0.17606 0.17606 0.17606 0.17606 0.17618 0.17669 0.17894 0.18509 0.17687 0.17042 0.19025 0.18985 0.18985 0.18985 0.19031 0.19059 0.19076 0.19134 0.19137 0.19165 0.20506 0.20506 0.19114 0.19036 0.19036 0.18857 0.18785 0.18948 0.18948 0.18948 0.18948 0.18948 0.18948 0.18948 0.18948
0.17688 0.17688 0.17632 0.17688 0.17683 0.17683 0.17683 0.17683 0.17683 0.17683 0.17469 0.20781 0.20781 0.20781 0.17967 0.17993 0.17556 0.17954 0.18045 0.17608 0.17618 0.17552 0.17993 0.16911 0.17551 0.17942 0.17942 0.17657 0.17657 0.17657 0.17657 0.17657 0.17657 0.17657 0.17657 0.17657 0.17681 0.17619 0.17987 0.18560 0.17694 0.18681 0.18995 0.18985 0.18985 0.18986 0.19028 0.19046 0.19056 0.19101 0.19127 0.19146 0.20507 0.19146 0.19082 0.19042 0.19037 0.18858 0.17945 0.18949 0.18949 0.18949 0.18949 0.18949 0.18949 0.18949 0.18949
0.17689 0.17689 0.17633 0.17689 0.17684 0.17684 0.17684 0.17684 0.17684 0.17684 0.17684 0.17684 0.20782 0.20782 0.17968 0.17994 0.17980 0.18062 0.18167 0.18186 0.18230 0.17994 0.17994 0.16911 0.19130 0.17943 0.17943 0.17658 0.17658 0.17657 0.17658 0.17658 0.17658 0.17658 0.17658 0.17658 0.17682 0.17958 0.17711 0.17894 0.17899 0.18737 0.19071 0.19071 0.19071 0.17880 0.17959 0.17957 0.17956 0.19071 0.19086 0.19098 0.20508 0.20508 0.19089 0.19037 0.19038 0.17940 0.17940 0.18944 0.18950 0.18950 0.18787 0.18787 0.18950 0.18950 0.18950
0.17689 0.17689 0.17689 0.17689 0.17684 0.17684 0.17684 0.17684 0.17684 0.17968 0.17634 0.17684 0.20783 0.20783 0.17968 0.17995 0.17889 0.18030 0.18121 0.18177 0.18228 0.17860 0.17994 0.16912 0.18681 0.17943 0.17943 0.17943 0.17658 0.17658 0.17658 0.17658 0.17658 0.17658 0.17658 0.17658 0.18292 0.18436 0.18552 0.17900 0.17895 0.17888 0.17883 0.19072 0.19072 0.17881 0.17959 0.17959 0.17958 0.19031 0.19040 0.19047 0.18986 0.19040 0.19039 0.19011 0.19008 0.18051 0.18051 0.18051 0.18951 0.18951 0.18787 0.18787 0.18951 0.18951 0.18951
0.17690 0.17690 0.17690 0.17690 0.17630 0.17685 0.17685 0.17685 0.17685 0.17969 0.16830 0.17685 0.20784 0.20784 0.17969 0.17995 0.17978 0.17973 0.18074 0.18118 0.18163 0.17860 0.17995 0.16912 0.18682 0.17944 0.17943 0.17943 0.17658 0.17658 0.17659 0.17659 0.17659 0.17659 0.17659 0.19093 0.19072 0.17895 0.18657 0.18704 0.18735 0.17886 0.17882 0.19071 0.19072 0.17881 0.17960 0.17959 0.17959 0.17958 0.17957 0.17956 0.17956 0.17957 0.17959 0.18995 0.18993 0.18051 0.18879 0.18879 0.18997 0.18997 0.18997 0.18997 0.18997 0.18997 0.18997
0.17690 0.17690 0.17690 0.17690 0.17630 0.17686 0.17686 0.17686 0.17686 0.17686 0.17722 0.17686 0.17630 0.20784 0.20797 0.17996 0.17996 0.17890 0.17977 0.17932 0.17961 0.17861 0.17995 0.16913 0.16717 0.17659 0.17944 0.17944 0.17659 0.17660 0.17660 0.17725 0.17659 0.17660 0.19079 0.19107 0.19107 0.18764 0.18839 0.18740 0.18763 0.18802 0.19060 0.19004 0.19068 0.17882 0.17960 0.17960 0.17959 0.17958 0.17957 0.17957 0.17957 0.17958 0.17961 0.18988 0.18971 0.18060 0.18062 0.18879 0.19082 0.18998 0.18998 0.18998 0.18998 0.18998 0.18998
0.17691 0.17691 0.17691 0.17691 0.17686 0.17686 0.17686 0.17669 0.17686 0.17686 0.17313 0.17510 0.17686 0.20785 0.20798 0.19348 0.17997 0.17980 0.17976 0.17904 0.17924 0.17861 0.17996 0.17996 0.16851 0.17660 0.17945 0.17945 0.17660 0.17660 0.17660 0.17837 0.18087 0.18435 0.19056 0.19074 0.19108 0.19017 0.18974 0.19046 0.18785 0.18801 0.19080 0.19073 0.19074 0.19074 0.18947 0.18947 0.18956 0.17959 0.17958 0.17957 0.17957 0.17959 0.17962 0.18991 0.18798 0.18070 0.18069 0.18813 0.19083 0.18999 0.18999 0.18999 0.18998 0.18926 0.18992
0.17692 0.17692 0.17692 0.17692 0.17687 0.17683 0.17683 0.17670 0.17687 0.17687 0.17498 0.17494 0.17687 0.20786 0.20799 0.20799 0.17997 0.17997 0.17975 0.17554 0.17997 0.17997 0.17997 0.17997 0.16851 0.17660 0.17946 0.17946 0.17661 0.17661 0.17661 0.18298 0.18454 0.18667 0.18895 0.19075 0.19108 0.19108 0.19080 0.18790 0.18801 0.18806 0.19086 0.19075 0.19076 0.19075 0.19010 0.19010 0.19010 0.17959 0.17958 0.17958 0.17958 0.17960 0.17963 0.19138 0.18799 0.18071 0.18070 0.18070 0.18967 0.18991 0.18993 0.18992 0.18999 0.19003 0.19083
0.17692 0.17692 0.17692 0.17692 0.17688 0.17684 0.17684 0.17688 0.17688 0.17688 0.17692 0.17264 0.16831 0.20787 0.20800 0.20800 0.18604 0.17998 0.17981 0.17981 0.17981 0.17997 0.17997 0.16914 0.16852 0.17946 0.17946 0.17946 0.17661 0.17661 0.17661 0.18429 0.18567 0.18817 0.18998 0.19111 0.19081 0.19018 0.19021 0.18927 0.17036 0.18815 0.19092 0.19086 0.19075 0.19076 0.19011 0.18948 0.18948 0.18949 0.17961 0.17959 0.17960 0.17953 0.17954 0.19139 0.18799 0.18072 0.18906 0.18906 0.18940 0.18969 0.18993 0.18837 0.18881 0.19073 0.19084
0.17615 0.17672 0.17672 0.17672 0.17702 0.17701 0.17701 0.17688 0.17688 0.17688 0.17632 0.16832 0.17637 0.20788 0.20800 0.20800 0.20800 0.17005 0.17998 0.17982 0.17982 0.17998 0.17998 0.17863 0.16852 0.17947 0.17947 0.17662 0.17662 0.17662 0.17662 0.18539 0.18673 0.18787 0.18880 0.19142 0.19133 0.17882 0.17881 0.17014 0.17002 0.17003 0.19111 0.19101 0.19087 0.19076 0.19013 0.19018 0.19030 0.19023 0.17963 0.17960 0.17961 0.17957 0.17959 0.18995 0.18800 0.18800 0.18906 0.18906 0.18906 0.19001 0.19001 0.18838 0.18882 0.19005 0.19074
0.17616 0.17616 0.17672 0.17672 0.17555 0.17702 0.17702 0.17702 0.17702 0.17702 0.17702 0.16941 0.17340 0.17702 0.20804 0.20804 0.20804 0.17609 0.18014 0.17999 0.17999 0.17999 0.17999 0.17864 0.16852 0.17663 0.17663 0.17663 0.17663 0.17662 0.17663 0.18639 0.18768 0.18871 0.18951 0.19179 0.19133 0.19127 0.19100 0.19103 0.19106 0.16968 0.19129 0.19123 0.19102 0.19088 0.19012 0.19012 0.18950 0.18950 0.18950 0.19022 0.19016 0.19003 0.18984 0.18958 0.18801 0.18751 0.18907 0.18907 0.19074 0.19001 0.19001 0.19074 0.18055 0.18929 0.18994
0.17616 0.17673 0.17673 0.17702 0.17703 0.17702 0.17703 0.17703 0.17702 0.17703 0.17580 0.17686 0.17702 0.17703 0.20805 0.20805 0.17610 0.18015 0.18015 0.18015 0.18015 0.18015 0.18015 0.17020 0.17090 0.17681 0.17682 0.17682 0.17682 0.17646 0.17682 0.18679 0.19169 0.19108 0.19134 0.19079 0.19081 0.19105 0.19120 0.19151 0.19160 0.16924 0.19154 0.19146 0.19136 0.19032 0.19013 0.19013 0.18950 0.18950 0.18953 0.19019 0.19013 0.19001 0.18985 0.18931 0.18802 0.18802 0.19086 0.19897 0.19897 0.19811 0.19769 0.20546 0.19006 0.18910 0.18995
0.17674 0.17674 0.17674 0.17703 0.17687 0.17703 0.17703 0.17703 0.17703 0.17703 0.17687 0.17687 0.17703 0.17703 0.20806 0.20806 0.17610 0.18016 0.18016 0.18016 0.18016 0.18016 0.18016 0.18016 0.17201 0.17960 0.17682 0.17683 0.17683 0.18266 0.18487 0.18801 0.19149 0.19149 0.19149 0.19159 0.19159 0.19159 0.16750 0.16750 0.16750 0.16801 0.16867 0.19188 0.19179 0.19044 0.19024 0.19014 0.19024 0.19024 0.18952 0.19015 0.19011 0.19002 0.18989 0.18933 0.18959 0.18802 0.19087 0.19087 0.19087 0.19788 0.19798 0.20547 0.19003 0.18996 0.18970
0.17658 0.17674 0.17674 0.17704 0.17704 0.17556 0.17556 0.17704 0.17704 0.17704 0.17704 0.17704 0.17703 0.17704 0.20806 0.20806 0.18016 0.18016 0.18016 0.18016 0.18016 0.18016 0.18016 0.17611 0.17960 0.17683 0.17683 0.17683 0.18811 0.18610 0.18685 0.18888 0.19074 0.19150 0.19150 0.19159 0.19159 0.19159 0.16751 0.16751 0.16751 0.16751 0.19155 0.19189 0.19186 0.19225 0.19223 0.19100 0.19097 0.19097 0.19097 0.19097 0.19094 0.19087 0.18995 0.17972 0.19088 0.19088 0.19003 0.19088 0.19004 0.19039 0.18062 0.19861 0.18983 0.18996 0.18964
