test/test_data/tcaap/monthly_mean_over_all_Jun__actual_et__2015-01-01_to_2019-12-31__180_by_260__inches.asc
NCOLS        180
NROWS        260
XLLCORNER     476375.000
YLLCORNER    4970875.000
CELLSIZE        100.000
NODATA_VALUE -9999.
[rows 128 to 159 of 260, columns 71 to 141 of 180]
3.8551 3.8866 3.2891 3.3395 3.3424 3.3255 3.3424 3.3424 3.9546 3.7839 3.9451 3.9451 4.0411 4.0397 4.0397 4.0397 3.6763 3.6763 3.6763 3.2979 3.9474 3.9474 4.1023 4.5454 4.2093 4.0412 3.6752 3.6752 3.6752 3.3086 3.8808 3.8805 3.3086 3.6752 3.7359 3.7359 3.3626 3.3309 3.3136 3.2957 3.2795 2.9945 2.9746 3.8749 4.0775 4.0775 4.0775 3.5878 3.5878 3.6690 3.5878 3.6690 3.6690 3.6690 3.6690 3.6823 3.6823 3.6823 3.6767 3.8606 3.8606 3.8606 3.8606 3.8606 3.5984 3.6049 3.6049 3.6049 3.6049 3.6049 3.6049
3.9326 3.9827 3.3330 3.3231 3.3057 3.6994 3.9278 3.9278 4.0411 3.9451 3.9451 3.9451 3.9451 3.9474 3.9474 3.9474 3.9474 3.2979 3.8461 3.8461 3.9474 3.9474 3.9474 4.5454 4.0412 4.0412 3.6752 3.6752 3.6752 3.3086 3.8828 3.8798 3.8798 3.3086 3.7359 3.3626 3.3539 3.3254 3.8769 3.8442 3.6355 2.9458 3.1840 3.5282 3.5108 3.5108 3.5803 3.6690 3.6690 3.6690 3.6690 3.6690 3.6690 3.6690 3.6690 3.6823 3.6823 3.5937 3.6767 3.6767 3.6823 3.6823 3.5984 3.5984 3.5984 3.6893 3.6893 3.6837 3.6837 3.6837 3.6049
3.9435 4.0318 3.3602 3.3189 3.2127 3.6928 4.0411 4.0411 4.0411 3.8993 4.0698 4.0698 3.9451 3.9474 3.9474 3.9474 3.9474 3.9474 3.8509 3.8461 3.9474 3.9474 3.9474 4.0412 4.0412 4.0412 3.6752 3.6752 3.7043 3.6752 3.9998 3.9998 3.6752 3.6752 3.3621 3.3598 3.3502 3.6927 3.9451 3.6435 3.6874 3.6053 3.6053 3.5282 3.5108 3.5108 3.6690 3.6690 3.6690 3.6690 3.6629 3.6690 3.6690 3.6690 3.6690 3.6823 3.6823 3.6823 3.6823 3.6823 3.6823 3.6823 3.5984 3.5984 3.5984 3.6049 3.6837 3.6837 3.6837 3.6837 3.6893
3.9166 3.3179 3.3602 3.5554 3.6644 3.7041 4.0357 4.0357 4.0357 3.8956 3.8956 3.8956 3.9414 3.9625 3.9625 3.9625 3.9625 3.3625 3.7894 3.9474 3.9474 3.9474 3.9474 3.9555 4.0412 4.0412 3.6752 3.6752 3.7043 3.7043 4.0412 4.0093 3.6752 3.6735 3.3568 3.7184 3.6904 3.6704 3.2605 3.5273 3.6874 3.6874 3.6053 3.5282 3.5108 3.6690 3.6690 3.6690 3.6690 3.5878 3.5878 3.6690 3.6690 3.6690 3.6690 3.6823 3.6823 3.6823 3.6823 3.6823 3.6823 3.6823 3.5984 3.5984 3.5984 3.6049 3.6837 3.6837 3.6837 3.6837 3.5072
3.2705 3.2922 3.2922 3.4900 3.7328 3.7357 3.7357 4.0357 4.0357 4.0357 3.9616 3.9616 4.1382 4.1584 4.0307 4.0307 4.0307 4.0307 3.9625 3.9625 3.9625 3.9625 3.3625 3.3460 3.7340 3.7340 4.0382 3.7340 3.7340 3.7340 3.6752 3.6752 4.0412 3.6721 3.7170 3.7052 3.3247 3.3029 3.9530 3.9884 3.6874 3.6053 3.6053 3.5282 3.5108 3.6590 3.6690 3.6690 3.6629 3.6629 3.5878 3.6690 3.6690 3.6690 3.6690 3.6823 3.6823 3.7142 3.6823 3.6823 3.6823 3.6823 3.6767 3.5984 2.9530 2.9353 3.6049 3.6430 3.4749 3.5015 3.5072
3.2545 3.5964 3.6062 3.5897 3.7357 3.7357 3.7357 3.9374 4.0357 4.0357 4.0834 4.0834 4.1584 4.1584 4.1584 4.1584 4.1584 4.1584 3.9625 3.9625 3.9625 3.9625 3.3731 3.3639 3.7340 3.7340 4.0710 3.7340 3.7340 3.7340 3.7371 3.7351 4.0375 3.7910 3.7761 3.7627 3.3845 3.9605 3.9876 3.9876 3.9876 3.9257 3.6874 3.5282 3.5108 3.5108 3.5841 3.6690 3.6590 3.5048 3.4657 3.5878 3.5841 3.6210 3.6823 3.6823 3.6823 3.6631 3.5953 3.6823 3.6823 3.6823 3.6729 3.6729 3.6823 4.0049 4.6974 4.7423 4.7423 3.4262 3.5072
3.2543 3.5981 3.6248 3.3602 4.0548 3.7357 3.7357 3.9374 4.0357 4.0783 4.1268 4.0834 4.1584 4.1584 4.1584 4.1584 4.1584 4.0307 3.9625 3.9625 3.9625 3.9625 3.3727 3.7340 3.7340 3.7340 4.0710 4.0710 4.0710 4.0710 4.0710 4.0710 4.0363 3.7891 3.7744 3.7615 3.7462 3.7303 3.9876 3.9876 3.9876 3.9876 3.1429 3.2006 3.5243 3.5243 3.6738 4.0822 4.0822 4.0822 3.7333 4.0822 4.0436 3.9138 4.0885 3.9898 3.5953 3.5953 3.6823 3.6823 3.6823 3.6823 3.7142 3.6823 3.6823 3.6893 4.1629 4.3239 5.2471 4.0038 4.0038
3.2594 3.6068 3.3151 3.3602 4.0548 4.0834 3.7357 3.7357 3.6929 4.1268 4.1268 4.1268 4.1031 4.1890 4.1584 4.1584 4.1584 4.0307 3.3625 3.3625 3.9625 3.9625 3.7417 3.7340 4.0710 4.0710 4.0710 4.0710 4.0710 4.0710 4.0710 4.0710 3.7340 3.7863 3.7303 3.7612 3.7416 3.7303 3.9876 3.9876 3.9876 3.9876 3.7303 3.0051 3.5243 3.5243 4.0822 4.0822 4.0822 4.0822 4.0822 4.0822 3.9212 4.0822 4.0832 4.0832 4.0832 3.6911 3.7226 3.7226 3.7226 3.7226 5.7363 3.6911 3.6911 3.6744 3.6893 3.6938 3.6938 4.7878 4.0038
3.2704 3.6225 3.3352 3.3548 4.0834 4.0834 5.7609 3.7357 3.7357 4.1268 4.1268 4.1268 4.0984 3.9625 4.0861 4.0861 4.0861 3.9625 3.9625 3.9625 3.9625 3.9625 3.7417 3.7340 4.0710 4.0710 4.0710 4.0710 4.0710 4.0710 4.0710 4.0710 4.0710 4.0903 3.9553 3.9876 3.7385 3.7303 3.9876 3.9876 3.9876 3.9876 3.9876 4.0903 4.0822 4.0436 4.0822 4.0822 4.0822 4.0822 4.0822 4.0822 3.9792 3.9792 4.2803 3.9858 4.1298 3.9143 3.6359 3.6359 3.6359 3.6359 3.6911 3.6911 3.6911 3.6744 3.6744 3.6744 3.7115 3.7115 4.7745
3.2852 3.6422 3.6989 3.9453 4.0366 4.0366 5.7609 5.7609 3.7357 4.0092 4.0366 4.0783 3.9625 3.9625 3.9625 3.9625 3.9625 3.9625 3.9625 3.9625 3.9625 3.9165 3.9512 3.9662 3.9358 3.9662 3.9662 4.0710 4.0710 4.0710 4.0710 4.0710 4.0710 4.0903 4.0903 3.9876 3.7303 3.7303 3.9876 3.9876 3.9876 3.9876 4.0903 4.0903 4.0822 4.0822 4.0822 4.0822 4.0822 4.0822 4.0822 3.9792 3.9792 4.1192 4.1266 4.1266 5.2551 4.5071 3.9143 3.6337 3.6042 3.6359 3.6911 3.6911 3.6911 3.6744 3.6744 3.6744 3.6744 3.6744 3.6845
3.7161 3.3153 3.6996 3.8988 3.9907 3.9414 3.9414 5.7609 3.9414 4.0092 4.0092 3.9414 3.9625 3.9625 3.9625 3.9625 3.9625 3.9625 3.9625 3.9625 3.9625 3.9512 3.9512 3.9662 3.9662 3.9662 3.9662 4.0710 4.0710 4.0710 4.0710 4.0710 4.0710 4.0903 4.0903 3.9876 3.9876 3.9876 3.9876 3.9876 3.9876 3.9876 3.9876 4.0903 4.0822 4.0822 3.7333 4.0822 4.0822 4.0822 4.0822 3.9792 3.9434 3.9792 4.3350 4.2374 4.7323 5.2551 4.7323 3.6337 3.6042 3.5397 3.7226 3.7226 3.7226 3.7115 3.6744 3.6744 3.6744 3.5868 4.0531
3.7385 3.3255 3.3346 3.9414 3.9414 3.9414 3.9414 3.9414 3.8037 3.8037 3.8514 3.9414 3.9625 3.9625 3.9625 3.9625 5.7478 3.9625 3.9625 3.9625 3.9625 3.9512 3.9662 3.9662 3.9662 3.9662 3.9662 3.9662 4.0710 4.0710 4.0710 4.0710 4.0710 4.0903 4.0903 3.9876 3.9876 3.9876 3.9876 3.9876 3.9876 3.9876 3.9876 3.9792 4.0822 4.0822 3.6785 3.9499 4.0822 3.7333 3.9792 3.9792 3.9792 3.9792 3.9820 3.9820 3.5364 3.5364 3.6042 3.6359 3.2817 3.7281 3.7226 3.7226 3.7226 3.7115 3.6656 3.6744 3.5794 4.0191 3.9873
3.3212 3.3313 3.3346 3.3346 3.9414 3.9414 3.9414 3.9414 3.9414 3.8514 4.1409 3.9616 4.0306 4.0306 4.0306 4.0306 4.0306 4.0306 3.8754 4.0306 3.9625 3.9512 3.9662 3.9662 3.9662 3.9662 4.6146 4.3458 4.3458 4.4439 4.4439 4.4439 4.4439 4.0903 4.0903 3.9876 3.9876 3.9876 3.9876 3.9876 3.9876 3.9876 3.9876 3.9792 3.9792 3.9792 3.9792 3.9792 3.9792 3.6785 3.9499 3.9792 3.9792 3.9792 3.9820 3.6894 3.6894 3.6894 3.8654 2.9513 3.2491 3.6678 3.6744 3.6796 3.6656 3.6656 3.6744 3.5868 4.2211 3.8010 3.9873
3.3346 3.3843 3.3827 3.8795 3.9678 3.9678 3.9678 3.9678 3.9678 4.0337 4.1657 4.1657 4.1642 4.1031 4.1031 4.0515 4.0306 4.0306 4.0306 4.0306 3.9625 3.9512 3.9662 3.9662 3.9662 3.9662 4.6146 4.3458 4.3458 4.6146 4.4439 4.4439 4.4439 4.0903 4.0903 4.0903 3.9876 3.9876 3.9876 3.9876 3.9876 3.9876 3.9876 3.9792 3.9792 3.9792 3.9792 3.9792 3.9792 3.9792 3.9792 3.9792 3.9792 3.9792 3.9820 3.6894 3.6894 3.6894 3.6894 2.9304 3.5397 3.5397 3.6056 3.6911 3.4869 3.4869 3.6744 4.5170 4.4651 4.1797 3.4375
3.3322 3.3827 3.8488 3.9678 3.9678 3.9678 3.9678 3.9678 3.9678 3.9678 4.2289 4.2289 4.2635 4.3370 4.3370 4.1418 4.0222 4.0696 4.5872 4.0696 4.0086 4.0086 4.0422 4.0422 3.9662 3.9662 4.3458 4.3458 4.3458 4.6146 4.6146 4.4795 4.4795 4.0903 4.0903 4.0903 4.0903 4.0903 4.0903 3.7303 3.7303 3.9876 3.9876 3.9792 3.9792 3.9792 3.9792 3.9792 3.9792 3.9792 3.9792 3.9792 3.9792 3.9792 3.9820 3.6894 3.6894 3.6894 3.6894 2.9304 3.5397 3.5397 3.6056 3.6056 3.4869 3.4869 3.5891 4.4651 5.7564 3.4869 3.4869
3.3253 3.3803 3.3827 3.9678 3.9678 3.9678 3.9678 3.9678 3.9678 3.9678 4.2289 4.2004 4.2635 4.2635 4.3370 4.3370 4.0952 4.0696 4.3946 4.3629 4.0086 4.0086 4.0422 4.0422 4.1716 4.0422 4.4018 4.4018 4.4018 4.4018 4.4018 4.3225 4.1393 4.1418 4.1418 4.1418 4.0903 4.0903 3.7950 3.7303 3.7303 3.9876 3.9876 3.9792 3.9792 3.9792 3.9792 3.9792 3.9792 3.6785 3.6785 3.9792 3.9792 3.9792 3.9820 3.6894 3.6894 3.6894 3.6894 3.8654 3.1807 3.5397 3.6911 3.6056 3.5868 3.4869 3.7115 4.5660 5.0780 3.5868 3.4869
3.3090 3.3742 3.3827 3.9678 3.9678 3.3827 3.9678 3.9678 3.9678 3.9678 4.2289 4.2004 4.2635 4.2635 4.2365 4.3370 4.0952 4.0696 4.3946 4.3629 4.0086 4.0086 4.0422 4.0422 4.0422 4.0422 4.4018 4.4018 4.4018 4.4018 4.0422 4.0422 4.1393 4.1418 4.1418 4.1418 4.1418 4.1418 3.8537 4.0424 4.0424 4.0424 4.0424 4.0164 4.0164 4.0164 4.0164 4.0164 3.9792 3.3046 3.3055 3.9792 3.9792 3.9792 3.9820 3.6894 3.6894 3.6894 3.6894 3.4999 2.9730 3.6108 3.6911 3.6911 3.6744 3.6744 3.5932 3.4804 3.1971 4.0103 4.1712
3.2705 3.7696 3.3827 3.9678 3.9678 3.9678 3.9678 3.9678 3.9678 4.1787 4.2289 4.2635 4.2635 4.2635 4.2635 4.2635 4.0696 4.0696 4.3629 4.3629 3.7405 3.7405 3.7532 4.0422 4.0422 4.0422 4.4018 4.4018 4.4018 4.4018 4.0422 4.0422 4.0424 4.1418 4.1418 4.1418 4.1418 4.1418 4.1418 4.0424 4.0424 4.0424 4.0424 4.0164 4.0164 4.0164 3.9879 4.0164 4.0164 3.3861 3.7311 4.0164 4.0164 4.0279 4.0279 3.7465 3.7465 3.7465 3.7465 3.7465 2.9513 3.9862 3.6911 5.7363 3.6744 3.6744 3.5932 3.5932 3.2440 3.1971 3.6845
3.2496 3.7374 3.3827 3.3827 3.9678 3.9678 3.9678 3.9678 4.1787 4.1787 4.2289 4.2635 4.2365 4.2635 4.2635 4.2635 3.4449 3.4200 4.3629 4.3629 4.0086 3.7405 3.7532 4.0422 4.0422 4.0422 4.4018 4.4018 4.4018 4.4018 4.0422 4.0422 4.0424 4.0424 4.0424 4.0424 4.1418 4.1418 4.0424 4.0424 4.0424 4.0424 4.0424 3.9383 3.9879 3.9879 3.7311 3.7311 3.8889 3.3860 3.7605 3.9879 3.9879 4.0279 4.0279 3.7465 3.7465 3.7465 3.7465 3.4895 3.0223 3.0223 5.7429 5.7429 3.7368 3.7368 3.6621 3.6621 3.3140 3.2906 3.7295
3.2324 3.3055 3.3827 3.3827 3.9678 3.9678 3.9678 3.9678 4.1787 4.1787 4.2289 4.2635 4.2635 4.2635 4.2635 4.2635 3.4200 3.7405 4.3629 4.3629 3.7405 3.7405 3.7532 4.0422 4.0422 4.0164 4.4018 4.6711 4.6711 4.4018 4.0164 4.0422 4.0104 3.4453 3.4475 4.0424 4.0424 4.0424 4.0424 4.0424 4.0424 4.0424 3.7839 3.9383 3.7311 3.7311 3.7311 3.7311 3.3872 3.3956 3.9150 4.2252 3.9879 4.0279 3.7465 3.7465 3.7465 3.7465 3.7465 3.7465 3.5865 3.1695 4.0279 4.0279 4.0003 4.0252 3.0423 3.5908 3.2906 3.4061 3.7295
3.2209 3.2950 3.3225 3.3827 3.3827 3.3827 3.8795 4.0119 4.1289 4.1289 4.2004 4.2365 4.2635 4.2635 4.1857 4.1857 3.7776 3.7405 4.3629 4.3629 4.3629 4.3629 4.4018 4.4018 4.4018 4.4018 3.9340 3.4414 3.9721 3.9340 4.4018 3.3958 3.4415 3.4412 3.9413 3.9369 3.9369 4.0155 4.0424 4.0424 4.0424 3.7839 3.7839 3.8889 3.8889 3.9817 3.9879 3.9879 3.3870 3.7439 3.7311 3.7311 4.0164 4.0279 4.0279 4.0279 4.0279 4.0279 4.0279 4.0279 4.0279 4.0279 4.0279 4.0279 4.0252 3.7626 3.7626 3.4051 3.3560 3.7626 4.2118
3.1300 3.2277 3.3025 3.3506 3.3827 3.3858 3.8998 3.9175 4.1289 3.9222 4.0337 4.0833 4.2365 4.2635 4.1857 4.1857 3.7405 3.7405 4.3629 4.3629 4.3629 4.3629 4.4018 4.4018 4.4018 4.4018 4.3784 4.3784 3.8864 3.9340 4.3784 4.3909 4.0104 4.0104 3.9369 4.0104 4.0424 4.0424 4.0424 4.0424 4.0424 4.0424 4.0424 3.8889 3.8889 3.9817 4.0164 4.0164 4.0164 4.0164 4.0164 4.0164 4.0164 4.0279 4.0279 4.0279 3.9949 3.9958 3.9978 3.9949 4.0279 4.0279 4.1245 4.0279 4.0252 4.0252 3.7626 3.7626 3.3868 3.7626 4.0252
2.9679 3.1615 3.2837 3.3355 3.3827 3.3827 3.8910 3.8695 3.8086 3.9678 3.9678 4.0141 4.1779 4.2247 4.2247 4.0086 3.7405 3.7405 4.3629 4.3629 4.3629 4.3629 4.4018 4.4018 4.4018 4.4018 4.4018 4.4018 4.4018 4.3784 4.3784 4.3826 4.3811 4.3811 3.7839 4.0424 4.0424 4.0424 4.0424 4.0424 4.0424 4.0424 4.0424 4.0164 3.9816 4.0164 4.0164 4.0164 4.0164 4.0164 3.7311 4.0164 4.0164 4.0279 4.0279 4.0279 3.9949 3.9918 3.9949 4.0279 4.0279 4.0279 4.0606 3.9949 4.0252 4.0252 3.7626 3.7626 3.4006 3.7626 4.0358
2.9184 2.9446 3.2636 3.2827 3.3444 3.3444 3.8795 3.8488 3.8488 3.9678 3.9678 4.0141 4.0141 4.0141 4.0601 4.0601 4.0086 3.7404 3.7404 4.3629 4.3629 4.4017 3.7532 3.7532 4.4017 4.4017 4.4017 4.4017 4.4017 4.4017 4.4017 4.3784 4.3811 4.4058 4.0424 4.0424 4.0424 4.0424 4.0424 4.0424 4.0424 3.7839 4.0164 4.0164 4.0164 4.0164 4.0164 4.0164 4.0164 4.0164 4.0164 4.0164 4.0164 4.0279 4.0279 4.0279 4.0279 4.0279 4.0279 4.0279 4.0279 4.0606 4.0606 4.0606 3.9955 4.0252 3.7626 3.7626 3.7626 3.7626 3.8138
2.9299 3.1691 3.2581 3.2752 3.3444 3.3444 3.3444 3.3444 3.3444 3.3444 3.9713 4.0647 4.0647 4.0647 4.0647 4.0647 4.0647 3.4641 3.1647 3.1647 3.3698 3.7532 3.3958 3.3958 3.7532 3.7532 3.7532 4.4017 4.4017 4.4017 3.3958 3.3958 3.7839 3.7839 4.0424 4.0424 4.0424 4.0424 4.0424 4.0424 3.7839 3.7839 3.7311 4.0164 4.0164 4.0164 4.0636 4.0636 4.0164 4.0164 4.0164 4.0164 4.0164 4.0279 4.0279 4.0279 4.0279 4.0279 3.9580 3.9580 3.5028 4.0606 4.0606 4.0624 4.1701 4.0252 3.7626 3.7626 3.7626 3.7626 3.7626
3.2187 3.2362 3.2529 3.2680 3.3444 3.3444 3.3444 3.3444 3.3444 3.3444 3.9713 4.0647 4.0647 4.0647 4.0647 4.0647 4.0647 3.4641 3.2238 3.2238 3.3271 3.3895 3.4593 3.8159 4.3995 3.8159 3.8159 4.3995 4.3995 4.3995 3.3958 3.3958 3.7839 3.7839 4.0424 4.0424 4.0424 4.0424 4.0424 4.0424 4.0424 4.0424 3.7311 4.0164 4.0636 4.0636 3.6514 3.6514 4.0164 4.0164 4.0164 4.0164 4.0164 4.0279 4.0279 4.0279 4.0279 3.5594 3.5594 3.5594 3.5594 3.5028 4.0606 4.0624 4.0624 4.1701 3.7626 3.7626 3.7626 3.7626 3.7626
3.2200 3.5454 3.5647 3.2614 3.3444 3.3444 3.3444 3.9713 3.9713 3.9713 3.3444 4.0647 4.0647 4.0647 4.0647 4.0647 4.0647 4.0725 3.5609 3.5609 3.5609 3.6383 3.7183 3.8159 3.8159 3.8159 3.8159 4.3995 4.3995 4.3995 3.4593 3.8159 3.8143 3.8143 3.8143 3.8143 4.0955 4.0955 4.0955 4.0955 4.0955 4.0955 4.0164 4.0164 4.0636 3.6826 3.6826 3.6514 3.6514 3.6826 3.6717 3.9373 4.0164 3.5594 3.5594 3.5594 3.5594 3.5594 3.5594 3.5594 3.5050 3.5594 3.9949 4.0624 4.0624 4.0252 3.7626 4.0252 4.0252 4.0252 4.0252
3.2207 3.2290 3.1252 3.1780 3.2617 3.3444 4.0362 3.9713 3.9713 3.9713 3.3444 3.4641 4.0647 4.0647 4.0647 4.0647 4.0647 3.5609 3.5609 3.5609 3.5609 3.2498 3.6973 3.8159 3.8159 3.8159 3.8159 4.3995 4.3995 4.3995 3.4593 3.8159 3.8143 3.8143 3.8143 3.8143 4.0955 4.0955 4.0955 4.0955 4.0955 4.0955 4.0750 4.0750 4.1091 3.7298 3.7291 3.6972 3.6972 3.7184 4.0266 3.9432 3.7298 3.6501 3.5594 3.5594 3.5594 3.5050 3.5594 3.5594 3.5594 3.5028 3.9580 3.5098 3.5625 3.5625 4.0252 4.0252 4.0252 4.0252 4.0252
3.2205 3.5382 3.5031 3.4746 3.2542 3.3444 4.0362 3.9713 3.9713 3.3444 3.4641 3.4641 3.4641 3.4641 4.0647 4.0647 4.0647 3.6182 3.5609 3.5609 3.2238 3.3072 3.3830 3.4593 3.8159 3.8159 3.8159 3.8159 3.8159 3.8159 3.8159 3.8159 3.8143 3.8143 4.0955 3.8143 4.0955 4.0955 4.0955 4.0955 4.0955 4.0955 4.0750 4.1091 3.7291 3.7298 3.7298 3.9123 4.1790 4.2891 4.2100 3.9719 3.7963 3.6504 3.5608 3.5608 3.5608 3.5608 3.5608 3.5608 3.5298 3.5061 3.5061 3.6005 3.6005 4.0003 3.7626 4.0252 4.0252 4.0252 4.0252
3.5312 3.5343 3.5031 3.4746 3.2532 3.3444 4.0362 3.9713 3.9713 3.9713 3.4641 3.9876 4.0647 4.0647 4.0647 4.0647 3.6182 3.6182 3.5609 3.5609 3.2435 3.3052 3.3668 3.8159 3.8159 3.7774 3.7870 3.7955 3.8048 3.8123 3.8159 3.8143 3.8143 3.8143 4.0955 4.0955 4.0955 4.0955 4.0955 4.0955 4.0955 4.0955 4.0750 3.6972 3.7291 3.6125 3.6383 4.0349 4.3244 4.4386 4.3196 3.7291 5.7489 5.7489 5.7489 4.0191 4.0191 4.0191 4.0289 4.0289 4.0289 3.8472 3.7773 3.5283 3.5973 4.0841 3.4139 3.4139 4.0353 4.0353 4.0353
3.5282 3.5295 3.5383 3.0947 3.2526 3.3444 3.9713 3.9713 3.9713 3.9713 3.9876 4.0647 4.0647 4.0647 4.1224 4.1747 3.5576 3.6199 3.5609 3.0214 3.5609 3.6181 3.6272 3.4854 3.4593 3.4095 3.7544 3.7752 3.7905 3.8010 3.4593 3.4543 3.8143 3.8143 4.0955 4.0955 4.0955 4.0955 4.0955 4.0955 4.0955 4.0955 4.1091 3.7844 3.5581 4.1091 3.9704 4.1442 4.7141 4.7141 4.2557 3.6981 3.6203 5.7489 5.7489 4.0191 4.0191 4.0289 4.0289 4.0289 4.0289 4.0289 3.8383 3.7939 3.5633 3.9974 3.9974 4.0353 4.0353 4.0353 4.0353
3.5234 3.6919 3.4132 3.4574 3.2475 3.9713 3.9713 3.9713 3.9713 3.9713 4.0647 3.4641 3.7478 3.6199 3.6199 4.2108 3.6199 3.6182 3.0214 3.4430 3.5369 3.5903 3.5747 3.0428 3.0428 3.3767 3.4147 3.4291 3.4402 3.4479 3.4593 3.8143 3.8143 3.8143 4.0955 4.0955 4.0955 4.0676 3.8143 4.0955 4.0955 4.0955 4.1091 4.0474 4.4486 3.7793 3.7793 3.7291 4.6725 4.7582 4.3016 3.7298 5.7489 5.7489 5.7489 5.7489 4.0289 4.0289 4.0289 4.0289 4.0289 3.9839 3.9023 3.8627 3.8656 3.9974 4.0353 4.0353 4.0353 4.0353 4.0353
