test/test_data/tcaap/monthly_mean_over_all_Apr__actual_et__2015-01-01_to_2019-12-31__180_by_260__inches.asc
NCOLS        180
NROWS        260
XLLCORNER     476375.000
YLLCORNER    4970875.000
CELLSIZE        100.000
NODATA_VALUE -9999.
[rows 192 to 223 of 260, columns 0 to 70 of 180]
2.4528 2.4528 2.4576 2.4528 2.4528 2.4522 2.4570 2.4570 2.3722 2.3722 2.4152 2.4152 2.4152 2.4102 2.4102 2.4198 2.3897 2.3897 2.4251 2.4068 2.2919 2.1711 2.1711 2.3897 2.4251 2.4206 2.4250 2.4203 2.3859 2.3859 2.3859 2.4203 2.4195 2.4250 2.4250 2.4250 2.4164 2.4117 2.4164 2.4164 2.4164 2.4117 2.3748 2.1605 2.1611 2.3237 2.2355 2.4245 2.4484 2.5085 2.3743 2.5774 2.5426 2.5774 2.5774 2.5774 2.5774 2.5793 2.4963 2.4116 2.4511 2.4511 2.4511 2.4355 2.4379 2.4379 2.4379 2.4379 2.4393 2.4393 2.4393
2.4062 2.4576 2.4528 2.4528 2.4528 2.4523 2.4523 2.4570 2.4102 2.4102 2.5203 2.3722 2.4102 2.4152 2.4102 2.4206 2.3897 2.4198 2.3897 2.4060 2.2919 2.2919 2.2919 2.3897 2.3897 2.3897 2.3859 2.4203 2.3859 2.1701 2.1701 2.3216 2.4250 2.3859 2.3859 2.4250 2.4165 2.4165 2.4165 2.4165 2.4165 2.3748 2.3748 2.3748 2.1511 2.2081 2.2388 2.2592 2.2884 2.3582 2.3879 2.3879 2.5774 2.5427 2.5774 2.5774 2.5774 2.5793 2.4030 2.4355 2.4512 2.4512 2.4512 2.4512 2.4512 2.4512 2.4512 2.4512 2.4374 2.4374 2.4374
2.4528 2.4062 2.4062 2.4062 2.4062 2.4523 2.4523 2.4036 2.4102 2.3722 2.3722 2.4094 2.3722 2.3722 2.4102 2.4206 2.3897 2.3897 2.3897 2.3897 2.4198 2.4206 2.3897 2.3897 2.3897 2.3897 2.4203 2.4203 2.3859 2.1701 2.3641 2.3641 2.3209 2.4195 2.4250 2.4250 2.4165 2.4117 2.4165 2.4165 2.4165 2.3748 2.2856 2.2856 2.3748 2.1666 2.1938 2.2607 2.2907 2.3544 2.3786 2.3879 2.5427 2.5774 2.3879 2.5774 2.5774 2.5793 2.4030 2.5793 2.4404 2.4512 2.4512 2.4512 2.3917 2.3917 2.4512 2.4512 2.4374 2.4374 2.4374
2.4062 2.4062 2.4062 2.4528 2.4062 2.4523 2.4570 2.4523 2.3722 2.3722 2.3722 2.4152 2.3722 2.3722 2.4102 2.3177 2.2919 2.3897 2.3897 2.3897 2.4252 2.4252 2.3897 2.3897 2.4198 2.4252 2.4250 2.4250 2.4250 2.3641 2.3641 2.3641 2.4250 2.3859 2.4250 2.4250 2.3748 2.4110 2.4165 2.4165 2.4165 2.3748 2.2856 2.2856 2.2856 2.3748 2.3748 2.2585 2.2886 2.3472 2.3764 2.3861 2.3877 2.3879 2.3879 2.5427 2.5774 2.4030 2.5794 2.5794 2.5794 2.4512 2.4512 2.4512 2.4512 2.4512 2.4512 2.4512 2.4374 2.4374 2.4374
2.4062 2.4062 2.4520 2.4062 2.4062 2.4036 2.4036 2.4036 2.4523 2.3722 2.3722 2.4102 2.4152 2.3722 2.4102 2.0793 2.4068 2.2919 2.3898 2.3898 2.3898 2.3898 2.4206 2.3898 2.3898 2.3898 2.3859 2.3859 2.3859 2.3859 2.3859 2.3859 2.3859 2.3859 2.3859 2.3859 2.3748 2.3748 2.4117 2.4117 2.3748 2.4117 2.2856 2.3048 2.3748 2.3748 2.3748 2.3611 2.2836 2.3355 2.3704 2.3879 2.3867 2.3877 2.5427 2.3879 2.5419 2.4030 2.4030 2.5445 2.4030 2.4030 2.3917 2.3917 2.3917 2.3917 2.3917 2.3917 2.3844 2.4286 2.3844
2.4062 2.4062 2.4576 2.4576 2.4571 2.4571 2.4571 2.4037 2.4037 2.3722 2.4152 2.4152 2.4102 2.4102 2.4102 2.3177 2.1712 2.2919 2.3898 2.3898 2.4252 2.4252 2.4252 2.3898 2.4252 2.4250 2.4250 2.4250 2.4250 2.4250 2.4250 2.4250 2.4250 2.4250 2.3860 2.4250 2.4118 2.4165 2.4165 2.4165 2.4165 2.4165 2.4165 2.3748 2.3748 2.3748 2.4034 2.3611 2.2805 2.4775 2.3563 2.3879 2.3879 2.3875 2.5774 2.5774 2.5774 2.5794 2.5794 2.5794 2.5794 2.5794 2.6065 2.4512 2.4512 2.4512 2.4512 2.4512 2.4374 2.4374 2.4374
2.4049 2.4532 2.4590 2.4590 2.4687 2.4687 2.4687 2.4641 2.4687 2.3930 2.4232 2.3722 2.4152 2.4102 2.4102 2.3177 2.1712 2.2919 2.4207 2.3898 2.4252 2.4252 2.4252 2.4207 2.4252 2.4250 2.3860 2.4250 2.4250 2.3860 2.4250 2.4250 2.4250 2.4204 2.4250 2.3860 2.4165 2.4165 2.4165 2.4165 2.4165 2.4165 2.4165 2.3748 2.3748 2.4118 2.4042 2.4088 2.4034 2.3879 2.3383 2.3680 2.5774 2.5774 2.5774 2.5774 2.3879 2.5794 2.5794 2.5794 2.5794 2.5794 2.5646 2.5646 2.4512 2.4512 2.4512 2.4374 2.4374 2.4374 2.4374
2.4590 2.4532 2.4590 2.4590 2.4687 2.4687 2.4687 2.4641 2.4277 2.4232 2.4277 2.4277 2.4232 2.4232 2.4232 2.3622 2.1763 2.4153 2.3813 2.3813 2.4218 2.4174 2.4207 2.4252 2.4252 2.4250 2.4250 2.4250 2.4250 2.3860 2.4250 2.4204 2.4204 2.3860 2.4265 2.4250 2.4165 2.4118 2.4165 2.4165 2.4165 2.4118 2.4165 2.3748 2.3748 2.4165 2.4088 2.4088 2.4034 2.0612 2.3254 2.3625 2.5427 2.3879 2.5774 2.5774 2.3879 2.5794 2.5794 2.5794 2.5794 2.5794 2.5380 2.5646 2.5646 2.4512 2.4512 2.4374 2.4374 2.4374 2.4374
2.4590 2.4533 2.4590 2.4533 2.4687 2.4687 2.4641 2.4278 2.3930 2.4232 2.4278 2.4278 2.4278 2.4278 2.4232 2.4219 2.3813 2.4219 2.3813 2.3813 2.4219 2.4219 2.4219 2.4219 2.4219 2.4182 2.4182 2.4182 2.4182 2.4182 2.4182 2.4182 2.3146 2.3112 2.3032 2.4204 2.4118 2.4118 2.4165 2.4165 2.4165 2.3748 2.4165 2.4165 2.4165 2.4165 2.4089 2.4089 2.4089 2.3586 2.3879 2.3608 2.3801 2.5427 2.5427 2.5775 2.5775 2.5794 2.5794 2.5794 2.5794 2.5794 2.5794 2.4442 2.5646 2.3894 2.4512 2.4374 2.4374 2.4374 2.4374
2.4590 2.4590 2.4590 2.4590 2.4687 2.4687 2.4641 2.4278 2.4278 2.4232 2.4278 2.4278 2.4278 2.4278 2.3930 2.4219 2.4174 2.4219 2.3813 2.3813 2.4219 2.4219 2.4219 2.4219 2.4219 2.4182 2.4182 2.4182 2.4182 2.4182 2.4182 2.4182 2.3112 2.5445 2.5779 2.4182 2.4118 2.4161 2.4161 2.4161 2.4161 2.4118 2.4161 2.4161 2.4161 2.4161 2.4089 2.4089 2.4089 2.3587 2.3879 2.3619 2.3804 2.5418 2.5775 2.5775 2.5775 2.5794 2.5794 2.5794 2.5794 2.5794 2.5794 2.5647 2.5647 2.3894 2.4512 2.4375 2.4375 2.4375 2.4375
2.4590 2.4533 2.4533 2.4590 2.4687 2.4642 2.4687 2.4278 2.4278 2.4232 2.4278 2.4278 2.4278 2.4278 2.4278 2.4174 2.4219 2.4219 2.4219 2.3813 2.4219 2.4219 2.4219 2.4219 2.4219 2.4182 2.4182 2.4182 2.4182 2.3763 2.4182 2.4182 3.0784 3.0784 2.5780 2.4182 2.4161 2.4161 2.4161 2.4161 2.4161 2.4161 2.4161 2.4118 2.4161 2.4161 2.4102 2.4102 2.4102 2.4843 2.5804 2.4009 2.4009 2.5804 2.5464 2.5804 2.5804 2.5809 2.5794 2.5794 2.5794 2.5794 2.5794 2.5381 2.5647 2.5776 2.4512 2.4375 2.4375 2.4375 2.4375
2.4533 2.4590 2.4590 2.4590 2.4687 2.4687 2.4687 2.4278 2.4278 2.4232 2.4278 2.4687 2.4241 2.4241 2.4632 2.4588 2.4588 2.4219 2.4174 2.3813 2.4166 2.4219 2.4219 2.4219 2.4219 2.4182 2.4182 2.4182 2.4182 2.3763 2.3763 2.5780 3.0785 3.0785 3.0785 2.4118 2.4161 2.4161 2.4161 2.4110 2.4161 2.4161 2.4161 2.4161 2.4161 2.4161 2.4102 2.4102 2.4102 2.4102 2.5804 2.4009 2.4009 2.4009 2.5464 2.5804 2.5804 2.5809 2.5809 2.5809 2.5809 2.5809 2.5809 2.5655 2.5655 2.5655 2.4526 2.4516 2.4516 2.4516 2.4375
2.4591 2.4533 2.4591 2.4533 2.4241 2.4022 2.4420 2.4687 2.4687 2.4687 2.4642 2.4642 2.4687 2.4687 2.4632 2.4632 2.4632 2.4219 2.4219 2.3813 2.4219 2.4174 2.3813 2.4219 2.4219 2.4182 2.3763 2.4182 2.4182 2.3763 2.4182 2.4140 3.0785 3.0785 3.0785 2.4110 2.4118 2.4161 2.4161 2.4161 2.4161 2.4161 2.4161 2.4161 2.4161 2.4161 2.4102 2.4102 2.4102 2.4102 2.3635 2.5804 2.4009 2.4009 2.5804 2.5804 2.5809 2.5809 2.5809 2.5809 2.5809 2.5809 2.5809 2.5762 2.5655 2.4526 2.4526 2.4516 2.4516 2.4516 2.4516
2.4178 2.4127 2.4591 2.4533 2.4015 2.4016 2.4688 2.4642 2.4642 2.4688 2.4688 2.4688 2.4688 2.4688 2.4632 2.4632 2.4632 2.4632 2.4219 2.3813 2.4219 2.4175 2.3813 2.4219 2.4219 2.4140 2.4182 2.4182 2.4182 2.4182 2.4182 2.4182 2.4182 2.5780 2.4196 2.4175 2.4119 2.4161 2.4161 2.4161 2.4161 2.4161 2.4161 2.4161 2.4161 2.4161 2.4103 2.4103 2.4103 2.4103 2.3833 2.5804 2.4009 2.4009 2.4009 2.5804 2.5468 2.5809 2.5809 2.5809 2.5809 2.5809 2.5809 2.5099 2.4154 2.4526 2.4526 2.4516 2.4516 2.4516 2.4516
2.4127 2.4591 2.4591 2.4533 2.4421 2.4688 2.4688 2.4688 2.4688 2.4688 2.4688 2.4642 2.4688 2.4642 2.4632 2.4632 2.4632 2.4632 2.4219 2.3814 2.4219 2.4219 2.4219 2.4219 2.4219 2.4182 2.4140 2.4182 2.4182 2.3764 2.4182 2.4182 2.4182 2.4182 2.4182 2.4161 2.4161 2.4161 2.4161 2.4119 2.4161 2.4161 2.4161 2.4161 2.4161 2.3687 2.4103 2.4103 2.4103 2.4103 2.4103 2.5804 2.5804 2.4009 2.4009 2.5804 2.5809 2.5809 2.5809 2.5809 2.5809 2.5809 2.5809 2.5809 2.4526 2.4526 2.4526 2.3917 2.4516 2.4516 2.4516
2.4533 2.4591 2.4591 2.4533 2.4688 2.4688 2.4642 2.4688 2.4241 2.4688 2.4642 2.4642 2.4688 2.4688 2.4632 2.4632 2.4124 2.4632 2.4219 2.3814 2.4175 2.4219 2.4219 2.4219 2.4175 2.4183 2.4183 2.4183 2.4183 2.4183 2.4183 2.4183 2.4140 2.4183 2.4183 2.4161 2.4161 2.4161 2.4161 2.4161 2.4161 2.4161 2.4161 2.4161 2.4161 2.4161 2.4103 2.4103 2.4103 2.4103 2.3834 2.5804 2.5804 2.4009 2.4009 2.5804 2.5810 2.5810 2.5810 2.5810 2.5810 2.5810 2.5810 2.5810 2.3945 2.4526 2.4526 2.3917 2.4517 2.4517 2.4517
2.4003 2.4003 2.4003 2.4084 2.4241 2.4642 2.4688 2.4688 2.4241 2.4688 2.4688 2.4688 2.4688 2.4688 2.4632 2.4632 2.4632 2.4632 2.4220 2.3814 2.4220 2.4220 2.4220 2.4220 2.4175 2.4183 2.4183 2.4183 2.4183 2.4183 2.4183 2.4183 2.4183 2.4183 2.4140 2.4161 2.4161 2.4161 2.4161 2.4161 2.4161 2.4161 2.4161 2.4161 2.3687 2.4161 2.4103 2.4103 2.4103 2.4103 2.5804 2.5804 2.5804 2.5804 2.4009 2.4009 2.5810 2.5810 2.5810 2.5810 2.5810 2.5810 2.5810 2.5810 2.3945 2.4526 2.4526 2.4517 2.4517 2.4517 2.4517
2.4004 2.3509 2.2885 2.2100 2.3772 2.4226 2.4636 2.4592 2.4636 2.4636 2.4636 2.4592 2.4636 2.4636 2.4609 2.4609 2.4589 2.4220 2.4175 2.3814 2.4220 2.4220 2.4220 2.4175 2.4183 2.4183 2.4183 2.4140 2.4140 2.4183 2.4140 2.4183 2.3764 2.4183 2.3705 2.3685 2.4162 2.4162 2.4162 2.4162 2.4162 2.4162 2.4162 2.4162 2.3687 2.4103 2.4103 2.4103 2.4103 2.6189 2.5804 2.5804 2.5804 2.5804 2.4009 2.4009 2.5810 2.5469 2.5810 2.5810 2.5810 2.5810 2.5810 2.5810 2.4527 2.4527 2.4527 2.4517 2.4517 2.4517 2.4517
2.2645 2.4007 2.4777 2.2100 2.3772 2.4226 2.4592 2.4592 2.4592 2.4637 2.4592 2.4637 2.4637 2.4637 2.4609 2.4609 2.4565 2.4196 2.4196 2.3720 2.4196 2.3720 2.3720 2.4196 2.4190 2.4190 2.4147 2.4139 2.4132 2.3401 2.3705 2.3705 2.3705 2.3705 2.3705 2.3685 2.3685 2.4162 2.4162 2.4162 2.4162 2.4162 2.4162 2.4162 2.3685 2.3621 2.3621 2.3297 2.3621 2.5805 2.5805 2.5805 2.5805 2.5805 2.5465 2.4009 2.4183 2.5469 2.5469 2.5810 2.5810 2.5810 2.5810 2.5810 2.6067 2.4527 2.4517 2.4517 2.4517 2.3918 2.4517
2.2637 2.2637 2.4777 2.4827 2.3772 2.4226 2.4637 2.4085 2.4637 2.4637 2.4637 2.4637 2.4593 2.4085 2.4609 2.4609 2.4035 2.4196 2.4196 2.3720 2.4196 2.3720 2.3720 2.4196 2.4190 2.4190 2.4190 2.4190 2.4147 2.3414 2.3711 2.3711 2.3711 2.3711 2.3711 2.3625 2.3625 2.3625 2.4108 2.4108 2.4162 2.4162 2.4162 2.3685 2.3685 2.3621 2.3621 2.3297 2.3621 2.5805 2.5805 2.5805 2.5805 2.5805 2.5805 2.4009 2.4183 2.5810 2.5469 2.5469 2.5810 2.5810 2.5810 2.5810 2.5810 2.6067 2.4517 2.4517 2.4517 2.3918 2.4517
2.4546 2.1536 2.1765 2.4827 2.4827 2.3772 2.4593 2.4637 2.4637 2.4637 2.4637 2.4085 2.4085 2.4085 2.4609 2.4609 2.3720 2.3720 2.4196 2.3720 2.4196 2.3720 2.4196 2.3720 2.4190 2.3777 2.4190 2.4190 2.4190 2.4190 2.4190 2.4190 2.4190 2.4190 2.3414 2.3625 2.3625 2.3584 2.3625 2.3625 2.3625 2.3297 2.3625 2.3584 2.3625 2.3731 2.3731 2.3731 2.3731 2.4164 2.4164 2.5868 2.4009 2.5465 2.5805 2.5805 2.5461 2.4183 2.4183 2.5469 2.5810 2.5810 2.5810 2.5810 2.5810 2.5810 2.4517 2.4517 2.3918 2.4517 2.4517
2.4546 2.4777 2.4777 2.4827 2.4827 2.3772 2.4593 2.4637 2.4637 2.4637 2.4637 2.4593 2.4637 2.4637 2.4609 2.4609 2.4150 2.4196 2.4196 2.3720 2.4196 2.4196 2.4196 2.4196 2.4148 2.4190 2.4190 2.4190 2.4190 2.4190 2.4190 2.4190 2.4190 2.4190 2.3777 2.4108 2.4108 2.4108 2.4108 2.4108 2.4108 2.4108 2.4108 2.2682 2.3625 2.3731 2.3731 2.3731 2.6256 2.5868 2.5868 2.5868 2.5868 2.5868 2.5868 2.5868 2.4172 2.4172 2.5536 2.5880 2.5880 2.5880 2.5880 2.5880 2.5810 2.5810 2.6195 2.4517 2.4517 2.4517 2.4517
2.4777 2.4777 2.4777 2.4827 2.4827 2.1879 2.4041 2.4593 2.4637 2.4637 2.4637 2.4637 2.4637 2.4637 2.4609 2.4609 2.4035 2.4129 2.2909 2.3721 2.4196 2.4196 2.3968 2.4196 2.4190 2.4190 2.4190 2.3998 2.3988 2.3777 2.4190 2.4190 2.4190 2.4190 2.4190 2.4108 2.4108 2.4108 2.4108 2.4108 2.4108 2.4108 2.4069 2.3859 2.3838 2.4205 2.4205 2.4205 2.4205 2.6134 2.5868 2.5868 2.5868 2.5868 2.5868 2.5868 2.5880 2.5544 2.4172 2.5880 2.5544 2.5880 2.4172 2.5880 2.5880 2.5880 2.5884 2.4559 2.4559 2.4559 2.4559
2.4777 2.4777 2.4777 2.4827 2.4827 2.4227 2.5836 2.4637 2.4637 2.4637 2.4637 2.4637 2.4637 2.4610 2.4610 2.4610 2.4610 2.4367 2.4129 2.2909 2.4196 2.4196 2.2909 2.3969 2.4190 2.4190 2.4190 2.4148 2.4166 2.4148 2.4148 2.4190 2.4190 2.4190 2.4108 2.4108 2.4108 2.4108 2.4108 2.4108 2.4108 2.4108 2.4069 2.3935 2.4108 2.4206 2.4166 2.4206 2.4206 2.4206 2.3747 2.3747 2.5868 2.5868 2.5868 2.5880 2.5880 2.4172 2.4172 2.5880 2.5880 2.5880 2.5880 2.5880 2.5880 2.5880 2.5884 2.6099 2.4559 2.4559 2.4559
2.4777 2.4777 2.4777 2.4827 2.4827 2.5441 2.4637 2.4637 2.4085 2.4637 2.4637 2.4637 2.4637 2.4610 2.4610 2.4610 2.4610 2.4036 2.4159 2.3721 2.4197 2.4197 2.4006 2.1716 2.3961 2.4190 2.4190 2.4190 2.4190 2.4190 2.4190 2.4190 2.4190 2.4190 2.4108 2.4069 2.0433 2.3280 2.3631 2.4108 2.4108 2.4108 2.4108 2.4051 2.4108 2.4206 2.4206 2.4206 2.4206 2.4206 2.4206 2.4206 2.4164 2.4164 2.4164 2.5880 2.5880 2.4172 2.4172 2.4172 2.5880 2.4172 2.5880 2.5880 2.5880 2.5880 2.5884 2.5884 2.3959 2.4560 2.4560
2.8289 2.5349 2.5349 2.5471 2.5441 2.4637 2.4637 2.4637 2.4637 2.4637 2.4637 2.4637 2.4637 2.4610 2.4610 2.4610 2.4610 2.4036 2.3096 2.3721 2.4197 2.4197 2.4197 2.3969 2.3961 2.3961 2.4191 2.4191 2.4191 2.4191 2.4191 2.4191 2.4191 2.4191 2.4108 2.4069 2.1327 2.3341 2.3581 2.4108 2.4108 2.4108 2.4108 2.4051 2.3631 2.4206 2.4206 2.4206 2.4206 2.4206 2.4206 2.5868 2.5868 2.4164 2.4164 2.5880 2.5880 2.5880 2.4172 2.4172 2.5880 2.5880 2.5880 2.5880 2.5880 2.5880 2.5885 2.5885 2.5885 2.4560 2.4560
2.8162 2.7039 2.5177 2.5441 2.5441 2.4227 2.4638 2.4638 2.4085 2.4638 2.4638 2.4638 2.4638 2.4610 2.4610 2.4610 2.4610 2.4558 2.4427 2.3721 2.4197 2.4197 2.4197 2.0840 2.4129 2.4129 2.3961 2.4191 2.4191 2.4191 2.4191 2.4191 2.4191 2.4191 2.3626 2.3653 2.3265 2.0662 2.0736 2.4108 2.4108 2.4069 2.4108 2.3631 2.3631 2.4206 2.4206 2.4206 2.4206 2.4206 2.4206 2.6135 2.5868 2.4164 2.4164 2.5880 2.5880 2.5880 2.4173 2.4173 2.5880 2.5880 2.5880 2.4173 2.5880 2.5880 2.5885 2.5885 2.5885 2.5885 2.4560
2.7838 2.7053 2.6585 2.5384 2.4630 2.4615 2.4523 2.4615 2.4615 2.4615 2.4638 2.4638 2.4638 2.4610 2.4610 2.4610 2.4610 2.4625 2.3981 2.3721 2.4197 2.3721 2.3721 2.4150 2.4129 2.4129 2.4129 2.4191 2.4191 2.4191 2.4191 2.4191 2.4191 2.4191 2.3626 2.3616 2.3626 2.0583 2.2597 2.4109 2.4109 2.3656 2.4109 2.3631 2.4109 2.4206 2.4206 2.4206 2.4206 2.4206 2.4206 2.5868 2.5352 2.5868 2.5868 2.5881 2.5881 2.5881 2.5537 2.4173 2.4173 2.5881 2.5545 2.5545 2.5881 2.5881 2.5885 2.5885 2.5885 2.5885 2.4560
3.0846 2.5297 2.5752 2.4615 2.4615 2.4615 2.4615 2.4615 2.4615 2.4615 2.4615 2.4615 2.4615 2.3864 2.4732 2.4732 2.4732 2.2949 2.4055 2.0919 2.4062 2.1848 2.3721 2.4197 2.4191 2.4129 2.3961 2.4191 2.4191 2.4191 2.4191 2.4191 2.4191 2.4191 2.3626 2.3566 2.3566 2.2502 2.4052 2.4052 2.4109 2.3656 2.4109 2.4109 2.4109 2.4206 2.4206 2.4206 2.4206 2.4206 2.4206 2.4206 2.5080 2.4164 2.4164 2.4173 2.5881 2.5881 2.5881 2.4173 2.4173 2.5881 2.5881 2.5545 2.5881 2.5881 2.5885 2.5885 2.4022 2.5489 2.3959
3.0847 3.0847 2.3673 2.4615 2.4615 2.4615 2.4005 2.4615 2.4615 2.4615 2.4615 2.4615 2.4615 2.3864 2.4732 2.4732 2.3466 2.3864 2.3950 2.1764 2.4062 2.1838 2.3821 2.4202 2.4254 2.3797 2.3992 2.3797 2.4254 2.4254 2.4254 2.4254 2.4254 2.4254 2.3626 2.3626 2.3566 2.3829 2.3922 2.4109 2.4109 2.4109 2.4109 2.4109 2.4206 2.3732 2.4206 2.4206 2.4206 2.4206 2.4206 2.3945 2.5869 2.5869 2.5869 2.5881 2.5881 2.5881 2.5881 2.5881 2.4173 2.4173 2.5881 2.5881 2.5881 2.5881 2.5885 2.5885 2.4022 2.5885 2.5885
3.0847 3.0847 2.4205 2.4615 2.4615 2.4615 2.4005 2.4615 2.4615 2.4615 2.4615 2.4615 2.4615 2.3865 2.3449 2.3449 2.3466 2.3865 2.3865 2.1672 2.3958 2.3766 2.4256 2.3814 2.4254 2.4254 2.4192 2.3639 2.4254 2.4254 2.4254 2.4254 2.4254 2.4254 2.4291 2.4291 2.4291 2.3956 2.3992 2.4265 2.4291 2.4291 2.4291 2.3832 2.3795 2.3795 2.3956 2.3956 2.3956 2.3956 2.4108 2.4563 2.5116 2.6135 2.5869 2.5881 2.5881 2.4173 2.4173 2.5881 2.4173 2.4173 2.5545 2.5881 2.5881 2.5885 2.5885 2.5885 2.5885 2.5885 2.5885
3.0847 3.0847 2.4138 2.4615 2.4615 2.4615 2.4615 2.4615 2.4615 2.4615 2.4615 2.4615 2.4615 2.4732 2.4110 2.4316 2.3788 2.3865 2.3865 2.0563 2.3630 2.3716 2.4204 2.4192 2.4254 2.4192 2.4018 2.4179 2.4192 2.3814 2.4254 2.4254 2.4254 2.4254 2.4291 2.4291 2.4291 2.4291 2.3829 2.3830 2.3804 2.3175 2.3489 2.3795 2.3757 2.3916 2.3863 2.3943 2.4017 2.4112 2.4272 2.4417 2.4839 2.5214 2.5871 2.5825 2.5825 2.3988 2.4173 2.5881 2.5881 2.4173 2.5545 2.5881 2.5881 2.5490 2.5885 2.5885 2.5885 2.5885 2.5885
