test/test_data/tcaap/monthly_mean_over_all_Aug__actual_et__2015-01-01_to_2019-12-31__180_by_260__inches.asc
NCOLS        180
NROWS        260
XLLCORNER     476375.000
YLLCORNER    4970875.000
CELLSIZE        100.000
NODATA_VALUE -9999.
[rows 32 to 63 of 260, columns 71 to 141 of 180]
3.8013 3.8013 3.8014 3.8013 3.8013 3.3286 3.6110 3.6664 4.1683 3.7487 3.7558 3.7558 3.7558 3.7558 3.7558 3.7558 3.7558 3.7558 3.6893 3.8045 3.6971 3.6350 3.8630 3.9157 3.8570 3.8655 3.9528 3.9459 3.8655 3.9459 3.9459 3.5912 3.7049 3.7386 3.7386 3.7386 3.7386 3.7386 3.9841 3.7958 3.9841 3.9841 5.0153 5.0153 5.0153 5.0153 3.8324 3.6302 4.0723 3.7169 3.7169 3.7169 5.0172 5.0172 5.0172 5.0172 5.0172 5.0172 5.0172 5.0172 5.0172 3.6736 3.7096 3.7254 3.6596 3.7037 4.2364 4.2364 3.6596 3.5988 3.6984
3.8013 3.8013 3.8013 3.8013 3.8013 3.3143 3.3286 3.0383 3.1061 2.9417 3.1717 3.7559 3.7559 3.6379 3.6379 3.7506 3.7559 3.7559 4.0702 3.9598 3.9598 3.7908 3.8949 3.8404 3.8513 3.8434 3.9226 3.8653 3.8656 3.9460 3.9460 3.8837 3.8443 3.9094 3.6464 3.6464 3.5912 3.9617 3.9617 3.9841 3.9841 3.9841 5.0154 5.0154 5.0154 5.0154 3.8324 4.0566 3.7713 3.7169 3.7169 3.7169 5.0172 5.0172 5.0172 5.0172 5.0172 5.0172 5.0172 5.0172 5.0172 3.7200 3.7096 3.7254 3.7254 3.6408 3.6596 3.6596 3.5761 3.6596 3.6470
3.7273 3.8013 3.8013 3.8013 3.7925 3.1061 3.3523 3.0175 2.9417 2.9417 2.9946 3.1717 3.6379 3.6379 3.6379 3.9100 3.9100 3.7559 3.7616 3.9598 3.8742 3.8294 3.8067 3.8263 3.8434 3.8434 3.8434 3.8434 3.9460 3.9460 3.9460 3.8708 3.7825 3.8366 3.8366 3.8366 3.8366 3.9617 3.9617 3.9841 3.9841 3.9841 5.0154 5.0154 5.0154 5.0154 5.0154 3.8325 3.6302 3.6302 3.6302 3.7169 5.0173 5.0173 5.0173 5.0173 5.0173 5.0173 5.0173 5.0173 5.0173 5.0173 3.7660 3.7255 3.7255 3.6014 3.6014 3.6596 3.6596 3.6596 3.5988
3.7562 3.8886 3.8013 3.8013 3.5907 4.4248 3.9836 4.3674 4.4248 4.4248 3.0225 3.8707 3.7903 3.8160 3.7559 3.7559 3.7559 3.7559 3.5990 3.8742 3.8329 3.8297 3.8082 3.8435 3.8435 3.8435 3.8435 3.8656 3.8656 3.8656 3.5784 3.6463 3.6463 3.8366 3.8366 3.8366 3.8366 3.8366 3.9842 4.0055 3.9842 5.0067 5.0154 5.0154 5.0154 5.0154 5.0154 3.8325 3.8325 3.7170 3.7170 3.7768 5.0173 5.0173 5.0173 5.0173 5.0173 5.0173 5.0173 5.0173 5.0173 5.0173 3.8075 3.7167 3.7255 3.6596 3.6014 3.5129 3.5080 3.6014 3.6596
3.8115 3.8773 3.8886 3.8886 4.5070 4.5070 4.4130 4.5070 4.5070 4.5070 4.1938 4.1445 4.1359 3.8446 3.8264 3.7559 3.7559 3.1717 3.8742 3.7789 3.7996 3.8041 3.8201 3.8438 3.8435 3.8435 3.8435 3.8656 3.8435 3.7779 3.5784 3.6804 3.6804 3.8366 3.8366 3.8366 3.8366 3.9842 3.9842 3.9842 3.9842 4.1680 5.0155 5.0155 5.0155 5.0155 5.0155 3.8325 3.4936 3.7170 3.7768 3.7768 3.7097 3.6736 5.0173 5.0173 5.0173 5.0173 5.0173 5.0173 5.0173 5.0173 5.0173 3.7700 3.7700 3.6014 3.6669 3.5244 3.5194 3.5157 3.6253
3.8886 3.7039 3.7243 3.1015 3.0638 3.0211 4.4130 4.5788 4.3757 3.8819 3.8950 3.8950 3.8950 3.8854 3.9428 3.8305 3.8305 3.8305 3.8160 3.8470 3.8654 3.8996 3.9146 3.9424 3.9436 3.5143 3.8435 3.8435 3.8435 3.6813 3.7764 3.6804 3.6804 3.8366 3.8366 3.8366 3.9842 3.9842 3.9842 3.9842 3.9842 3.9842 3.8112 5.0155 5.0155 5.0155 5.0155 3.8162 3.5451 3.7768 3.7768 3.7768 3.7097 3.7097 3.8646 3.9542 4.0247 5.0173 5.0173 5.0173 5.0173 5.0173 5.0173 3.7255 3.7700 3.6669 3.6669 3.5571 3.6014 3.6669 3.6596
3.8886 3.6883 3.4417 3.0778 3.0523 3.0211 4.4130 4.3757 4.3757 3.8820 3.8951 3.8951 3.8951 3.8951 3.8951 3.8233 3.8305 3.8305 3.8292 3.8980 3.8642 3.8840 3.8996 3.9374 3.9414 3.9408 3.9431 3.9599 3.7916 3.7916 3.7916 3.8027 3.8027 3.6549 3.9621 3.9621 4.1120 4.1120 3.9842 3.9842 3.9842 3.9401 3.7551 3.8112 5.0155 5.0155 3.8163 3.8163 3.5451 3.7769 3.7769 3.7769 3.7097 3.7097 3.7097 3.9755 4.0742 4.0742 5.0174 5.0174 5.0174 3.6737 3.7255 3.7255 3.7255 3.6669 3.6015 3.6015 3.6015 3.6669 3.6669
4.0791 3.4417 3.3998 3.3998 3.3998 3.0211 4.4130 4.3757 4.3757 3.8145 3.8306 3.8306 3.8306 3.8306 3.8233 3.8306 3.8306 3.8306 3.7222 3.8137 3.8461 3.8660 3.8821 3.9259 3.9346 3.9313 3.9178 3.8934 3.7916 3.7916 3.7916 3.8027 3.8027 4.0290 3.9621 3.9621 3.9621 4.1120 4.1120 4.1120 4.1120 4.0120 4.0120 3.9179 3.9179 3.8733 3.8733 3.8733 3.5779 3.7484 3.7769 3.7769 3.7097 3.7097 3.7097 3.6255 3.7097 3.7019 5.0174 5.0174 3.7019 3.6450 3.7255 3.7255 3.7255 3.6669 3.6597 3.6015 3.6015 3.6669 3.6669
4.1291 3.4073 3.8200 3.8200 3.8200 3.3998 4.5071 4.3414 4.3414 3.8113 3.2342 3.6204 3.8233 3.8306 3.8306 3.8306 3.8306 3.8306 3.4554 3.7966 3.8295 3.8492 3.8651 3.8754 3.8801 3.8796 3.8741 3.8547 3.7916 3.7916 3.7916 3.8027 3.8027 4.0290 3.9621 3.9621 3.9621 4.0742 4.0960 4.0217 4.1120 4.0121 4.0121 3.9179 3.9179 4.0973 3.8733 3.8733 3.6672 3.7485 3.8110 3.8110 3.7262 3.7262 3.7262 3.6453 3.6453 3.7262 3.7262 3.7262 3.7262 3.7185 3.6520 3.7256 3.7256 3.7256 3.6597 3.6597 3.6015 3.6015 3.6015
3.8774 3.8145 3.8887 4.1291 4.1291 4.1291 4.1573 4.4502 5.0191 5.0191 3.6715 3.2401 3.4554 3.8306 3.8306 3.8306 3.8306 3.8306 3.8306 3.7853 3.8179 3.8369 3.8519 3.8609 3.8644 3.8634 3.8586 3.8234 3.8031 3.7916 3.7916 3.7962 3.7962 4.0290 3.9621 3.9621 3.9621 3.9094 3.9188 3.9216 3.9242 3.9872 4.0121 4.0121 4.0121 4.0121 3.8733 3.8733 3.8733 3.7485 3.8110 3.8110 3.7262 3.7262 3.7262 3.6453 3.6453 3.6453 3.6453 3.7262 3.7262 3.7262 3.6358 3.6676 3.6676 3.7331 3.6676 3.6676 3.6676 3.6676 3.6676
3.8774 3.8887 3.8887 4.1292 4.1292 4.1292 4.4502 4.4502 4.4131 3.6578 3.8233 3.8306 3.7172 3.7111 3.7138 3.8306 3.8306 3.8306 3.8306 3.4554 3.7531 3.8308 3.8445 3.8517 3.8536 3.8518 3.8477 3.8039 3.7966 3.7977 3.8023 3.9001 3.7122 3.9622 3.9622 3.9622 3.9622 3.9072 3.4678 3.4580 3.9242 4.0121 4.0121 4.0121 4.0121 4.0121 3.8733 3.8733 3.8733 4.2455 3.7721 3.8110 3.7262 3.7262 3.7262 3.6453 3.7262 3.6453 3.7262 3.7262 3.7262 3.7262 3.7255 3.6676 3.6676 3.7332 3.7332 3.7332 3.7332 3.6514 3.7332
3.8887 3.8887 3.8887 3.8887 3.8887 4.0791 5.0192 4.4131 4.4131 3.8233 3.8233 3.8233 3.7927 3.7139 3.8306 3.8306 3.8306 3.8306 3.8306 3.8306 3.7344 3.9010 3.9153 3.9218 3.8507 3.8483 3.8452 3.8009 3.8011 3.8133 3.8296 3.8779 3.9022 3.9311 3.9622 3.9622 3.9692 3.4760 3.4705 3.4604 3.4481 4.0121 3.9872 4.0121 4.0121 4.0121 3.9179 3.8733 3.8733 4.3941 4.1548 3.8110 3.7263 3.7263 3.7263 3.7263 3.7263 3.7263 3.7263 3.7263 3.7263 3.7263 3.7255 3.6599 3.6676 3.6676 3.6676 3.7332 3.6676 3.6632 3.7332
3.8432 5.0192 5.0192 5.0192 3.8887 3.8774 5.0192 5.0192 4.1573 3.8234 3.8234 3.8234 3.8234 3.8306 3.8952 3.8306 3.8306 3.8306 3.8306 3.8952 3.8166 3.8403 3.8528 3.9309 3.8587 3.8566 3.8548 3.8557 3.8599 3.8673 3.9133 3.9273 3.9422 3.9629 3.9712 3.9734 3.9753 3.4760 3.4721 3.4670 3.4532 4.0121 4.0121 4.0121 4.0121 4.0121 4.0121 3.8072 3.8733 4.3941 4.6230 4.0415 3.7263 3.7263 3.7263 3.7263 3.7263 3.7263 3.6614 3.7263 3.7263 3.7263 3.7332 3.6359 3.6096 3.6676 3.6676 3.6676 3.6676 3.6632 3.7289
5.0192 5.0192 5.0192 3.8432 3.8432 5.0192 5.0192 4.4132 4.1573 3.8234 3.8234 3.9015 5.0145 3.8234 3.8307 3.8307 3.8307 3.8307 3.8307 3.8952 3.9064 3.9294 3.8698 3.9501 3.8782 3.8776 3.8776 3.8804 3.8861 3.8942 3.9403 3.9521 3.9640 3.9953 3.9957 3.9924 3.9892 3.4748 3.4726 3.4686 3.4606 4.0122 4.0122 4.0122 4.0122 4.0122 4.0122 3.8098 2.9990 3.9360 4.6230 4.0768 3.9542 3.7186 3.7263 3.6654 3.7263 3.7219 3.6569 3.6614 3.7263 3.7263 3.7332 3.6676 3.6359 3.6676 3.6676 3.6676 3.6676 3.7332 3.7332
5.0287 5.0287 5.0287 5.0287 5.0287 4.4938 4.4938 4.1885 4.1573 3.8234 3.8952 3.8952 5.0146 5.0146 3.8234 3.8234 3.9015 3.8307 3.8307 3.8952 3.9064 4.1243 3.5195 3.9012 3.9049 3.9061 3.9075 3.9111 3.9160 3.9222 3.9693 4.0114 4.0218 4.0143 4.0130 3.9936 3.9923 3.4730 3.4724 3.4695 3.9179 4.0122 4.0122 4.0122 4.0122 4.0122 4.0122 3.8098 3.8098 3.9360 4.6230 4.1773 4.1773 4.2981 4.5814 4.5814 4.9997 4.5814 4.1805 3.7263 3.7263 3.7263 4.3048 3.6676 3.6096 3.6096 3.6676 3.6676 3.6599 3.6676 3.6676
5.0287 5.0287 5.0287 5.0287 5.0287 4.4938 4.2254 4.3301 4.3301 3.9207 3.8715 4.3844 5.0101 5.0101 3.8044 3.8044 3.8044 3.8044 3.8044 3.8715 4.0314 4.0314 4.0314 3.5249 3.9304 3.9324 3.9340 3.9366 3.9400 3.9436 3.9931 4.0218 4.0218 4.0218 4.0196 4.0010 3.4686 3.4709 3.4717 3.4700 3.9170 4.0122 4.0122 4.0122 3.9180 3.9180 3.3565 3.8098 3.8098 3.8073 3.8734 2.9363 4.1872 2.9363 4.5814 4.9997 4.9997 4.5814 3.8710 3.9711 3.6654 4.1385 4.1303 4.2136 3.6359 3.6097 3.6097 3.6097 5.0000 3.6676 3.6122
3.9915 3.9580 5.0287 5.0287 5.0287 4.2491 4.3301 3.8402 4.0950 4.3844 4.3844 4.3844 5.0101 5.0101 3.8044 3.8044 3.8044 3.8044 3.8044 3.8354 4.0271 4.0101 4.0258 4.1113 3.4872 3.9514 3.9528 3.9543 3.9561 3.9580 3.9736 4.0931 4.1122 4.1122 4.1122 4.0196 3.4554 3.4690 3.4710 3.4704 3.4662 3.9061 4.9994 4.9994 4.9994 3.8073 3.8098 3.8098 3.8098 3.8098 2.9990 3.6044 3.6044 3.6044 2.9094 4.9997 4.9997 3.8710 3.8609 3.6336 4.4376 4.2735 4.2556 5.0000 3.6730 3.6730 3.6097 3.6677 3.6677 3.6677 3.0795
3.9915 3.9915 5.0288 5.0288 5.0288 4.2491 3.8088 4.0950 4.0950 4.3844 4.3844 4.3844 5.0101 5.0101 3.8044 3.8716 3.8716 3.8044 3.8044 3.8354 4.0025 4.0280 4.1303 4.0403 3.9583 3.4805 3.9689 3.9692 3.9694 3.9695 3.9840 4.0946 4.0937 3.9016 3.9016 3.4161 3.4234 3.4375 3.4406 3.4410 3.4374 3.9486 4.9805 4.9805 3.9180 4.0122 3.8099 3.8210 3.8098 3.8098 3.1706 3.5341 3.9412 3.0907 2.9210 2.9085 2.9363 2.9363 3.0907 3.5020 3.0907 3.0907 4.5650 3.7751 3.7333 3.7333 3.7333 3.7333 3.7333 3.6677 3.0795
3.9187 3.8712 3.8578 5.0288 5.0288 5.0288 3.8088 4.1764 3.7954 3.9208 4.3844 4.7557 5.0102 5.0102 5.0102 3.8716 3.8716 3.8044 3.8044 3.8644 3.4965 4.0234 4.0375 4.0687 3.9952 3.4881 3.9702 3.9799 3.9785 3.9770 3.9904 3.9903 3.9888 3.9016 3.9016 3.4161 3.4235 3.4302 3.4600 3.1330 3.4680 3.9233 3.9764 3.9041 3.9041 4.0778 3.9041 3.9041 3.9041 3.9041 3.1179 3.0394 3.0394 3.8029 3.5332 2.9081 2.9114 2.9081 3.0111 3.6352 3.0111 3.0795 3.6122 3.7333 3.7333 3.6515 3.6677 3.7333 3.6677 3.6122 3.8063
3.7042 3.8712 3.8712 3.7901 5.0288 5.0288 5.0288 4.0810 3.8088 4.2008 3.8601 4.4335 5.0102 5.0102 5.0102 5.0102 4.3845 3.8045 3.8045 3.8644 3.8644 3.4881 4.0490 4.2069 4.1262 4.2006 3.8644 3.8807 3.9841 3.9739 3.9884 4.1628 3.4161 4.2029 4.2029 4.1773 4.1407 3.9718 4.0678 3.6851 3.2350 4.0806 4.1858 4.1858 4.1858 3.9041 4.1858 3.9764 4.1482 4.1858 4.1599 4.0865 4.0865 4.0865 4.1636 3.9349 3.3100 3.9221 4.0090 3.7309 3.8188 3.9630 3.6405 3.7074 3.7074 3.0125 3.6468 3.6122 3.6122 3.6122 3.0796
3.8712 3.8712 3.7893 5.0288 3.7720 3.7331 5.0288 4.2508 4.1886 3.8601 3.8182 4.4335 4.4335 4.6050 5.0102 5.0102 5.0102 3.8045 3.8355 3.8644 3.8644 3.8644 3.8644 4.9985 4.9985 4.9985 4.1471 3.1295 3.8983 3.4750 3.9017 3.9885 3.9885 4.2029 4.1773 4.1773 4.1628 4.2029 4.1773 4.1773 3.8316 3.8925 4.1858 4.1858 4.1858 4.1858 4.1858 4.1482 4.1482 4.1858 4.1599 4.0865 4.1119 4.1119 4.3887 4.6091 4.6091 3.9722 4.4728 4.1696 4.1696 4.0609 3.9071 4.9907 4.9907 3.2834 3.6468 3.5842 3.6405 3.6405 3.6584
4.1183 3.8713 3.7955 3.8226 3.8226 5.0289 5.0289 5.0289 4.3340 3.8601 3.8601 4.5748 4.2467 4.2467 5.0102 5.0102 5.0102 3.6806 3.8355 3.8644 3.8644 3.8644 4.9985 4.9985 4.9985 4.9985 4.9985 3.8983 3.0928 4.0019 3.4161 3.4161 4.0178 4.1773 4.1773 4.1994 4.1629 4.2030 4.1773 4.1773 3.8316 4.1599 4.1858 4.1858 4.9807 4.1858 4.1858 4.1663 4.1482 4.1858 4.1599 4.0865 4.1119 4.1119 4.6091 4.6091 4.6091 4.6091 4.6091 4.6091 4.1696 4.0609 4.9907 4.9907 4.9907 4.9907 3.0125 3.6468 3.6405 3.6405 3.6895
3.7902 3.7902 3.8713 3.8713 5.0289 5.0289 5.0289 4.1886 3.8653 3.8151 4.1734 4.6014 4.4335 3.8969 3.8969 5.0103 4.2109 3.8355 3.8355 3.8644 3.8644 3.8644 4.9986 4.9986 4.9986 4.9986 4.9986 4.9986 4.1471 3.8644 3.9885 3.4161 3.3923 4.2030 4.2030 4.1629 4.1629 4.2030 4.2030 4.1773 4.1599 4.1599 4.1599 4.1599 4.1387 4.9807 4.1482 4.1482 4.1482 4.1858 4.1599 4.0865 4.1119 4.1119 4.6091 4.6091 4.6091 4.6091 4.6091 4.6091 4.1431 4.9908 4.9908 4.9908 4.9908 4.9908 3.2835 3.2835 3.7074 3.7074 3.6405
3.7902 3.8713 3.8713 3.8713 5.0289 5.0289 5.0289 4.2438 3.8182 3.8151 3.7961 4.6014 3.8332 3.8793 3.9208 4.6014 4.3538 3.8355 3.8355 3.8645 3.8645 3.8645 4.9986 4.9986 4.9986 4.9986 4.9986 4.9986 4.1550 4.1471 3.8900 3.9885 3.9885 4.2030 4.2030 4.1629 4.1629 4.2030 4.2030 4.1774 4.1599 4.1599 4.1599 4.1599 4.1859 4.9807 4.1483 4.1859 4.1859 4.1599 4.1599 4.1120 4.1120 3.9037 4.0671 4.6091 4.6091 4.6091 4.6091 4.6091 4.6356 4.9908 4.9908 4.9908 4.9908 4.9908 4.9908 4.9908 3.6682 3.6405 3.6405
4.0885 3.8387 3.8713 3.8713 5.0290 5.0290 5.0290 5.0290 4.2625 3.8151 3.7961 3.7961 3.8667 3.9209 3.9209 4.2411 3.8403 3.8356 3.8356 3.8645 3.8645 3.8645 4.9986 4.9986 4.9986 4.9986 4.9986 4.9986 4.9986 4.1408 3.4303 3.9719 3.9885 4.2030 4.1629 4.1629 4.2030 4.2030 4.2030 4.1774 4.1600 4.1600 4.1483 4.1600 4.1600 4.1859 4.9807 4.9807 4.1483 4.4058 4.0866 4.1120 4.1120 3.9037 4.1120 4.0866 4.2391 4.3414 4.6092 4.6092 3.8348 4.9908 4.9908 4.9908 4.9908 4.9908 4.9908 4.9908 4.9908 3.6580 3.5631
4.0629 3.8246 3.8387 3.8387 5.0135 5.0135 5.0135 5.0135 5.0088 5.0088 3.7224 3.7536 3.8605 3.8934 3.8794 3.9501 3.8593 3.8356 3.8356 3.8645 3.8645 3.8645 4.9987 4.9987 4.9987 4.9987 4.9987 4.9987 4.9987 4.5646 4.1408 3.4303 4.2432 4.2030 4.1629 4.1629 4.1629 4.1629 4.1629 4.1774 4.1600 4.1600 4.1483 4.1600 4.1600 4.2212 4.2468 4.9808 4.1483 4.1600 4.0866 4.0866 4.0866 4.1120 4.1120 4.0866 4.0866 4.0941 3.8348 3.8348 3.8348 3.7280 4.9909 4.9909 3.8799 4.9909 4.9909 4.9909 4.9909 4.9909 3.6079
4.0070 4.0070 3.7582 3.8246 3.8246 5.0135 5.0135 5.0135 5.0088 5.0088 5.0088 3.7792 3.9315 3.9773 3.6947 3.0225 3.0127 3.8236 3.8236 3.7905 3.7905 3.7905 3.7905 4.9895 4.9895 4.9895 4.9987 4.9987 4.9987 4.9904 4.9904 3.4162 3.4162 4.2031 4.1630 4.1630 4.1630 4.1630 4.1630 4.1774 4.1600 4.1600 4.1600 4.1600 4.1600 4.1600 4.4153 4.2468 4.2468 4.1859 4.0866 4.0866 4.0866 4.0866 4.1120 4.0866 4.0866 4.0568 3.8349 3.8349 3.8349 3.9082 3.9082 3.9082 3.9082 4.9909 4.9909 4.9909 4.9909 4.9909 3.6326
4.0886 3.9902 4.0398 3.8246 3.5967 3.7897 5.0136 5.0136 5.0089 5.0089 4.2508 3.7536 3.8763 3.9679 3.9165 3.8733 4.0448 3.8236 3.8236 3.7905 3.7905 3.7905 3.7905 3.7963 4.9895 4.9895 4.9895 4.9895 4.9895 4.9857 4.1138 3.9588 3.3307 4.1618 4.1138 4.1138 4.1618 4.1408 4.1774 4.2031 4.1859 4.1859 4.1859 4.1600 4.1600 4.2469 3.8868 3.8868 4.0780 4.1859 4.1120 4.0866 4.0866 4.1120 4.0866 4.0866 4.0866 4.0866 4.1767 4.1767 4.0189 3.9082 3.9082 3.9082 3.9082 4.9909 4.9909 4.9909 4.9909 4.9909 3.7306
4.0886 4.0398 4.0398 3.7897 3.7501 3.8388 5.0136 5.0136 5.0089 5.0089 4.2508 3.6947 3.7384 4.0066 3.8874 3.9066 3.9215 3.3977 3.4400 3.7906 3.7906 3.7906 3.7906 3.7906 3.7963 4.9896 4.9896 4.9896 4.9896 4.2165 4.1618 4.0618 2.9747 4.1138 4.1138 4.1618 4.1618 4.1363 4.1363 4.1363 4.1570 4.1818 4.1363 4.1570 3.8628 4.2132 3.8628 3.8696 3.8736 4.1860 4.9918 4.0866 4.1121 4.1121 4.0866 4.0866 4.0866 4.0866 3.8349 4.0190 4.0190 3.9082 3.9082 3.9082 3.9082 4.9910 4.9910 4.9910 4.9910 4.9910 3.6714
5.0136 4.1019 3.7318 3.7318 3.8388 3.8388 5.0136 5.0136 5.0089 5.0089 5.0089 3.8657 3.7241 3.8329 3.8678 3.8932 3.9124 3.9272 3.9357 3.7906 4.0332 4.0332 4.0332 3.7906 3.7963 4.2103 4.9896 4.9896 4.9896 4.1236 4.1618 4.0618 4.0618 3.3307 4.1138 4.1618 4.1618 4.1363 4.1363 4.1363 4.1571 4.1818 4.1818 4.1571 3.8629 3.4188 3.4188 3.8696 4.0713 4.1818 4.1286 4.1286 4.1286 4.1024 4.1024 4.1024 4.1024 4.1024 4.0381 4.0381 4.0381 3.9083 3.9083 3.9083 3.7956 3.9083 4.9910 4.9910 4.9910 4.9910 3.7075
5.0136 5.0136 5.0136 3.1380 3.8388 3.8388 3.8388 5.0136 5.0089 5.0089 5.0089 3.8345 3.8012 3.4590 3.4665 3.8813 3.9058 3.9158 3.4035 3.7906 4.0333 4.0333 4.0333 4.0333 3.7963 3.7963 3.7963 3.8177 3.8742 4.1236 4.2052 4.0618 4.0618 3.3307 3.9589 4.1618 4.1618 4.1364 4.1910 4.2133 4.3912 4.1571 4.1363 4.0713 3.8737 3.4120 3.8695 3.8711 4.0713 4.0713 4.0166 4.0166 4.1012 4.1024 4.1024 4.1024 4.1024 4.1024 4.1286 4.1286 3.9496 3.9496 3.9496 3.9496 3.8443 4.0283 4.9814 4.9814 4.9814 4.9814 3.7563
5.0137 5.0137 5.0137 3.7804 3.8388 3.8388 5.0137 5.0137 5.0090 5.0090 5.0090 3.7537 3.2063 3.7298 3.7527 3.9446 3.9025 3.4410 3.4035 3.7906 3.7906 4.0333 4.0333 4.0577 4.0577 4.0577 4.0577 4.0577 4.4057 4.0619 3.9888 4.0619 3.8201 3.3307 4.1619 4.1619 4.1619 4.1910 4.1910 4.2133 4.3001 3.9523 3.9523 4.0713 4.0713 3.8737 3.8708 3.4090 3.4078 3.8737 3.8163 4.0166 4.1286 4.1024 4.1024 4.1024 4.1024 4.1024 4.1286 4.1286 3.9954 3.9497 3.9497 3.9497 3.7719 4.0283 4.9814 4.9814 4.9814 3.7465 4.7818
