test/test_data/tcaap/monthly_mean_over_all_Apr__actual_et__2015-01-01_to_2019-12-31__180_by_260__inches.asc
NCOLS        180
NROWS        260
XLLCORNER     476375.000
YLLCORNER    4970875.000
CELLSIZE        100.000
NODATA_VALUE -9999.
[rows 64 to 95 of 260, columns 71 to 141 of 180]
3.0895 3.0895 3.0895 2.2698 2.3211 2.3703 3.0895 3.0895 3.0894 3.0894 3.0894 2.3615 2.3133 2.2296 2.2651 2.3509 2.2402 2.2865 2.3061 2.4219 2.4219 2.4219 2.4219 2.4219 2.4219 2.4219 2.4219 2.4219 2.4219 2.5381 2.5590 2.5381 2.5381 2.5381 2.4289 2.5590 2.5590 2.5509 2.5509 2.5655 2.5566 2.2975 2.4393 2.4393 2.3146 2.4496 2.4497 2.3108 2.4549 2.5145 2.5203 2.5570 2.5765 2.5537 2.5383 2.5618 2.5618 2.5417 2.5765 2.7232 2.5558 2.5076 2.5076 2.5076 2.5076 2.5224 2.4711 3.0704 2.3730 2.3341 2.6248
3.0895 3.0895 3.0895 2.2698 1.9283 2.3127 2.3127 2.3127 2.2296 2.0760 2.0786 2.3352 2.3133 2.3621 2.3357 2.0755 2.2459 2.3362 2.3787 2.3615 2.2753 2.5286 2.5286 2.4220 2.4220 2.5286 2.4876 2.6611 2.6472 2.5381 2.5381 2.5590 2.4289 2.4289 2.4289 2.4289 2.5590 2.5430 2.5430 2.5566 2.5566 2.4393 2.4393 2.4393 2.4393 2.4393 2.4393 2.5484 2.5514 2.5152 2.5239 2.5256 2.5537 2.5537 2.5618 2.5618 2.5618 2.4726 2.7943 2.7335 2.5558 2.5558 2.5076 2.5076 2.5076 2.4023 2.3699 2.3745 2.3745 2.3745 2.5735
2.5016 2.1092 3.0895 2.0377 1.9653 2.3127 2.3127 2.3127 2.3133 2.3621 2.3575 2.3575 2.2296 2.3621 2.3319 2.3575 2.2594 2.6312 2.4319 2.4876 2.5286 2.5286 2.5286 2.2753 2.5212 2.5092 2.7080 2.6611 2.7297 2.5430 2.5430 2.5430 3.0754 3.0754 2.4289 2.4289 2.4289 2.5430 2.5430 2.5566 2.5566 2.4393 2.4393 2.4393 2.5362 2.2975 2.4393 2.4393 2.3305 2.5276 2.5239 2.5227 2.5537 2.5765 2.5618 2.5618 2.5618 2.5710 2.5618 2.7308 2.5558 2.5076 2.5076 2.5076 2.5416 2.5719 2.3255 2.3239 2.5834 2.5834 2.6403
2.3865 2.3603 2.3221 2.2574 2.3138 2.3481 2.3481 2.3573 2.3133 2.3665 2.3665 2.3535 2.3316 2.0941 2.3357 2.3116 2.3363 2.3363 2.3522 2.6853 2.6717 2.5416 2.2753 2.2561 2.2561 2.4048 2.5341 2.7297 2.7297 2.5430 2.5430 2.5430 3.0755 3.0755 2.4289 2.4289 2.4289 2.4122 2.4122 2.4393 2.4393 2.4393 2.4393 2.5362 2.4972 2.2975 2.2975 2.3305 2.3305 2.3146 2.3435 2.3463 2.3435 2.4683 2.4522 2.4522 2.4522 2.5619 2.5619 2.5619 2.5286 2.5478 2.3887 2.3887 2.5416 2.3169 2.5080 2.5080 2.5483 2.4479 2.3341
2.5139 3.0793 2.3333 2.3501 2.3138 2.3481 2.3481 2.3049 2.3049 2.3617 2.3617 2.3469 2.3234 2.3063 2.3528 1.9641 2.2792 2.3438 2.3718 2.6602 3.0815 2.5416 2.3186 2.2561 2.4048 2.4048 2.5341 2.5092 2.5191 2.5430 2.5430 2.5430 2.5318 3.0755 2.4289 2.4289 2.4122 2.4122 2.4122 2.4393 2.4393 2.4393 2.4393 2.4972 2.5516 2.4713 2.3146 2.3146 2.5126 2.3435 2.3435 2.3479 2.3402 2.4683 2.4683 2.3435 2.3435 2.5383 2.5619 2.5418 2.5286 2.5286 2.5478 2.5416 2.5416 2.5080 2.5080 2.5080 2.5080 2.4479 2.4659
2.5139 2.4964 2.4532 2.3138 2.3406 2.2910 2.3481 2.3049 2.3049 2.3617 2.3617 2.3049 2.3049 2.0845 2.3041 2.2639 2.5016 2.5213 2.3310 2.6654 2.8057 2.7812 2.2784 2.4171 2.4171 2.5212 2.5443 2.5179 2.5206 2.5449 2.5449 2.5430 2.5226 3.0755 2.4122 2.4122 2.4122 2.4289 2.4122 2.4393 2.4393 2.4393 2.4393 2.5127 2.3146 2.3146 2.3146 2.5127 2.5127 2.3435 2.3489 2.3383 2.3435 2.3435 2.3435 2.3585 2.3435 2.3435 2.4522 2.5619 2.5478 2.5478 2.5478 2.3887 2.2945 2.5080 2.5080 2.5080 2.5080 2.5080 2.7095
2.5139 2.5139 2.4512 2.3407 2.3407 2.2910 2.3481 2.3049 2.3049 2.3617 2.3617 2.3617 2.3049 2.3068 2.2640 2.2640 2.2640 2.4116 2.3720 2.8057 2.8057 2.7299 2.5504 2.4171 2.4171 2.5212 2.5443 2.5443 2.5449 2.5449 2.5449 2.5206 3.0768 3.0768 2.4702 2.4201 2.4201 2.2945 2.4201 2.4398 2.4398 2.4398 2.4398 2.2258 2.5127 2.5127 2.5127 2.5516 2.5516 2.4683 2.4522 2.3273 2.3370 2.3435 2.3435 2.3435 2.3435 2.5766 2.5619 2.5619 2.5478 2.5478 2.5076 2.3887 2.3887 2.5416 2.3887 2.4670 2.4670 2.4670 2.7233
2.5139 2.4854 2.4609 2.3138 2.3481 2.3481 2.2961 2.2640 2.3049 2.2208 2.3068 2.3618 2.3618 2.3618 2.3618 2.3618 2.3618 2.4290 2.2190 3.0785 3.0785 3.0785 2.5683 2.5443 2.5443 2.5443 2.5443 2.5443 2.5449 2.5449 2.5504 2.5332 3.0768 3.0768 2.4384 2.4384 2.2758 2.4372 2.4201 2.4398 2.4398 2.4398 2.4398 2.4398 2.1985 2.4398 2.4569 2.4569 2.5355 2.4462 2.4462 2.4462 2.4462 2.3390 2.3390 2.3456 3.0618 2.5411 2.5411 2.5619 2.5478 2.5478 2.2957 2.5076 2.5076 2.2760 2.1751 2.3140 2.2760 2.4883 2.3855
2.5140 2.6220 3.0794 2.8137 2.3481 2.3481 2.2478 2.2640 2.3260 2.0786 2.2517 2.3573 2.3573 2.3618 2.3618 2.3618 2.3618 2.2517 3.0785 3.0785 3.0785 3.0785 2.6910 2.5443 2.5443 2.5443 2.5443 2.5443 2.5449 2.5449 2.5449 2.5199 3.0769 3.0769 3.0769 2.2945 2.2945 2.4384 2.4384 2.4398 2.4398 2.4569 2.4398 2.4398 2.4398 2.4398 2.4398 2.4398 2.4398 2.4462 2.4462 2.4462 2.4462 2.3390 2.3390 2.4462 2.5534 3.0646 2.5575 2.5575 2.5575 2.5575 2.3047 2.5175 2.4987 2.2853 2.2853 2.2760 2.2760 2.5036 2.4877
2.4855 2.4868 3.0794 2.5087 2.2478 2.3481 2.2478 2.3618 2.3260 2.0727 2.2185 2.2208 2.3068 2.3618 2.3618 2.3618 2.3618 2.1829 3.0786 3.0786 3.0786 3.0786 3.0786 2.6838 2.5443 2.5443 2.5443 2.5443 2.5450 2.5450 2.5000 3.0769 3.0769 3.0769 3.0769 3.0769 2.2945 2.4384 2.2945 2.3251 2.4569 2.4569 2.4626 2.4626 2.4398 2.4398 2.4398 2.4398 2.4398 2.4462 2.4462 2.4462 2.4462 2.4626 2.4626 2.4462 2.5381 2.5334 3.0647 3.0647 2.5575 2.5575 2.5347 2.5347 2.4661 2.2853 2.2853 2.2853 2.2853 2.6897 2.4988
2.4855 2.4470 2.7541 2.8154 2.2892 2.3481 2.3481 2.3618 2.3260 2.0746 2.3267 2.2200 2.2207 2.3618 2.3618 2.3618 2.3618 2.1807 2.2969 3.0786 2.5340 2.5979 2.6025 2.6496 2.5684 2.5684 2.5523 2.5523 2.6681 2.7148 2.7148 2.5970 3.0769 3.0769 3.0769 3.0769 3.0769 2.2945 2.3222 2.3169 2.3238 2.4569 2.5839 2.2993 2.2993 2.3169 2.4569 2.5511 2.4398 2.4462 2.4462 2.4462 2.4462 2.4626 2.4626 2.4626 2.5537 2.5334 3.0647 3.0668 3.0668 3.0668 2.3549 2.3549 2.3227 2.2853 2.2853 2.2853 2.3394 2.7221 3.0743
2.5140 2.4855 2.7611 2.6952 2.6815 2.3481 2.3481 2.3618 2.0785 2.0768 2.2190 2.2200 2.0783 2.0785 2.3068 2.3567 2.3068 2.1672 2.2312 2.2969 2.5597 2.5997 2.6496 2.6770 2.5340 2.5505 2.6654 2.6654 2.6681 2.6515 2.6515 2.8065 2.5003 2.5003 3.0769 3.0769 2.2945 2.2945 2.3169 2.4569 2.4569 2.4569 2.4398 2.2993 2.3169 2.3169 2.4569 2.4398 2.4398 2.4462 2.4462 2.4462 2.3063 2.4480 2.5649 2.5807 2.3232 2.3255 2.3232 3.0668 3.0668 3.0668 2.3549 2.3549 2.3227 2.1862 2.1862 2.1862 2.7300 2.6698 3.0743
2.5140 2.4855 2.7033 2.6952 2.6952 2.3482 2.3482 2.3618 2.2231 2.0776 2.0913 2.0828 2.0780 2.2904 2.2914 2.3126 2.3788 2.3891 2.4307 2.4972 2.5597 2.5444 2.5122 2.6654 2.7347 2.5340 2.2783 2.2783 2.5450 2.7055 2.5165 2.6930 2.6862 2.5003 2.7020 2.7020 2.4384 2.4384 2.4569 2.4569 2.4569 2.4569 2.2993 2.2993 2.2993 2.3107 2.3068 2.3054 2.4437 2.4462 2.4462 2.4462 2.4462 2.4480 2.5649 2.5649 2.5649 2.5512 3.0647 2.3363 2.3227 2.3227 2.3549 2.4474 2.4474 2.1862 2.1862 2.1862 2.7414 2.6830 2.6971
2.5296 2.5140 2.5200 2.7047 2.7286 2.2751 2.3407 2.3574 2.2521 1.9610 2.0918 2.0828 2.0775 2.0782 2.2217 2.2284 2.3865 2.1665 2.4334 2.4746 2.5179 2.4805 2.5340 2.6655 2.8059 2.5684 2.4357 2.4172 2.5529 2.5689 2.5612 2.5612 2.5612 2.4384 2.5398 2.5398 2.5730 2.4384 2.4570 2.4570 2.4570 2.4570 2.3169 2.2993 2.2993 2.3062 2.3114 2.3087 2.4430 2.4462 2.4462 2.4462 2.4462 2.4480 2.5807 2.5807 2.5807 3.0648 3.0648 3.0668 3.0668 2.4474 2.4474 2.4474 2.4474 2.4474 2.4474 2.1862 2.6322 2.6322 2.6971
2.5297 2.5297 2.5534 2.5369 2.5369 2.3577 2.3577 2.3474 2.2887 1.9699 2.1089 2.0984 1.9756 1.9635 2.0786 2.2310 2.3948 2.3292 2.4363 2.4737 2.5180 2.5213 2.5597 2.6771 2.6911 2.5684 2.5597 2.5684 2.5532 2.5689 2.5612 2.5612 2.5612 2.4384 2.4384 2.5398 2.4384 2.4384 2.4570 2.4399 2.4399 2.4570 2.4570 2.4399 2.4570 2.3076 2.3096 2.4476 2.4428 2.4462 2.4462 2.4462 2.3063 2.4579 2.5807 2.5807 2.5725 3.0648 3.0648 3.0669 3.0669 2.5374 2.5374 2.4474 2.4474 2.5374 2.4474 2.4474 2.4474 2.6322 2.6230
2.5297 2.5297 2.5297 2.5460 2.5534 2.5460 2.3474 2.3474 2.2887 1.9416 1.9911 2.0991 1.9749 1.9773 2.2177 2.2177 2.3712 2.1990 2.4119 2.4557 2.5036 2.5290 2.5454 2.6779 2.6639 2.5684 2.5597 2.5612 2.5612 2.5689 2.5689 2.5612 2.5612 2.5612 2.4384 2.5398 2.4384 2.4384 2.4570 2.4570 2.4399 2.4570 2.4570 2.4570 2.4570 2.3169 2.3087 2.4472 2.4429 2.4462 2.5575 2.5355 2.5575 2.5575 2.5725 2.5575 2.5575 3.0648 3.0648 3.0669 3.0669 2.5374 2.4474 2.5012 2.4785 2.5012 2.4474 2.4474 2.4474 2.1862 2.1584
2.5297 2.5297 2.5297 2.5297 2.5460 2.5460 2.3474 2.2887 2.2474 1.9416 1.9932 1.9838 2.0906 2.0936 2.2177 2.2905 2.2905 2.2926 2.3603 2.3024 2.5290 2.5290 2.5369 2.5369 2.7220 2.5365 2.5531 2.5563 2.5563 2.5563 2.5563 2.5336 2.5646 2.4372 3.0776 3.0776 2.5563 2.5613 2.5700 2.5700 2.5436 2.4570 2.4570 2.3169 2.3169 2.3169 2.3085 2.3073 2.4494 2.5356 2.5356 2.5725 2.5725 2.5575 2.5575 2.5575 2.5356 3.0648 3.0648 2.5505 2.5726 2.4474 2.4474 2.4785 2.5012 2.5375 2.5375 2.3227 2.4474 2.1584 2.1584
2.5297 2.5297 2.5297 2.5297 2.5460 2.5460 2.5033 2.2887 1.9416 1.9416 1.9982 2.1060 2.0915 2.2899 2.2905 2.2905 2.2905 2.3603 2.3603 2.3603 2.4812 2.5290 2.5369 2.5531 2.5365 2.6639 2.5531 2.4372 2.4372 2.7451 2.5563 2.5297 2.5563 2.5563 2.5404 3.0777 2.5563 2.5563 2.5470 2.5436 2.5624 2.4543 2.3176 2.3138 2.3176 2.3176 2.3098 2.3096 2.3086 2.5083 2.5039 2.5356 2.5649 2.5808 2.5808 2.5649 3.0649 3.0649 3.0649 2.7125 2.6817 2.4474 2.4474 2.4474 2.5375 2.5375 2.5809 2.4474 2.3158 2.1584 2.1584
2.5297 2.5297 2.5297 2.5297 2.5534 2.5185 2.2115 2.2912 1.9773 1.9773 2.0835 2.2905 2.2905 2.2905 2.2905 2.2905 2.2905 2.3603 2.3603 2.3603 2.3093 2.6640 2.4307 2.4307 2.5787 2.6640 2.7104 2.7170 2.7170 2.7939 2.6969 2.5139 2.5405 2.5405 2.5405 2.5405 2.5405 2.5405 2.5470 2.5625 2.5625 2.4374 2.3094 2.3094 2.3094 2.3086 2.4975 2.4984 2.3107 2.3136 2.5449 2.5354 2.5491 2.5648 2.5491 2.5491 3.0647 3.0647 3.0647 2.7033 2.4329 2.4474 2.4474 2.4474 2.4474 2.4474 2.4474 2.4474 2.3158 2.1584 2.1584
2.5297 2.5297 2.5297 2.5297 2.5297 2.2262 2.1062 2.3103 2.0202 2.0137 2.0934 2.2905 2.2905 2.2905 2.2905 2.2905 2.2905 2.3072 2.3072 2.3072 2.3279 2.5369 2.5070 2.7263 2.5531 2.5195 2.7104 2.7170 2.7170 2.7806 2.7806 2.7806 2.5140 2.4760 2.5174 2.5405 2.5180 2.5180 2.5470 2.5470 2.5470 2.4374 2.3009 2.3048 2.3049 2.3009 2.3039 2.3045 2.3193 2.3239 2.3262 2.3212 2.3212 2.5566 2.5648 2.5566 2.5566 2.3212 2.4367 2.4329 2.5280 2.5280 2.5280 2.5280 2.5280 2.4329 2.4329 2.4329 2.2852 2.2900 2.3419
2.5297 2.5297 2.5297 2.5297 2.5297 2.3024 2.1304 2.3573 2.0855 2.0846 2.1342 2.2499 2.2178 2.2178 2.2260 2.2275 2.2965 2.3072 2.2359 2.1113 2.3285 2.4310 2.5036 2.7387 2.5366 2.7940 2.7510 2.7170 2.6794 2.6969 2.7806 2.7806 2.5363 2.5827 2.5827 2.5405 2.5405 2.5405 2.5470 2.5470 2.5556 2.4375 2.4375 2.4880 2.5042 2.3009 2.3009 2.3035 2.3217 2.3279 2.3399 2.5021 2.6991 2.5218 2.5491 2.7103 2.5648 2.4533 2.4367 2.4329 3.0630 3.0630 3.0630 2.5280 2.5280 2.5280 2.4329 2.2852 2.2852 2.2900 2.5464
2.5297 2.5297 2.5297 2.5297 2.5033 2.3063 2.2618 2.2548 2.2713 2.2713 2.3247 2.3144 2.2854 2.2178 2.2490 2.2484 2.3253 2.3269 2.3509 2.3603 2.3603 2.3603 2.3107 2.6227 2.7940 2.7940 2.7940 2.7104 2.7884 2.6128 2.7985 2.6429 3.0778 2.5328 2.5405 2.5405 2.7349 2.5405 2.5470 2.5470 2.5470 2.4375 2.4880 2.4880 2.5430 2.4543 2.4375 2.4375 2.3082 2.3043 2.4367 2.7226 2.7089 2.7217 2.5333 2.5354 2.5567 2.4367 2.4367 2.5481 3.0631 3.0631 2.5281 2.5281 2.5281 2.5281 2.2852 2.2852 2.2852 2.2900 2.4984
2.5297 2.5297 2.5297 2.5297 2.5033 2.3079 2.2706 2.2713 2.3985 2.3985 2.3811 2.3821 2.2462 2.3900 2.1119 2.0827 1.9634 2.2633 2.3603 2.3603 2.3603 2.3603 2.6227 2.6227 2.5251 2.7940 2.5264 3.0778 3.0778 3.0778 3.0778 3.0778 3.0778 2.4918 2.5405 2.5175 2.7349 2.5470 2.5470 2.5470 2.5470 2.4375 2.4375 2.4375 2.4543 2.5273 2.5279 2.5279 2.3043 2.3043 2.3043 2.6588 2.5003 2.5192 2.5192 2.5161 2.5567 2.4367 2.4329 2.4329 2.4329 2.5481 2.5481 2.5481 2.5481 2.5072 2.4720 2.4720 2.4720 2.4624 2.4984
2.5297 2.5297 2.5297 2.5297 3.0762 3.0762 2.2724 2.2766 2.3985 2.3985 2.6411 2.4354 2.5187 2.4627 2.1471 2.1115 1.9634 2.2633 2.3093 2.3604 2.3604 2.3093 2.3093 2.3093 2.3093 2.2633 3.0761 3.0778 3.0778 3.0778 3.0778 3.0778 3.0778 2.5405 2.5405 2.4760 2.5175 2.5470 2.5470 2.5470 2.5470 2.4375 2.5273 2.4375 2.3476 2.5245 2.5470 2.5470 2.5411 2.4367 2.4367 2.5161 2.5355 2.5192 2.5411 2.5161 2.5161 2.5192 2.5246 2.4329 2.5481 2.5481 2.5481 2.5481 2.5481 2.5072 2.4720 2.4720 2.3879 2.3769 2.4787
2.5273 2.5273 2.5273 2.5072 3.0741 3.0741 2.2958 2.2766 2.2861 2.4925 2.5850 3.0785 3.0785 2.5851 2.4746 1.9416 1.9634 2.2633 2.2633 2.3604 2.2832 2.2832 2.2832 2.3604 2.3604 2.3604 3.0761 3.0778 3.0778 3.0778 3.0778 3.0778 3.0778 2.5405 3.0778 3.0778 2.5405 2.5470 2.5273 2.5470 2.5470 2.4375 2.5273 2.5042 2.5042 2.5470 2.5470 2.5470 2.5411 2.4367 2.4367 2.5355 2.5192 2.5411 2.5411 2.5192 2.5411 2.5411 2.5397 2.5397 2.5247 2.5481 2.5481 2.5481 2.5481 2.5633 2.4720 2.4720 2.3879 2.4787 2.4787
2.5273 2.5273 2.5072 2.5072 3.0741 2.4700 2.4503 2.4572 2.4477 2.4713 2.4383 3.0744 2.5614 2.5815 2.5815 1.9620 1.9770 2.2623 2.2623 2.2633 2.2633 2.2633 2.3056 2.3604 2.3604 2.3604 3.0762 3.0779 3.0779 3.0779 3.0779 3.0779 3.0779 3.0779 3.0779 3.0779 2.5405 2.5470 2.5470 2.5470 2.5470 2.4375 2.4880 2.5043 2.5043 2.5708 2.5470 2.5470 2.5411 2.4367 2.4367 2.5192 2.5192 2.5411 2.5411 2.5411 2.5411 2.5411 2.5247 2.5247 2.5633 2.5481 2.5481 2.5481 2.5481 2.5633 2.4720 2.4720 2.4882 2.4787 2.4787
2.5273 2.5072 2.5072 2.4645 2.4645 2.4645 2.4490 2.4549 2.4389 2.4621 2.5817 2.5816 2.5484 2.5816 2.5816 2.4059 2.0119 2.2623 2.2623 2.2623 2.2623 2.3039 2.3492 2.3578 2.3578 2.3578 2.3578 3.0738 3.0738 3.0738 3.0738 3.0779 3.0779 3.0779 3.0779 3.0779 3.0779 2.5246 2.5470 2.5470 2.5470 2.4375 2.4880 2.5396 2.5709 2.5709 2.5470 2.5470 2.5411 2.4367 2.4367 2.5192 2.5411 2.5411 2.5411 2.5411 2.5411 2.5411 2.5482 2.5634 2.5482 2.5482 2.5482 2.5482 2.5482 2.5634 2.4720 2.4720 2.5552 2.5464 2.5464
2.4645 2.5029 2.5029 2.5029 2.5029 2.4759 2.4389 2.4389 2.4759 2.4389 2.4718 2.5816 2.5816 2.3551 2.2769 2.3224 2.3056 2.3578 2.3072 2.3072 2.3578 2.3072 2.3492 2.3578 2.3578 2.3578 3.0738 3.0738 3.0738 3.0738 3.0738 3.0738 3.0738 3.0738 3.0738 3.0738 3.0738 2.5021 2.5240 2.5240 2.5240 2.4025 2.5240 2.5471 2.5625 2.5625 2.5625 2.5471 2.5412 2.5412 2.5412 2.5412 2.5412 2.5412 2.5412 2.6689 2.5412 2.5412 2.5257 2.5039 2.5482 2.5482 2.5482 2.5482 2.5275 2.5073 2.5073 2.5073 3.0632 3.0691 2.5136
2.4645 2.5029 2.5273 2.5273 2.5273 2.5035 2.5035 2.4759 2.5035 2.4800 2.4517 2.1880 2.0945 2.2769 2.2769 2.3224 2.3056 2.3578 2.3578 2.3578 2.3072 2.3072 2.3578 2.3578 2.3578 2.3578 3.0738 3.0738 3.0738 3.0738 3.0738 3.0738 3.0738 3.0738 3.0738 3.0738 2.5284 2.5240 2.5240 2.5240 2.5021 2.5592 2.5240 2.5240 2.5240 2.4985 2.5404 2.5200 2.5200 2.5200 2.5200 2.5200 2.5200 2.5200 2.5200 3.0650 3.0650 2.5181 2.5039 2.5039 2.5247 2.5552 2.5247 3.0632 2.5073 2.5073 2.5073 3.0632 3.0692 3.0692 2.4985
2.4645 2.5029 2.5273 2.5273 2.5273 2.5035 2.5035 2.5035 2.5035 2.3877 2.1880 2.4169 2.0034 2.2769 2.3225 2.2769 2.3056 2.3578 2.3072 2.3072 2.3086 2.3592 2.3578 2.3578 2.3578 2.3578 2.3055 3.0739 3.0739 3.0739 2.1065 3.0739 3.0739 3.0739 3.0739 3.0739 2.5046 2.5240 2.5240 2.5240 2.4025 2.5266 2.5767 2.5240 2.5240 2.5145 2.5240 2.5200 2.5200 2.5200 2.5200 2.5200 2.5200 2.5200 2.5200 3.0613 3.0613 3.0613 3.0656 2.5094 2.5094 2.5049 2.5121 3.0656 3.0656 2.4915 2.4915 3.0633 3.0692 3.0692 3.0692
2.4645 3.0742 2.5273 2.5273 2.5273 2.5035 2.5035 2.5035 2.5035 2.3877 2.3877 2.3877 2.4069 2.0034 2.0034 2.2769 2.2551 2.3039 2.3578 2.3527 2.3592 2.3086 2.3056 2.3578 2.3578 2.3578 2.3588 3.0739 3.0739 3.0739 3.0739 2.1060 3.0739 3.0739 3.0739 3.0739 2.5284 2.5240 2.5021 2.5240 2.4026 2.5757 2.5240 2.5240 2.5240 2.5240 2.5240 2.5200 2.5200 2.5200 2.5200 2.5200 2.5200 2.5200 2.5200 2.5200 2.4743 2.4480 2.5039 2.5039 2.5094 2.5323 2.5323 2.5323 2.4915 2.4915 3.0656 3.0656 3.0731 3.0731 3.0731
3.0742 3.0742 2.5029 2.5273 2.5273 2.5035 2.4760 2.4754 2.4740 2.4705 2.5035 2.3877 2.4069 2.0034 2.2769 2.2769 2.2915 2.2805 2.2174 2.3072 2.3072 2.3578 2.3578 2.3056 2.3056 2.3534 2.3538 2.3301 3.0739 3.0739 3.0739 2.2321 2.2341 3.0739 3.0739 3.0739 2.5010 2.6598 2.6670 2.5240 2.5027 2.5588 2.5240 3.0735 3.0735 3.0735 2.5404 2.4993 2.5200 2.5200 2.5200 2.5200 2.5200 2.5200 2.5200 2.5200 2.5200 2.5200 2.5039 2.5094 2.5323 2.5323 2.5323 3.0657 2.4915 2.4915 3.0657 3.0657 3.0731 3.0731 3.0731
