test/test_data/tcaap/monthly_variance_over_all_Nov__actual_et__2015-01-01_to_2019-12-31__180_by_260__inches.asc
NCOLS        180
NROWS        260
XLLCORNER     476375.000
YLLCORNER    4970875.000
CELLSIZE        100.000
NODATA_VALUE -9999.
[rows 0 to 28 of 260, columns 0 to 66 of 180]
0.16443 0.18622 0.20719 0.20719 0.18129 0.17188 0.17188 0.17186 0.19067 0.17548 0.17522 0.17522 0.17522 0.17522 0.17522 0.17567 0.17491 0.17795 0.18566 0.18566 0.17125 0.17057 0.17057 0.16990 0.14042 0.14042 0.16990 0.16990 0.16916 0.16916 0.16916 0.17507 0.17212 0.17212 0.17212 0.17215 0.17215 0.17212 0.17212 0.17212 0.17212 0.17559 0.17597 0.17597 0.17597 0.20581 0.20581 0.20581 0.20581 0.17594 0.17594 0.17594 0.17594 0.17657 0.17657 0.17657 0.17654 0.17654 0.17654 0.17654 0.17654 0.17191 0.17191 0.17019 0.17019 0.17019 0.17019
0.17663 0.17679 0.20720 0.20720 0.17842 0.17840 0.17840 0.17186 0.19067 0.17549 0.17523 0.17523 0.17523 0.17523 0.17523 0.17523 0.17508 0.17799 0.18246 0.18246 0.18255 0.18923 0.18923 0.19096 0.19096 0.20615 0.16991 0.16917 0.16917 0.17510 0.17510 0.17533 0.17533 0.17533 0.17533 0.17533 0.17533 0.17533 0.17533 0.17533 0.17531 0.17531 0.17484 0.17580 0.17597 0.20582 0.20582 0.20582 0.20582 0.20582 0.17595 0.17595 0.17655 0.17655 0.17623 0.17657 0.17654 0.17654 0.17654 0.17654 0.17654 0.17654 0.17623 0.17528 0.17528 0.17528 0.17528
0.17189 0.17663 0.20721 0.20721 0.17840 0.17840 0.17814 0.17840 0.19152 0.17549 0.17523 0.17523 0.17523 0.17523 0.17521 0.17886 0.17521 0.17813 0.18947 0.17523 0.18947 0.19340 0.19340 0.18924 0.19646 0.18758 0.18758 0.16917 0.17509 0.17511 0.17511 0.17534 0.17534 0.17534 0.17534 0.17534 0.17534 0.17534 0.17531 0.17531 0.17531 0.16989 0.17116 0.17682 0.17682 0.20632 0.20632 0.20632 0.20632 0.20632 0.17578 0.17578 0.17566 0.17566 0.17510 0.17567 0.17655 0.17655 0.17655 0.17655 0.17655 0.17655 0.17655 0.17528 0.17528 0.17528 0.17528
0.17189 0.18624 0.18291 0.20722 0.20722 0.17841 0.17841 0.19153 0.17547 0.17550 0.17524 0.17524 0.17524 0.17524 0.17521 0.18120 0.17064 0.18948 0.20665 0.20665 0.18948 0.19341 0.19341 0.19090 0.19646 0.18960 0.18759 0.15022 0.17494 0.16918 0.17797 0.17822 0.17535 0.17535 0.17535 0.17535 0.17535 0.17535 0.17535 0.17531 0.17531 0.17531 0.17116 0.17116 0.17116 0.17116 0.17599 0.17566 0.17485 0.17485 0.17485 0.17116 0.17059 0.17059 0.17568 0.17568 0.17568 0.17567 0.17567 0.17567 0.17567 0.17567 0.17567 0.17513 0.17513 0.17513 0.17513
0.18472 0.18472 0.18295 0.20723 0.20723 0.17842 0.17844 0.18925 0.17842 0.17550 0.17525 0.17525 0.17525 0.17525 0.17525 0.17525 0.17522 0.20666 0.20666 0.20666 0.19115 0.19091 0.19091 0.19249 0.19249 0.18873 0.17499 0.16918 0.16918 0.16918 0.17798 0.17823 0.17535 0.17535 0.17535 0.17535 0.17535 0.17535 0.17535 0.17535 0.17535 0.17532 0.17579 0.17579 0.17582 0.17580 0.17580 0.17486 0.17486 0.17486 0.17486 0.17486 0.17060 0.17060 0.17060 0.17567 0.17567 0.17567 0.17567 0.17567 0.17567 0.17567 0.17567 0.17514 0.17514 0.17490 0.17514
0.18455 0.18473 0.18473 0.20723 0.20723 0.20723 0.20723 0.17842 0.17815 0.17551 0.17525 0.17525 0.17525 0.17525 0.17525 0.17525 0.17522 0.20667 0.20667 0.20667 0.19116 0.18926 0.18926 0.19099 0.17798 0.17789 0.17500 0.17510 0.16919 0.16919 0.17801 0.17535 0.17533 0.17536 0.17536 0.17536 0.17536 0.17536 0.17536 0.17536 0.17536 0.17533 0.17580 0.17580 0.17583 0.17583 0.17580 0.17187 0.17486 0.17117 0.17117 0.17580 0.17568 0.17512 0.17060 0.17568 0.17569 0.17569 0.17569 0.17568 0.17568 0.17568 0.17568 0.17514 0.17514 0.17514 0.17514
0.19580 0.18279 0.18473 0.20724 0.20724 0.20724 0.20724 0.20724 0.17845 0.17552 0.17526 0.17526 0.17526 0.17526 0.17523 0.17523 0.19385 0.14255 0.18950 0.19117 0.19117 0.18926 0.19036 0.19100 0.19100 0.17790 0.17790 0.17790 0.16993 0.16993 0.17511 0.17533 0.17533 0.17536 0.17536 0.17536 0.17536 0.17536 0.17536 0.17536 0.17536 0.17533 0.17583 0.17584 0.17580 0.17584 0.17584 0.17565 0.17565 0.17581 0.17581 0.17581 0.17569 0.17569 0.17560 0.17570 0.17569 0.17569 0.17570 0.17568 0.17568 0.17568 0.17568 0.17515 0.17515 0.17515 0.17515
0.18297 0.18297 0.18297 0.20725 0.20725 0.19531 0.20725 0.20725 0.17846 0.17846 0.17526 0.17526 0.17526 0.17526 0.17523 0.17523 0.17523 0.17495 0.17507 0.17798 0.16993 0.16993 0.16993 0.16993 0.16993 0.16993 0.16993 0.16993 0.16920 0.16920 0.17799 0.17534 0.17534 0.17534 0.17534 0.17537 0.17537 0.17537 0.17537 0.17537 0.17537 0.17581 0.17584 0.17584 0.17584 0.17584 0.17584 0.17551 0.17551 0.17118 0.17581 0.17581 0.17569 0.17569 0.17561 0.17061 0.17568 0.17570 0.17569 0.17569 0.17569 0.17569 0.17516 0.17516 0.17515 0.17515 0.17515
0.18441 0.18266 0.18298 0.20726 0.20726 0.19532 0.19532 0.20726 0.17847 0.17847 0.17817 0.17527 0.17527 0.17527 0.17524 0.17524 0.17524 0.17066 0.17524 0.17524 0.16994 0.16994 0.16920 0.16920 0.16920 0.17773 0.16994 0.16994 0.16994 0.16994 0.17512 0.17535 0.17538 0.17535 0.17535 0.17538 0.17538 0.17538 0.17538 0.17538 0.17538 0.17582 0.17582 0.17584 0.17585 0.17585 0.17582 0.17118 0.17552 0.17118 0.17566 0.17560 0.17570 0.17062 0.17564 0.17062 0.17571 0.17571 0.17570 0.17570 0.17570 0.17570 0.17516 0.17516 0.17516 0.17155 0.17155
0.18442 0.18266 0.18266 0.18264 0.20671 0.19489 0.19489 0.20671 0.17819 0.17819 0.17847 0.17556 0.17556 0.17556 0.17525 0.17528 0.17528 0.17525 0.17525 0.17525 0.17526 0.16921 0.16921 0.16921 0.16994 0.16994 0.15025 0.16921 0.16921 0.16921 0.17512 0.17535 0.17538 0.17538 0.17538 0.17538 0.17538 0.17538 0.17538 0.17538 0.17538 0.17585 0.17582 0.17585 0.17585 0.17582 0.17583 0.17567 0.17553 0.17553 0.19691 0.19691 0.17514 0.17565 0.17565 0.15721 0.17570 0.17572 0.17572 0.17570 0.17570 0.17570 0.17517 0.17517 0.17517 0.17517 0.17517
0.18267 0.18267 0.18267 0.18267 0.20672 0.19490 0.19490 0.20672 0.18575 0.17820 0.17848 0.17556 0.17556 0.17539 0.17556 0.17554 0.17556 0.17556 0.17554 0.17554 0.17483 0.16968 0.16968 0.16911 0.16968 0.15006 0.15025 0.15025 0.16921 0.16921 0.17513 0.17536 0.17538 0.17539 0.17539 0.17539 0.17539 0.17539 0.17539 0.17539 0.17539 0.17586 0.17586 0.17586 0.17583 0.17119 0.17567 0.17567 0.19115 0.15332 0.15332 0.17119 0.17515 0.17572 0.19069 0.17572 0.17572 0.17063 0.17571 0.17571 0.17571 0.17571 0.17517 0.17517 0.17517 0.17517 0.17517
0.18252 0.18252 0.18268 0.18268 0.20673 0.19491 0.19491 0.20673 0.20673 0.19120 0.17846 0.17554 0.17557 0.17557 0.17554 0.17557 0.17557 0.17557 0.17555 0.17555 0.17484 0.16969 0.16969 0.16912 0.16912 0.16969 0.15006 0.16912 0.16912 0.17483 0.17483 0.17515 0.17515 0.17515 0.17518 0.17518 0.17518 0.17518 0.17539 0.17539 0.17539 0.17584 0.17584 0.17584 0.17584 0.17120 0.17120 0.17587 0.17018 0.17120 0.17583 0.17583 0.17572 0.17572 0.17573 0.17573 0.17573 0.17571 0.17571 0.17063 0.17571 0.17571 0.17518 0.17801 0.17802 0.17519 0.17518
0.18268 0.18268 0.18268 0.19713 0.18268 0.20673 0.19492 0.20673 0.20673 0.19153 0.19153 0.17555 0.17555 0.19068 0.17555 0.17555 0.17558 0.17558 0.17558 0.17555 0.16912 0.16912 0.17473 0.17455 0.17455 0.16969 0.16969 0.16912 0.16912 0.16912 0.17484 0.17516 0.17516 0.17516 0.17518 0.17516 0.17516 0.17518 0.17516 0.17518 0.17518 0.17586 0.17586 0.17586 0.17586 0.16990 0.17574 0.17586 0.17589 0.19033 0.17584 0.17584 0.17572 0.17572 0.17573 0.17553 0.17572 0.17572 0.17572 0.17064 0.17064 0.17572 0.17518 0.17518 0.17518 0.17518 0.17518
0.18267 0.18269 0.18269 0.18269 0.18444 0.18442 0.20674 0.19612 0.20674 0.19154 0.19154 0.19154 0.19071 0.17558 0.17558 0.17555 0.17555 0.17558 0.17555 0.16944 0.17390 0.17485 0.17468 0.16913 0.16913 0.16970 0.16970 0.16913 0.16913 0.17485 0.17516 0.17516 0.17516 0.17516 0.17519 0.17519 0.17516 0.17519 0.17516 0.17516 0.17519 0.17587 0.17587 0.17587 0.17587 0.17587 0.17586 0.17586 0.17589 0.15307 0.16991 0.17658 0.17658 0.17655 0.20129 0.17655 0.17655 0.17658 0.17933 0.17655 0.17655 0.17330 0.17158 0.17519 0.17519 0.17519 0.17519
0.18267 0.18267 0.18270 0.18270 0.18445 0.18445 0.18252 0.20675 0.20675 0.20708 0.19155 0.19155 0.17559 0.17556 0.17559 0.17559 0.17559 0.17556 0.17546 0.17556 0.16913 0.17486 0.17486 0.16913 0.16934 0.16970 0.16970 0.16913 0.16913 0.17485 0.17517 0.17517 0.17517 0.17517 0.17517 0.17517 0.17520 0.17520 0.17520 0.17520 0.17520 0.17587 0.17587 0.17587 0.17587 0.17590 0.17590 0.17590 0.17576 0.16991 0.16991 0.17658 0.17658 0.20631 0.20129 0.17658 0.17658 0.17658 0.17658 0.17655 0.17655 0.17655 0.17187 0.17531 0.17531 0.17187 0.17531
0.18268 0.18268 0.18268 0.18270 0.18270 0.18270 0.18270 0.18270 0.20676 0.20709 0.20709 0.19155 0.19155 0.17557 0.17559 0.19748 0.17559 0.16945 0.17555 0.17547 0.16914 0.17486 0.17486 0.17486 0.17469 0.16939 0.16970 0.16970 0.16914 0.17474 0.17507 0.17507 0.17507 0.17517 0.17517 0.17517 0.17520 0.17520 0.17520 0.17520 0.17520 0.17591 0.17591 0.17591 0.17588 0.16992 0.17587 0.17557 0.17557 0.17587 0.17587 0.17659 0.17659 0.20632 0.20130 0.19724 0.17656 0.17659 0.17934 0.17935 0.17656 0.17656 0.17507 0.17190 0.17194 0.17202 0.17818
0.18269 0.18269 0.18269 0.18271 0.17533 0.17533 0.18271 0.18271 0.18271 0.20709 0.20709 0.20709 0.19156 0.19156 0.17557 0.19382 0.17560 0.17560 0.17756 0.17610 0.17484 0.17487 0.17487 0.17487 0.17487 0.17572 0.16942 0.16941 0.16936 0.17767 0.17798 0.17508 0.17508 0.17518 0.17518 0.17518 0.16866 0.17520 0.17520 0.17518 0.17521 0.17592 0.17592 0.17592 0.16992 0.16992 0.16992 0.16992 0.16992 0.17588 0.17871 0.17660 0.17660 0.20633 0.20131 0.17659 0.20633 0.17656 0.17932 0.17656 0.17656 0.17656 0.17533 0.17189 0.17191 0.17506 0.17533
0.16990 0.16990 0.18269 0.18447 0.17533 0.17533 0.17533 0.18272 0.18272 0.18300 0.20710 0.20710 0.20710 0.19157 0.19157 0.17558 0.17561 0.17561 0.17560 0.17455 0.17392 0.17466 0.17487 0.17487 0.17487 0.17392 0.17471 0.16934 0.16914 0.16914 0.16866 0.16866 0.16866 0.17519 0.17519 0.17509 0.16866 0.17519 0.17519 0.17521 0.17521 0.17592 0.17592 0.17589 0.16993 0.16993 0.17573 0.16993 0.16993 0.17589 0.17589 0.17657 0.17657 0.20634 0.20634 0.20634 0.20634 0.20634 0.20634 0.20634 0.17657 0.17657 0.17533 0.17528 0.17188 0.17188 0.17200
0.18270 0.18270 0.18270 0.18272 0.18270 0.17534 0.17534 0.18272 0.18272 0.18301 0.18301 0.20711 0.20711 0.20711 0.18477 0.19074 0.17561 0.17561 0.17558 0.17392 0.17392 0.17392 0.17488 0.17488 0.16915 0.16915 0.16915 0.16925 0.16927 0.16915 0.16867 0.16867 0.16867 0.17519 0.17491 0.17491 0.16867 0.17519 0.17522 0.17522 0.17522 0.17593 0.17593 0.17590 0.16993 0.16993 0.16993 0.16993 0.17589 0.16993 0.17589 0.17658 0.17658 0.17658 0.20635 0.20635 0.20635 0.20635 0.20635 0.20635 0.17660 0.17658 0.17534 0.17534 0.17528 0.17585 0.17607
0.18060 0.18060 0.18265 0.18265 0.18265 0.18268 0.17529 0.18063 0.17176 0.18302 0.18302 0.18302 0.20712 0.20712 0.20712 0.20712 0.17562 0.17559 0.17559 0.17491 0.17491 0.17489 0.17489 0.17489 0.17489 0.17489 0.17472 0.16915 0.16915 0.17780 0.17522 0.17520 0.17520 0.16867 0.16867 0.16867 0.16867 0.17510 0.17520 0.16867 0.17590 0.17590 0.17590 0.17590 0.17536 0.16993 0.16993 0.16993 0.16993 0.17574 0.17590 0.17658 0.17658 0.17661 0.17661 0.20636 0.20636 0.20636 0.20636 0.20636 0.17661 0.17821 0.17821 0.17534 0.17627 0.17819 0.17821
0.18061 0.18061 0.18266 0.18266 0.18266 0.17529 0.17529 0.17529 0.17171 0.17203 0.17203 0.18096 0.18097 0.19078 0.20727 0.20727 0.20727 0.17558 0.17562 0.17524 0.17492 0.17492 0.17489 0.17489 0.17489 0.17489 0.17489 0.17489 0.17489 0.17492 0.17523 0.17521 0.17521 0.17521 0.17521 0.16868 0.16868 0.17523 0.17523 0.16868 0.16994 0.17574 0.17574 0.17591 0.16994 0.16994 0.16994 0.16994 0.16994 0.17593 0.17593 0.17659 0.17659 0.17662 0.17662 0.17662 0.17659 0.17659 0.17935 0.17659 0.17662 0.17821 0.17535 0.17535 0.17821 0.17821 0.17822
0.18062 0.18064 0.18064 0.18267 0.18062 0.18062 0.17530 0.17530 0.17171 0.17204 0.17204 0.18303 0.18097 0.18882 0.18882 0.20728 0.20728 0.17562 0.17562 0.17525 0.17525 0.17525 0.17522 0.17522 0.17522 0.17522 0.17505 0.17505 0.17522 0.17525 0.17514 0.17512 0.17521 0.17521 0.17521 0.17524 0.17524 0.17524 0.17524 0.17521 0.17591 0.17580 0.17580 0.17575 0.17591 0.17591 0.17591 0.17537 0.16994 0.17595 0.17595 0.17659 0.17659 0.17663 0.17662 0.17662 0.17662 0.17659 0.17659 0.17659 0.17938 0.17822 0.17536 0.17511 0.17822 0.17822 0.17822
0.18062 0.18062 0.18062 0.18062 0.18062 0.18062 0.17531 0.17531 0.17172 0.17204 0.17204 0.18303 0.18098 0.18098 0.19079 0.20729 0.20729 0.20729 0.17563 0.17526 0.17526 0.17508 0.17526 0.17523 0.17523 0.17506 0.17507 0.17506 0.17506 0.17526 0.17515 0.17512 0.17512 0.17515 0.17515 0.17515 0.17515 0.17515 0.17512 0.17512 0.17448 0.17445 0.17445 0.17445 0.17592 0.17592 0.17592 0.17576 0.17561 0.17592 0.17595 0.17663 0.17660 0.17663 0.17663 0.17663 0.17663 0.17660 0.17660 0.17660 0.17939 0.17823 0.17190 0.17536 0.18169 0.17823 0.17823
0.18063 0.18063 0.18063 0.18063 0.18063 0.18063 0.17531 0.17531 0.17173 0.17205 0.17205 0.18304 0.18098 0.18098 0.19080 0.19080 0.20729 0.20729 0.17561 0.17508 0.17508 0.17526 0.17524 0.17508 0.17494 0.17494 0.17506 0.17506 0.17083 0.17526 0.17498 0.17515 0.17515 0.17515 0.17515 0.17515 0.17515 0.17512 0.17512 0.17512 0.17449 0.17445 0.17445 0.17445 0.17449 0.17449 0.17449 0.17449 0.17106 0.17449 0.17449 0.17573 0.17575 0.17575 0.17575 0.17575 0.17661 0.17661 0.17661 0.17661 0.17937 0.17823 0.17824 0.17538 0.17536 0.20639 0.17538
0.17025 0.18064 0.19333 0.18064 0.18064 0.18064 0.17531 0.17532 0.17205 0.17205 0.17205 0.17205 0.17202 0.17202 0.18099 0.19080 0.20730 0.20730 0.17564 0.17527 0.17527 0.17527 0.17524 0.17503 0.17503 0.17083 0.17083 0.17083 0.17376 0.17524 0.17513 0.17513 0.17516 0.17516 0.17516 0.17516 0.17513 0.17513 0.17513 0.17513 0.17449 0.17446 0.17446 0.17446 0.17107 0.17450 0.17449 0.17450 0.17446 0.17443 0.17450 0.17576 0.17576 0.17576 0.17576 0.17576 0.17576 0.17576 0.17859 0.17859 0.17859 0.17600 0.17883 0.17883 0.17883 0.17603 0.17603
0.17026 0.18066 0.19334 0.18064 0.18064 0.18064 0.18064 0.18067 0.17206 0.17206 0.17206 0.17206 0.17206 0.17206 0.18082 0.18884 0.19957 0.20731 0.18672 0.17524 0.17527 0.17527 0.17527 0.17377 0.17377 0.17084 0.17084 0.17084 0.17084 0.17514 0.17514 0.17516 0.17516 0.17514 0.17516 0.17516 0.17514 0.17514 0.17514 0.17516 0.17451 0.17446 0.17451 0.17450 0.17107 0.17107 0.17444 0.17451 0.17451 0.17444 0.17577 0.17577 0.17577 0.17577 0.17577 0.17577 0.17577 0.17574 0.17574 0.17859 0.17862 0.17882 0.17882 0.19888 0.17884 0.17603 0.19939
0.17026 0.17026 0.19334 0.18065 0.18065 0.18065 0.18065 0.18065 0.18100 0.17206 0.17203 0.18100 0.18098 0.17203 0.18882 0.18882 0.19958 0.20732 0.19082 0.19044 0.17528 0.17528 0.17528 0.17528 0.17378 0.17378 0.17084 0.17084 0.17084 0.17514 0.17517 0.17517 0.17517 0.17517 0.17517 0.17514 0.17517 0.17115 0.17514 0.17517 0.17451 0.17451 0.17451 0.17451 0.17319 0.17319 0.17319 0.17445 0.17451 0.17451 0.17577 0.17577 0.17577 0.17577 0.17577 0.17577 0.17577 0.17575 0.17575 0.17860 0.17862 0.17884 0.17882 0.17882 0.17882 0.17882 0.20639
0.17027 0.17027 0.18065 0.18065 0.18065 0.18065 0.18065 0.18065 0.18098 0.17566 0.18098 0.18101 0.18098 0.17204 0.17204 0.18886 0.19083 0.20733 0.18687 0.17529 0.17529 0.17529 0.17529 0.17529 0.17378 0.17085 0.17085 0.17378 0.17085 0.17115 0.17115 0.17115 0.17378 0.17494 0.17486 0.17777 0.17777 0.17486 0.17494 0.17499 0.17434 0.17725 0.17429 0.17320 0.17451 0.17451 0.17451 0.17108 0.17451 0.17451 0.17576 0.17576 0.17576 0.17576 0.17562 0.17135 0.17135 0.17575 0.17575 0.17575 0.17578 0.17883 0.17883 0.17885 0.17883 0.17602 0.17602
0.18066 0.18066 0.17027 0.17027 0.18066 0.18066 0.18066 0.18066 0.18099 0.18099 0.17104 0.18305 0.19160 0.19160 0.17208 0.17207 0.20734 0.20734 0.17566 0.17529 0.17529 0.17529 0.17529 0.17529 0.17527 0.17527 0.17527 0.17379 0.17527 0.17516 0.19600 0.19600 0.16963 0.17379 0.17789 0.17777 0.17777 0.17169 0.17516 0.17500 0.17430 0.17109 0.17109 0.17446 0.17452 0.17434 0.17108 0.17108 0.17108 0.17108 0.17136 0.17136 0.17136 0.17490 0.17568 0.17136 0.17136 0.17576 0.17576 0.17576 0.17578 0.17884 0.17884 0.19923 0.19668 0.19668 0.17603
