test/test_data/tcaap/monthly_variance_over_all_Feb__actual_et__2015-01-01_to_2019-12-31__180_by_260__inches.asc
NCOLS        180
NROWS        260
XLLCORNER     476375.000
YLLCORNER    4970875.000
CELLSIZE        100.000
NODATA_VALUE -9999.
[rows 29 to 57 of 260, columns 0 to 66 of 180]
0.12536 0.12536 0.12481 0.12481 0.11602 0.11602 0.12481 0.12481 0.12454 0.12564 0.11624 0.12564 0.12564 0.12659 0.12802 0.12802 0.14462 0.14462 0.12245 0.12256 0.12256 0.12256 0.12256 0.12234 0.12160 0.12160 0.12160 0.12160 0.12160 0.12192 0.12192 0.12192 0.12192 0.12192 0.12274 0.12192 0.11265 0.12192 0.12192 0.11265 0.11041 0.11041 0.11041 0.12035 0.12035 0.12035 0.11776 0.11776 0.11776 0.11041 0.11083 0.11083 0.11083 0.11318 0.11323 0.11083 0.11083 0.12218 0.12072 0.11805 0.12072 0.12342 0.12328 0.12972 0.13253 0.13253 0.12342
0.12537 0.12537 0.12537 0.12537 0.12537 0.12537 0.11596 0.12813 0.12874 0.12780 0.12712 0.12624 0.12714 0.12874 0.12802 0.12802 0.14463 0.14463 0.12226 0.12256 0.12256 0.12256 0.12256 0.12234 0.12160 0.12160 0.12160 0.11244 0.11244 0.11900 0.11900 0.12192 0.12192 0.12192 0.12274 0.12192 0.12192 0.12192 0.12192 0.12192 0.11041 0.11041 0.12035 0.12035 0.12035 0.12035 0.12106 0.12025 0.12161 0.11041 0.11083 0.11083 0.11729 0.11317 0.11317 0.11083 0.11083 0.12072 0.12072 0.13022 0.13287 0.12342 0.12342 0.12342 0.12322 0.13254 0.12342
0.12537 0.12537 0.12275 0.12275 0.12275 0.12537 0.11910 0.11602 0.12780 0.12780 0.12780 0.12520 0.12520 0.12875 0.12875 0.12875 0.14462 0.14462 0.12261 0.12261 0.12261 0.12261 0.12157 0.12157 0.12157 0.12231 0.11945 0.11945 0.11484 0.12100 0.12249 0.11901 0.11506 0.12193 0.12193 0.12300 0.12193 0.12288 0.12288 0.12148 0.12035 0.12035 0.12035 0.12035 0.12035 0.12035 0.11687 0.12035 0.12035 0.12135 0.12156 0.11729 0.11729 0.11317 0.11317 0.11317 0.11083 0.12184 0.12347 0.12218 0.13488 0.12343 0.12343 0.12343 0.12329 0.13254 0.12343
0.12537 0.12537 0.12276 0.12405 0.12405 0.12363 0.11911 0.11115 0.12781 0.12528 0.11573 0.12520 0.12624 0.12781 0.12875 0.14463 0.14463 0.14463 0.11889 0.12167 0.10961 0.12157 0.12157 0.12157 0.12232 0.12232 0.12232 0.12232 0.10961 0.12076 0.12255 0.11885 0.11885 0.12169 0.13322 0.13054 0.13322 0.13322 0.13292 0.13200 0.13200 0.12036 0.12036 0.12036 0.12036 0.12036 0.11687 0.12036 0.12036 0.12135 0.12157 0.12084 0.12084 0.11317 0.11083 0.12084 0.12084 0.12185 0.12348 0.12218 0.13254 0.13488 0.12343 0.12343 0.12343 0.12288 0.12288
0.12538 0.12538 0.12405 0.12405 0.12405 0.12387 0.11815 0.11597 0.12521 0.12659 0.12521 0.12521 0.12781 0.12875 0.12875 0.12715 0.14463 0.11987 0.12125 0.12125 0.13491 0.12262 0.12262 0.12262 0.12264 0.12232 0.12232 0.12232 0.12264 0.12256 0.12256 0.11885 0.12169 0.13322 0.13534 0.13322 0.13322 0.13322 0.13322 0.13316 0.13506 0.13506 0.13306 0.12233 0.12233 0.11247 0.11942 0.11247 0.11975 0.11688 0.12084 0.12084 0.12084 0.12084 0.12084 0.12084 0.12084 0.12185 0.12348 0.12293 0.13255 0.13255 0.12288 0.12130 0.12323 0.12323 0.12120
0.12276 0.12538 0.12405 0.12405 0.12405 0.12286 0.12184 0.12105 0.11885 0.12616 0.12867 0.12867 0.12957 0.12876 0.12876 0.14464 0.14464 0.11987 0.12125 0.12167 0.12262 0.12262 0.12262 0.12262 0.12262 0.12264 0.12264 0.12262 0.12232 0.11067 0.13493 0.12281 0.12267 0.13534 0.13323 0.13323 0.13534 0.13534 0.13323 0.13144 0.13316 0.13316 0.13144 0.13073 0.11723 0.13403 0.13177 0.11247 0.11540 0.11942 0.11777 0.11777 0.12091 0.12091 0.12091 0.12197 0.12197 0.12390 0.12390 0.12390 0.12374 0.12323 0.12323 0.12289 0.12215 0.12215 0.12343
0.11597 0.12636 0.12406 0.12406 0.12406 0.12286 0.12204 0.12406 0.11885 0.12670 0.12867 0.12798 0.12798 0.12876 0.12876 0.14464 0.14464 0.12536 0.12262 0.12262 0.12262 0.14450 0.14450 0.12262 0.12264 0.12262 0.12262 0.12262 0.12262 0.12170 0.12307 0.12307 0.12721 0.12266 0.12307 0.12307 0.12307 0.12307 0.12307 0.12342 0.12224 0.12761 0.13316 0.13316 0.11723 0.12330 0.13144 0.13316 0.12304 0.12324 0.12203 0.12203 0.12091 0.12225 0.12210 0.12210 0.12210 0.12390 0.12390 0.13524 0.12374 0.12367 0.12115 0.12115 0.12115 0.12262 0.12394
0.11603 0.12364 0.12406 0.12406 0.12406 0.12286 0.12410 0.12372 0.12266 0.12782 0.12876 0.12716 0.12798 0.12876 0.12876 0.14464 0.14464 0.12536 0.12263 0.12263 0.12263 0.14450 0.14450 0.14450 0.12264 0.12263 0.12263 0.12263 0.12307 0.12170 0.12307 0.12160 0.12636 0.12266 0.12307 0.12307 0.12307 0.12307 0.12307 0.12342 0.12342 0.12342 0.12342 0.12224 0.12234 0.12342 0.12342 0.12301 0.13243 0.12342 0.12226 0.12230 0.12230 0.12226 0.12211 0.12211 0.12211 0.12390 0.12390 0.13371 0.12374 0.12395 0.12115 0.12169 0.12340 0.12395 0.12395
0.12003 0.12389 0.12539 0.12277 0.12406 0.12286 0.12410 0.12374 0.12391 0.12773 0.12773 0.12868 0.12716 0.12877 0.12877 0.14465 0.14465 0.12877 0.12263 0.12263 0.14450 0.14450 0.14450 0.14450 0.12733 0.12158 0.12263 0.12645 0.12811 0.12290 0.12267 0.12721 0.12636 0.12308 0.12308 0.12267 0.12308 0.12308 0.12308 0.12343 0.12343 0.12343 0.12343 0.12343 0.12234 0.12343 0.12343 0.12343 0.12672 0.12211 0.12226 0.12231 0.12231 0.12226 0.12226 0.12211 0.12211 0.12229 0.12229 0.12391 0.12395 0.12395 0.12395 0.12340 0.12395 0.12395 0.12966
0.12407 0.12389 0.12539 0.12539 0.12539 0.12539 0.12277 0.12626 0.12626 0.12773 0.12626 0.12868 0.12360 0.12543 0.12799 0.14465 0.14465 0.14465 0.13409 0.12263 0.14451 0.14451 0.12263 0.12646 0.13431 0.12646 0.12646 0.12646 0.12824 0.12637 0.12722 0.12637 0.12308 0.12291 0.12349 0.12299 0.12308 0.12308 0.12308 0.12343 0.12343 0.12343 0.12225 0.12225 0.11248 0.11541 0.12353 0.12443 0.12672 0.13366 0.13376 0.12218 0.12167 0.13109 0.12218 0.12167 0.12218 0.12756 0.12756 0.12007 0.12368 0.12395 0.12375 0.12375 0.12263 0.12966 0.12395
0.12407 0.12407 0.12637 0.12539 0.12539 0.12277 0.12277 0.12626 0.12626 0.11680 0.12626 0.12717 0.12361 0.12257 0.12717 0.14466 0.14466 0.14466 0.13338 0.12311 0.12401 0.12264 0.12264 0.12264 0.11499 0.12646 0.12264 0.12264 0.12308 0.12308 0.12637 0.12308 0.12308 0.12291 0.12161 0.12308 0.12308 0.12308 0.12308 0.12343 0.12343 0.12326 0.12326 0.12326 0.11943 0.12164 0.12318 0.12343 0.12326 0.12560 0.13366 0.13366 0.12560 0.12560 0.12081 0.13104 0.12081 0.13099 0.12945 0.13011 0.12040 0.12040 0.12040 0.12208 0.12263 0.12396 0.12396
0.12543 0.12283 0.12361 0.12642 0.12283 0.12361 0.12361 0.12613 0.12627 0.11680 0.12774 0.12783 0.12799 0.12717 0.12799 0.14466 0.14466 0.12520 0.12438 0.12438 0.12438 0.12264 0.12264 0.12264 0.12169 0.12264 0.12264 0.12264 0.12309 0.12309 0.12309 0.12309 0.12309 0.12310 0.12309 0.12309 0.12309 0.12161 0.12161 0.12343 0.12343 0.12326 0.12336 0.12225 0.12235 0.12343 0.12343 0.12343 0.12013 0.12082 0.12560 0.12560 0.12227 0.12227 0.12227 0.12227 0.12227 0.12204 0.12392 0.12337 0.12341 0.12040 0.11872 0.13196 0.12264 0.12396 0.12396
0.12543 0.12642 0.12642 0.12680 0.12362 0.12362 0.12543 0.12508 0.12614 0.11554 0.12780 0.12780 0.12780 0.12853 0.12327 0.14464 0.14464 0.12321 0.12475 0.12475 0.12438 0.12438 0.12438 0.12438 0.12169 0.12264 0.12264 0.12264 0.12171 0.12309 0.12309 0.12309 0.12309 0.12309 0.12309 0.12171 0.12171 0.12292 0.12292 0.12302 0.13381 0.12303 0.12347 0.12235 0.12235 0.12344 0.12344 0.12344 0.12226 0.12082 0.12082 0.12082 0.12227 0.12227 0.12227 0.12227 0.12227 0.12227 0.12392 0.12392 0.12396 0.12376 0.12346 0.12389 0.13201 0.12389 0.12396
0.12642 0.12642 0.12642 0.12543 0.12362 0.12543 0.12543 0.12614 0.11554 0.11554 0.12440 0.12781 0.12781 0.12781 0.12781 0.14465 0.14465 0.14476 0.12475 0.12356 0.12483 0.12356 0.12475 0.12483 0.12356 0.12312 0.12303 0.12207 0.12209 0.12209 0.12317 0.12309 0.12309 0.12309 0.12309 0.12171 0.12171 0.12309 0.12268 0.12303 0.12327 0.12344 0.12344 0.12344 0.12236 0.12344 0.12344 0.12344 0.12332 0.11779 0.12167 0.12227 0.12227 0.12227 0.12227 0.12227 0.12227 0.12227 0.12392 0.12392 0.12397 0.12232 0.12127 0.12274 0.13197 0.13197 0.13206
0.12642 0.12362 0.12544 0.12544 0.12544 0.12544 0.12544 0.12614 0.12440 0.12440 0.12614 0.12781 0.12781 0.12781 0.12781 0.14465 0.14465 0.14476 0.12483 0.12476 0.12357 0.12483 0.12483 0.12357 0.12207 0.12207 0.12312 0.12312 0.12317 0.12210 0.12210 0.12210 0.12305 0.12317 0.12200 0.12276 0.11108 0.12317 0.12161 0.12200 0.12222 0.12222 0.12222 0.12344 0.12236 0.12344 0.12344 0.12344 0.12332 0.11779 0.12159 0.12228 0.12228 0.12228 0.12205 0.12082 0.12228 0.12228 0.12393 0.12397 0.12397 0.12232 0.12127 0.12274 0.12274 0.12264 0.12264
0.12643 0.12643 0.12284 0.12544 0.12544 0.12544 0.12646 0.12614 0.12441 0.12441 0.12614 0.12781 0.12781 0.12781 0.12781 0.14465 0.14465 0.14477 0.12484 0.12484 0.12484 0.12484 0.12484 0.12357 0.12313 0.12313 0.12313 0.12313 0.12317 0.12210 0.12210 0.12305 0.12130 0.12276 0.12200 0.12276 0.12317 0.12317 0.12200 0.12223 0.12223 0.12223 0.12223 0.12200 0.11025 0.12223 0.12223 0.12223 0.12208 0.12111 0.12182 0.12182 0.12182 0.12182 0.12010 0.14393 0.14393 0.12083 0.12231 0.12397 0.12397 0.12177 0.12217 0.12274 0.12397 0.12265 0.12342
0.12544 0.12544 0.12544 0.12544 0.12643 0.12544 0.12743 0.12711 0.11554 0.11554 0.12441 0.12782 0.12782 0.12782 0.12706 0.14466 0.14466 0.14477 0.12484 0.12484 0.12484 0.12484 0.12484 0.12357 0.12484 0.12282 0.12282 0.12313 0.12210 0.12210 0.12210 0.11995 0.11995 0.12200 0.12317 0.12317 0.12317 0.12317 0.12223 0.12223 0.12223 0.12223 0.12223 0.12200 0.11342 0.12168 0.12223 0.12223 0.11025 0.12010 0.12010 0.12182 0.12010 0.12010 0.12153 0.14272 0.14272 0.12122 0.12296 0.12364 0.12204 0.12204 0.11860 0.12245 0.12364 0.12364 0.12306
0.12544 0.12544 0.12544 0.12544 0.11502 0.11502 0.12457 0.12711 0.11555 0.11555 0.12615 0.12782 0.12782 0.12615 0.14466 0.14466 0.14466 0.14477 0.12484 0.12484 0.12484 0.12484 0.12484 0.12484 0.12313 0.12283 0.12283 0.12283 0.12318 0.12210 0.11501 0.12277 0.12201 0.12318 0.12318 0.12318 0.12318 0.12318 0.12223 0.12223 0.12223 0.12223 0.12044 0.11025 0.11025 0.12055 0.12223 0.12223 0.11815 0.10958 0.11752 0.11752 0.12011 0.12153 0.12153 0.12011 0.12011 0.12237 0.12320 0.12364 0.12204 0.12189 0.11794 0.11959 0.12364 0.12364 0.12235
0.12388 0.12545 0.12545 0.12545 0.11502 0.11502 0.12346 0.12712 0.11555 0.11555 0.12615 0.12782 0.12782 0.14467 0.14467 0.14467 0.14467 0.14478 0.12840 0.12485 0.12485 0.12485 0.12485 0.12485 0.12313 0.12198 0.12283 0.12283 0.12318 0.12211 0.12117 0.12318 0.12318 0.12211 0.12211 0.12211 0.12211 0.12211 0.12056 0.12223 0.12223 0.12223 0.12045 0.11025 0.11025 0.12056 0.12223 0.11802 0.11025 0.12011 0.12011 0.12011 0.12011 0.12800 0.12970 0.12160 0.12160 0.12160 0.12341 0.12364 0.12364 0.12190 0.11861 0.11342 0.12246 0.11959 0.12821
0.12393 0.12079 0.11502 0.12545 0.12360 0.12398 0.12313 0.12442 0.12442 0.12442 0.12616 0.12783 0.12783 0.14467 0.14467 0.13463 0.14467 0.14478 0.12485 0.12485 0.12485 0.12485 0.12485 0.12485 0.12314 0.12314 0.12199 0.12318 0.12318 0.12211 0.12306 0.12318 0.12318 0.12211 0.12211 0.12211 0.12211 0.12211 0.12056 0.12224 0.12224 0.12224 0.12045 0.11025 0.12056 0.12056 0.12056 0.11342 0.11851 0.12800 0.12800 0.12971 0.12971 0.12971 0.12971 0.12971 0.12971 0.12971 0.12927 0.12365 0.12365 0.12190 0.12351 0.11926 0.12962 0.12962 0.12947
0.12295 0.12393 0.11553 0.12360 0.11502 0.12650 0.12314 0.12442 0.12442 0.12616 0.12616 0.12783 0.12783 0.14468 0.13463 0.13463 0.14468 0.14479 0.12350 0.12485 0.12485 0.12485 0.12358 0.12485 0.12314 0.12314 0.12314 0.12319 0.12319 0.11109 0.11109 0.12319 0.12319 0.12211 0.12211 0.12211 0.12211 0.12211 0.12056 0.12224 0.12224 0.12045 0.11025 0.11025 0.12056 0.12056 0.11025 0.10686 0.12507 0.12971 0.12971 0.12971 0.12971 0.12971 0.12971 0.12971 0.12971 0.12971 0.14274 0.12365 0.12337 0.12205 0.12967 0.12634 0.14311 0.12997 0.12997
0.11958 0.12409 0.12406 0.12546 0.12546 0.12546 0.12511 0.12549 0.12707 0.12429 0.12783 0.12783 0.14468 0.14468 0.13463 0.13463 0.14468 0.12585 0.12486 0.12486 0.12486 0.12358 0.12358 0.12486 0.12486 0.12314 0.12314 0.12319 0.12307 0.11502 0.12211 0.12319 0.12319 0.12211 0.12211 0.12211 0.12211 0.12211 0.12056 0.12209 0.12163 0.14394 0.11666 0.10686 0.11026 0.12056 0.10686 0.11851 0.12051 0.12971 0.12971 0.12871 0.12971 0.12971 0.12971 0.12971 0.12971 0.12971 0.12927 0.12955 0.12206 0.12206 0.12955 0.14311 0.12895 0.12997 0.12942
0.11958 0.12391 0.12391 0.12549 0.12549 0.12648 0.12566 0.12296 0.12074 0.12768 0.12419 0.12834 0.14529 0.13464 0.13464 0.13464 0.14469 0.14480 0.12688 0.12359 0.12359 0.12359 0.12359 0.12359 0.12359 0.12306 0.12306 0.12319 0.12319 0.12132 0.12278 0.12319 0.12319 0.12212 0.12212 0.12212 0.12212 0.12212 0.12056 0.12210 0.14394 0.14394 0.14394 0.14394 0.10686 0.13165 0.14394 0.13040 0.12971 0.12971 0.12971 0.12971 0.12971 0.12971 0.12971 0.12971 0.12971 0.12971 0.12928 0.12956 0.12956 0.14312 0.12896 0.12956 0.12964 0.13012 0.13012
0.12371 0.12371 0.12053 0.12549 0.12549 0.12549 0.12566 0.12297 0.12297 0.12403 0.12307 0.12835 0.14530 0.13521 0.13521 0.13521 0.14530 0.14462 0.11735 0.12391 0.12391 0.12391 0.12391 0.12391 0.12391 0.12486 0.12315 0.12320 0.12320 0.11996 0.12279 0.12320 0.12320 0.12212 0.12212 0.12212 0.12212 0.12212 0.12057 0.14395 0.14395 0.14395 0.14395 0.14395 0.14395 0.14395 0.14395 0.13041 0.12972 0.12972 0.12972 0.12972 0.12972 0.12972 0.12972 0.12972 0.12972 0.12972 0.12928 0.12956 0.12956 0.12896 0.12956 0.12956 0.12964 0.13013 0.12998
0.12371 0.12371 0.12397 0.12549 0.12648 0.12549 0.12566 0.12566 0.12566 0.12421 0.12307 0.12835 0.14530 0.13522 0.13522 0.13522 0.14530 0.13445 0.12865 0.12520 0.12520 0.12506 0.12391 0.12506 0.12506 0.12531 0.12531 0.12558 0.12397 0.12198 0.12397 0.12397 0.12397 0.12279 0.12279 0.12279 0.12279 0.12212 0.12210 0.14395 0.14395 0.14395 0.14395 0.11853 0.14395 0.14395 0.13480 0.13480 0.12972 0.12872 0.12972 0.12972 0.12972 0.12972 0.12972 0.12972 0.12972 0.12972 0.12928 0.12956 0.12956 0.12896 0.13006 0.12956 0.12956 0.12956 0.12896
0.11801 0.12558 0.12299 0.11461 0.12550 0.11461 0.12297 0.12379 0.12666 0.12493 0.11993 0.12835 0.14531 0.14531 0.13522 0.13522 0.14463 0.14463 0.14463 0.12521 0.12521 0.12392 0.12392 0.12392 0.12392 0.12532 0.12532 0.12420 0.12558 0.12369 0.12397 0.12397 0.12397 0.12280 0.12280 0.12280 0.12280 0.12057 0.12208 0.14387 0.14387 0.14387 0.14387 0.14387 0.14387 0.12958 0.13077 0.12939 0.12920 0.12972 0.12509 0.12122 0.12052 0.12972 0.12972 0.12972 0.12972 0.12972 0.12929 0.12957 0.12957 0.12897 0.12874 0.12636 0.12957 0.12957 0.12957
0.11801 0.11155 0.12299 0.12299 0.12290 0.12550 0.12380 0.12380 0.12297 0.11594 0.11594 0.12680 0.14531 0.14531 0.13522 0.13522 0.14464 0.13355 0.12523 0.12521 0.12521 0.12392 0.12392 0.12392 0.12392 0.12532 0.12532 0.12559 0.12559 0.12369 0.12397 0.12397 0.12397 0.12397 0.12397 0.12402 0.12397 0.12224 0.12224 0.14388 0.14388 0.14388 0.14388 0.14388 0.14388 0.12756 0.12993 0.12939 0.12920 0.12920 0.12558 0.12920 0.12920 0.12920 0.12920 0.12920 0.12920 0.12920 0.12938 0.12938 0.12938 0.12957 0.12957 0.12898 0.14313 0.14313 0.12957
0.12300 0.11493 0.12300 0.12300 0.12398 0.12550 0.12567 0.12298 0.12567 0.11594 0.12133 0.12422 0.12422 0.14532 0.13523 0.14532 0.14464 0.14464 0.12521 0.12521 0.12392 0.12392 0.12392 0.12392 0.12392 0.12532 0.12532 0.12559 0.12559 0.12369 0.12398 0.12398 0.12398 0.12270 0.12398 0.12060 0.12270 0.12046 0.12046 0.14388 0.14388 0.14388 0.11874 0.14388 0.14388 0.12981 0.12939 0.12939 0.12920 0.12558 0.12558 0.12558 0.12558 0.12920 0.12920 0.12920 0.12920 0.12920 0.12938 0.12946 0.12938 0.12938 0.12938 0.12938 0.12938 0.14287 0.12938
0.12300 0.11155 0.12300 0.12300 0.12300 0.12054 0.12090 0.12298 0.12381 0.11822 0.11822 0.12422 0.12422 0.14532 0.14532 0.14532 0.14465 0.12644 0.12521 0.12521 0.12392 0.12392 0.12392 0.12392 0.12392 0.12533 0.12533 0.12559 0.12559 0.12398 0.12398 0.12398 0.12398 0.12398 0.12398 0.12398 0.12398 0.12164 0.12224 0.12224 0.12224 0.14389 0.14389 0.14389 0.12878 0.12950 0.12941 0.13040 0.12921 0.12558 0.12558 0.12558 0.12558 0.12921 0.12736 0.13378 0.12820 0.12921 0.12995 0.12995 0.12939 0.12939 0.12939 0.12939 0.12634 0.12939 0.12894
