test/test_data/tcaap/monthly_variance_over_all_Nov__actual_et__2015-01-01_to_2019-12-31__180_by_260__inches.asc
NCOLS        180
NROWS        260
XLLCORNER     476375.000
YLLCORNER    4970875.000
CELLSIZE        100.000
NODATA_VALUE -9999.
[rows 116 to 144 of 260, columns 67 to 133 of 180]
0.18816 0.17977 0.17955 0.17952 0.17951 0.17951 0.17952 0.17954 0.17954 0.17959 0.17962 0.17966 0.17969 0.17968 0.17968 0.18768 0.18768 0.17972 0.17961 0.17958 0.17957 0.17956 0.18885 0.18916 0.17943 0.17932 0.18858 0.18895 0.18955 0.18879 0.19806 0.19939 0.18960 0.18960 0.18960 0.18960 0.18960 0.18809 0.19363 0.17847 0.18028 0.18862 0.18028 0.18462 0.18311 0.17890 0.17893 0.17893 0.17893 0.18963 0.18960 0.18916 0.18916 0.18916 0.18963 0.18962 0.18986 0.19048 0.18960 0.18963 0.19707 0.20077 0.19707 0.18900 0.18900 0.18900 0.18900
0.17986 0.17982 0.17958 0.17954 0.17952 0.17951 0.17951 0.17954 0.17955 0.17956 0.17956 0.17956 0.17956 0.17956 0.17960 0.18768 0.18768 0.17968 0.17958 0.17957 0.17956 0.17955 0.17954 0.17950 0.17943 0.17932 0.18856 0.18891 0.18956 0.18810 0.18961 0.18961 0.18961 0.18961 0.18961 0.18961 0.18961 0.18810 0.19884 0.19810 0.18969 0.18969 0.18969 0.18863 0.18583 0.17891 0.17893 0.17893 0.17893 0.18963 0.18960 0.18964 0.18964 0.18964 0.18963 0.20604 0.20604 0.19052 0.19052 0.18121 0.18174 0.20122 0.19708 0.18900 0.18900 0.18900 0.18900
0.17986 0.17986 0.17963 0.17957 0.17953 0.17951 0.17951 0.17957 0.17957 0.17957 0.18769 0.17957 0.18769 0.17957 0.17957 0.18757 0.18769 0.17965 0.17956 0.17955 0.17955 0.17954 0.17953 0.17950 0.17944 0.17935 0.18840 0.18870 0.17924 0.17959 0.18961 0.18961 0.18961 0.18961 0.18961 0.18961 0.18961 0.17959 0.20589 0.19587 0.19587 0.18970 0.18970 0.18951 0.18771 0.17622 0.17891 0.17894 0.17894 0.18509 0.20605 0.18964 0.18964 0.18964 0.18966 0.20605 0.20605 0.20605 0.20605 0.18106 0.18175 0.18175 0.20123 0.18901 0.18901 0.18901 0.18100
0.18004 0.18013 0.17992 0.19006 0.19043 0.19064 0.17943 0.17957 0.17957 0.17957 0.18769 0.17957 0.17957 0.17957 0.17957 0.18768 0.17958 0.17962 0.17958 0.17957 0.17956 0.17954 0.17952 0.17950 0.17946 0.17940 0.17933 0.17926 0.17936 0.17959 0.18962 0.18962 0.18962 0.18962 0.18962 0.18962 0.18959 0.18959 0.18962 0.19388 0.18971 0.18971 0.18971 0.18971 0.18971 0.18971 0.17892 0.17894 0.17894 0.17891 0.18965 0.18965 0.18965 0.18965 0.18962 0.19786 0.20605 0.20605 0.20605 0.20605 0.19303 0.18177 0.20123 0.18902 0.18902 0.18902 0.18900
0.18707 0.18764 0.18913 0.18985 0.19035 0.19100 0.17970 0.17940 0.17943 0.17946 0.18780 0.17946 0.17946 0.18780 0.17946 0.17950 0.17961 0.17961 0.17957 0.17955 0.17954 0.17952 0.17952 0.17951 0.17948 0.17945 0.17940 0.17937 0.17946 0.17960 0.17960 0.18812 0.18812 0.18812 0.18812 0.18812 0.18812 0.18812 0.18963 0.18971 0.18971 0.18971 0.18971 0.18971 0.18971 0.18971 0.18971 0.17895 0.17895 0.18966 0.18966 0.18966 0.18966 0.18966 0.18966 0.18966 0.19398 0.20606 0.20606 0.20606 0.18178 0.18178 0.20163 0.19672 0.18903 0.19767 0.19842
0.18676 0.18736 0.18869 0.18960 0.19023 0.19115 0.17966 0.17942 0.17943 0.18780 0.17947 0.17947 0.17947 0.17947 0.17947 0.17947 0.17948 0.17895 0.17897 0.17897 0.17895 0.17894 0.17895 0.17894 0.17893 0.17891 0.17889 0.17887 0.17953 0.17959 0.17960 0.18812 0.17960 0.17960 0.17011 0.17960 0.18812 0.18812 0.18972 0.18972 0.18972 0.18972 0.18972 0.18972 0.18972 0.18972 0.18972 0.18972 0.20610 0.20607 0.20607 0.18967 0.18967 0.18967 0.17892 0.17892 0.17892 0.17890 0.17890 0.18630 0.18672 0.18672 0.19085 0.19143 0.19260 0.20091 0.19843
0.18561 0.18692 0.18820 0.18927 0.19003 0.19116 0.17967 0.17943 0.17944 0.17945 0.17947 0.17947 0.17947 0.17947 0.17947 0.17947 0.17947 0.17895 0.17897 0.17896 0.17895 0.17893 0.17895 0.17894 0.17893 0.17894 0.17894 0.17893 0.17963 0.17963 0.17963 0.17964 0.17964 0.17964 0.17964 0.17948 0.17964 0.18786 0.18930 0.18930 0.18973 0.18973 0.18973 0.18973 0.18973 0.18973 0.18973 0.18973 0.20611 0.18598 0.17893 0.17893 0.17890 0.17893 0.17893 0.17893 0.17893 0.17893 0.17893 0.17954 0.18673 0.17954 0.17954 0.17954 0.17954 0.19313 0.17954
0.18488 0.18627 0.18766 0.18885 0.18971 0.19111 0.17967 0.17945 0.17945 0.17946 0.17948 0.17948 0.17948 0.17948 0.17948 0.17948 0.17948 0.18729 0.18729 0.18729 0.18729 0.17894 0.17894 0.17894 0.17894 0.17894 0.17894 0.17894 0.17964 0.17964 0.17964 0.17962 0.17958 0.16722 0.17948 0.17953 0.17960 0.18787 0.18822 0.18931 0.18931 0.18931 0.18931 0.18931 0.18931 0.18931 0.18822 0.20563 0.17995 0.20526 0.17843 0.17843 0.17893 0.17893 0.17893 0.17893 0.17893 0.17893 0.17893 0.17955 0.17955 0.17955 0.17955 0.17955 0.17955 0.17955 0.17955
0.18430 0.18566 0.18707 0.18832 0.18925 0.19100 0.17972 0.17948 0.17948 0.17947 0.17948 0.17948 0.20619 0.17949 0.17949 0.17949 0.17949 0.18730 0.18730 0.18730 0.18730 0.17895 0.17895 0.17895 0.17895 0.18904 0.17895 0.17895 0.17965 0.17956 0.17956 0.17957 0.17958 0.17959 0.17959 0.17959 0.17963 0.18788 0.18823 0.18823 0.20564 0.20564 0.18932 0.19020 0.19020 0.19020 0.18868 0.18823 0.18764 0.17996 0.17992 0.17841 0.17841 0.17841 0.17843 0.17843 0.17843 0.17843 0.17843 0.17907 0.17907 0.17907 0.17907 0.17907 0.17956 0.17956 0.17956
0.18382 0.18512 0.18647 0.18771 0.18868 0.18935 0.17992 0.17953 0.17951 0.17948 0.17949 0.17950 0.20620 0.17951 0.17950 0.17949 0.17949 0.18730 0.18927 0.18730 0.18927 0.18730 0.17895 0.17895 0.17895 0.17895 0.18730 0.17895 0.17963 0.17951 0.17953 0.17956 0.17958 0.17960 0.17961 0.17963 0.17965 0.18788 0.18823 0.18823 0.20564 0.20564 0.20564 0.19020 0.19021 0.19021 0.18823 0.18823 0.18823 0.17998 0.17997 0.17986 0.18860 0.18860 0.17841 0.17844 0.17842 0.17842 0.17844 0.17907 0.17907 0.17907 0.17907 0.17907 0.17907 0.17907 0.17907
0.17797 0.18465 0.18589 0.18706 0.18804 0.18877 0.18000 0.17958 0.17956 0.17949 0.17951 0.17953 0.17954 0.17954 0.17950 0.17950 0.17950 0.18731 0.18928 0.18928 0.18731 0.18731 0.18731 0.18731 0.18731 0.17896 0.17896 0.18731 0.18789 0.17952 0.17966 0.17966 0.17965 0.17961 0.17963 0.17965 0.17966 0.18789 0.18824 0.18824 0.18824 0.20565 0.20565 0.18938 0.19021 0.19021 0.18869 0.18824 0.18824 0.17987 0.17999 0.18860 0.18860 0.16956 0.17842 0.17844 0.17842 0.17827 0.17844 0.17908 0.17908 0.17908 0.17908 0.17908 0.17908 0.17908 0.17891
0.17786 0.18428 0.18538 0.18646 0.18741 0.18818 0.17970 0.17950 0.17950 0.17950 0.17955 0.17957 0.17958 0.17963 0.17963 0.18784 0.18784 0.18732 0.18732 0.18732 0.18732 0.18732 0.18732 0.18732 0.17896 0.17896 0.17878 0.18933 0.17967 0.17967 0.18790 0.18790 0.18790 0.17962 0.17964 0.17967 0.17967 0.18790 0.18825 0.18825 0.18825 0.18009 0.18017 0.18012 0.18019 0.18608 0.18548 0.18825 0.18861 0.18861 0.18861 0.18861 0.17843 0.17843 0.17843 0.17843 0.17843 0.17843 0.17843 0.17906 0.17906 0.17906 0.17891 0.17891 0.17891 0.18615 0.18615
0.17778 0.18399 0.18496 0.18595 0.18686 0.18764 0.17976 0.17952 0.17951 0.17958 0.17951 0.17951 0.18904 0.18859 0.18882 0.18882 0.18981 0.18929 0.18929 0.18929 0.18732 0.18732 0.18732 0.17907 0.18830 0.18830 0.19174 0.19726 0.19387 0.18899 0.18790 0.18790 0.18790 0.17967 0.18899 0.18898 0.17967 0.18790 0.18825 0.18825 0.17997 0.18014 0.18019 0.18015 0.18010 0.17243 0.17254 0.18550 0.18909 0.18909 0.18909 0.17844 0.17843 0.17846 0.17843 0.17846 0.17846 0.17846 0.17846 0.17909 0.17909 0.17909 0.17909 0.18632 0.18632 0.18632 0.18632
0.17728 0.18313 0.18553 0.18639 0.18872 0.18979 0.17955 0.17960 0.17969 0.18785 0.18962 0.18962 0.18982 0.18883 0.18883 0.18883 0.18883 0.18831 0.18831 0.18831 0.18831 0.17907 0.18828 0.18828 0.18831 0.18831 0.18831 0.19726 0.18899 0.18899 0.18791 0.18791 0.18791 0.17968 0.18907 0.18896 0.18896 0.17968 0.18826 0.17998 0.18002 0.18017 0.18712 0.18618 0.18513 0.17176 0.17629 0.17582 0.17568 0.17568 0.17570 0.17846 0.17846 0.17846 0.17846 0.17846 0.17846 0.17846 0.17846 0.17910 0.17910 0.17637 0.17910 0.17910 0.17910 0.17910 0.17908
0.18207 0.18210 0.18506 0.18587 0.18836 0.19026 0.17917 0.17937 0.17757 0.18107 0.18983 0.18983 0.18983 0.18772 0.19151 0.19151 0.18883 0.18831 0.18831 0.18831 0.18831 0.18831 0.18847 0.18828 0.18831 0.18831 0.18831 0.18900 0.18900 0.18900 0.18792 0.18792 0.18839 0.18792 0.18900 0.18900 0.18792 0.18792 0.17999 0.18000 0.18005 0.18708 0.18697 0.17863 0.17863 0.17861 0.17861 0.17583 0.17568 0.17568 0.17847 0.17847 0.17847 0.17847 0.17847 0.17847 0.17847 0.17847 0.17847 0.17911 0.17911 0.17911 0.17911 0.17911 0.17911 0.17911 0.17908
0.18207 0.18211 0.18469 0.18546 0.18773 0.17988 0.17918 0.18087 0.18107 0.18108 0.18948 0.18948 0.18948 0.18739 0.18739 0.18739 0.18850 0.18829 0.18829 0.18829 0.18829 0.18022 0.18809 0.18832 0.18832 0.18832 0.18832 0.18801 0.18901 0.18901 0.18792 0.18792 0.18840 0.18840 0.18901 0.18900 0.18792 0.18788 0.18002 0.18782 0.18702 0.18640 0.17974 0.17841 0.17864 0.17864 0.17862 0.17583 0.17569 0.17848 0.17848 0.17848 0.17848 0.17845 0.17845 0.17848 0.17848 0.17848 0.17848 0.17911 0.17911 0.17911 0.17911 0.17911 0.17911 0.17911 0.17909
0.18208 0.18246 0.18430 0.18506 0.17986 0.17988 0.17939 0.18105 0.18108 0.18108 0.18108 0.18949 0.18949 0.18949 0.18740 0.18740 0.19116 0.19088 0.18830 0.18830 0.18830 0.18830 0.18830 0.18830 0.18830 0.18830 0.18022 0.17990 0.18779 0.18779 0.18923 0.18779 0.18779 0.18779 0.18793 0.18793 0.18901 0.18785 0.18779 0.18746 0.18019 0.18019 0.18727 0.18728 0.17864 0.17862 0.17862 0.17584 0.17570 0.17848 0.17848 0.17848 0.17848 0.17848 0.17846 0.17848 0.17848 0.17848 0.17848 0.17912 0.17912 0.17912 0.17912 0.17912 0.17912 0.17912 0.17912
0.18208 0.18208 0.17845 0.17894 0.17984 0.18614 0.18538 0.18497 0.18109 0.18109 0.18109 0.18949 0.18950 0.18950 0.18950 0.18950 0.19089 0.19089 0.19089 0.19089 0.19089 0.19089 0.18830 0.18830 0.18830 0.18830 0.18017 0.17981 0.18779 0.18779 0.18924 0.18779 0.18779 0.18779 0.18785 0.18781 0.18922 0.18842 0.18806 0.18778 0.18076 0.18693 0.18693 0.18693 0.18693 0.18691 0.17865 0.17585 0.17570 0.17570 0.17846 0.17849 0.17849 0.17836 0.17832 0.17847 0.17846 0.17848 0.17912 0.17912 0.17912 0.17912 0.17910 0.17912 0.17912 0.17912 0.17912
0.18209 0.17823 0.17823 0.17872 0.17985 0.18619 0.18584 0.17919 0.18951 0.18110 0.18110 0.18950 0.18951 0.19038 0.19038 0.18951 0.19090 0.19090 0.19090 0.19090 0.19090 0.18831 0.18831 0.18831 0.18831 0.18831 0.18017 0.18780 0.18780 0.18780 0.18925 0.18925 0.18925 0.18925 0.18925 0.18925 0.18920 0.18840 0.18802 0.18776 0.18732 0.18683 0.18694 0.18694 0.18694 0.18694 0.17195 0.17508 0.17590 0.17590 0.17866 0.18923 0.18923 0.18923 0.18834 0.18923 0.18922 0.18652 0.18968 0.18966 0.17911 0.17911 0.17913 0.17913 0.17913 0.17913 0.17913
0.17824 0.17824 0.17830 0.17874 0.17986 0.18639 0.17942 0.17920 0.18951 0.18951 0.18110 0.18110 0.18110 0.19039 0.19039 0.19039 0.18928 0.19091 0.19091 0.19091 0.19091 0.18832 0.18024 0.18024 0.18832 0.18832 0.18784 0.18781 0.18925 0.18925 0.18925 0.18925 0.18925 0.18925 0.18925 0.18925 0.18781 0.18835 0.18683 0.18776 0.18719 0.18683 0.18695 0.18695 0.18695 0.18695 0.18683 0.17211 0.17591 0.17591 0.18923 0.18923 0.18923 0.18923 0.18923 0.18923 0.18903 0.18923 0.18957 0.18957 0.18957 0.17902 0.17902 0.17902 0.17902 0.17902 0.20566
0.17826 0.17828 0.17838 0.17890 0.17988 0.18676 0.17932 0.17923 0.18952 0.18952 0.20572 0.18111 0.18111 0.19040 0.19040 0.19040 0.19014 0.18832 0.19091 0.19091 0.19091 0.18832 0.18832 0.18832 0.18832 0.18832 0.18784 0.18781 0.18926 0.18926 0.18926 0.18926 0.18926 0.18926 0.18926 0.18926 0.18926 0.18905 0.18695 0.18695 0.18710 0.18684 0.18695 0.18695 0.18695 0.18695 0.18695 0.18905 0.18924 0.18924 0.18924 0.18924 0.18924 0.18924 0.18924 0.18924 0.18718 0.18718 0.19315 0.18956 0.18958 0.18485 0.17630 0.17630 0.17630 0.17630 0.17903
0.17951 0.17982 0.17987 0.17988 0.17990 0.18720 0.18743 0.18944 0.18854 0.18854 0.20573 0.20573 0.18112 0.18854 0.18854 0.19040 0.18833 0.18833 0.18833 0.18833 0.18833 0.18833 0.18833 0.18833 0.18833 0.18725 0.18725 0.18722 0.18722 0.18722 0.18722 0.18927 0.18927 0.18927 0.18927 0.18927 0.18927 0.18906 0.18906 0.18696 0.18685 0.18685 0.18696 0.18696 0.18696 0.18696 0.18906 0.18906 0.18925 0.18925 0.18925 0.18925 0.18925 0.18925 0.18925 0.18718 0.18718 0.19281 0.19314 0.19314 0.19478 0.19582 0.18486 0.17631 0.17631 0.17631 0.17904
0.17970 0.18601 0.18669 0.18732 0.18788 0.17943 0.18745 0.18835 0.18855 0.18855 0.18855 0.20574 0.18855 0.18855 0.18855 0.18855 0.18834 0.18834 0.18834 0.18834 0.18834 0.18834 0.18834 0.18834 0.18834 0.18726 0.18726 0.18723 0.18723 0.18723 0.18723 0.18928 0.18928 0.18928 0.18928 0.18928 0.18928 0.18907 0.18907 0.18697 0.18697 0.18697 0.18697 0.18697 0.18697 0.18697 0.18697 0.18907 0.18926 0.18926 0.18837 0.18926 0.18926 0.18926 0.18925 0.18719 0.18719 0.18719 0.19316 0.19316 0.19525 0.19479 0.19525 0.17632 0.17631 0.17629 0.17904
0.17973 0.17990 0.17991 0.18799 0.18845 0.17939 0.17934 0.18856 0.18856 0.18856 0.18856 0.18856 0.18835 0.18835 0.18855 0.18856 0.18835 0.18835 0.18835 0.18835 0.20511 0.18835 0.18835 0.18835 0.18835 0.18727 0.18723 0.18723 0.18723 0.18723 0.18723 0.18723 0.18928 0.18928 0.18928 0.18928 0.18928 0.18907 0.18907 0.18697 0.18697 0.18697 0.18697 0.18697 0.18697 0.18697 0.18697 0.18720 0.18926 0.18926 0.18698 0.18720 0.18926 0.18837 0.18720 0.18720 0.18720 0.18720 0.18753 0.18753 0.17629 0.17629 0.17632 0.17632 0.18110 0.18008 0.17905
0.17960 0.17963 0.17965 0.17965 0.17991 0.17936 0.17935 0.17935 0.18856 0.18856 0.18856 0.18856 0.18856 0.18856 0.19193 0.18746 0.18835 0.18835 0.18835 0.18835 0.18835 0.18835 0.18835 0.18835 0.18835 0.18727 0.18724 0.18724 0.18724 0.18724 0.19579 0.19140 0.19140 0.19301 0.19301 0.19301 0.19301 0.18908 0.18908 0.18698 0.18698 0.18698 0.18698 0.18698 0.18698 0.18698 0.18698 0.18721 0.18721 0.18721 0.18721 0.18721 0.18721 0.18699 0.18720 0.18721 0.18721 0.18721 0.18754 0.18741 0.18741 0.18741 0.18927 0.17332 0.18087 0.17882 0.17905
0.17960 0.17964 0.17965 0.17966 0.17967 0.17992 0.17992 0.18842 0.18845 0.18845 0.18845 0.18845 0.18845 0.18845 0.19182 0.19182 0.19164 0.18932 0.18932 0.18836 0.18836 0.18836 0.18836 0.18836 0.18836 0.18728 0.18725 0.18725 0.18725 0.18725 0.19579 0.19140 0.19140 0.19579 0.19302 0.19302 0.19302 0.18909 0.18909 0.18909 0.18699 0.18699 0.18699 0.18699 0.18699 0.18699 0.18699 0.18721 0.18721 0.18721 0.18721 0.18721 0.18721 0.18721 0.18721 0.18721 0.18721 0.18721 0.18755 0.18742 0.18742 0.18742 0.18742 0.17112 0.17631 0.17631 0.17633
0.17961 0.17964 0.17965 0.17966 0.17967 0.17993 0.18823 0.18846 0.18846 0.18846 0.18846 0.18846 0.18846 0.18846 0.19183 0.19183 0.19163 0.19283 0.19283 0.18932 0.18729 0.18836 0.19671 0.18836 0.18729 0.18729 0.18697 0.18697 0.18725 0.18725 0.19141 0.19141 0.19141 0.19580 0.19580 0.19431 0.19431 0.18909 0.18909 0.18909 0.18909 0.18909 0.18909 0.18688 0.18688 0.18699 0.18699 0.18722 0.18722 0.18722 0.18722 0.18722 0.18722 0.18722 0.18722 0.18722 0.18722 0.18722 0.18755 0.18743 0.18743 0.18743 0.18743 0.17112 0.17632 0.17632 0.17634
0.17961 0.17963 0.17965 0.17966 0.17967 0.17993 0.17993 0.18847 0.18847 0.18847 0.18847 0.18847 0.18847 0.18847 0.19184 0.19184 0.19164 0.19164 0.19284 0.19284 0.18837 0.18837 0.19227 0.19141 0.18730 0.18730 0.18698 0.18698 0.19073 0.18698 0.19121 0.19121 0.19121 0.19121 0.19121 0.19268 0.18907 0.18867 0.18867 0.18867 0.18910 0.18910 0.18856 0.18689 0.18689 0.18700 0.18700 0.18723 0.18723 0.18723 0.18723 0.18723 0.18723 0.18701 0.18701 0.18723 0.18723 0.18723 0.18756 0.18743 0.18743 0.18743 0.18743 0.18929 0.17583 0.17632 0.17907
0.17961 0.17962 0.17963 0.17965 0.17967 0.17993 0.17994 0.18847 0.18847 0.17994 0.18847 0.18847 0.18847 0.18847 0.19185 0.19185 0.19164 0.19164 0.19164 0.19285 0.18838 0.18838 0.19227 0.19142 0.18730 0.18730 0.18699 0.18699 0.18699 0.18699 0.19122 0.19122 0.19122 0.19122 0.18699 0.18699 0.18907 0.18867 0.18867 0.18867 0.18867 0.18867 0.18758 0.18655 0.18655 0.18655 0.18655 0.18724 0.18724 0.18724 0.18724 0.18724 0.18723 0.18084 0.18084 0.18723 0.18723 0.18723 0.18757 0.18744 0.18744 0.18744 0.18744 0.17890 0.17423 0.17906 0.17908
