test/test_data/tcaap/monthly_variance_over_all_Aug__actual_et__2015-01-01_to_2019-12-31__180_by_260__inches.asc
NCOLS        180
NROWS        260
XLLCORNER     476375.000
YLLCORNER    4970875.000
CELLSIZE        100.000
NODATA_VALUE -9999.
[rows 0 to 28 of 260, columns 67 to 133 of 180]
0.76427 0.76427 0.76427 0.76427 0.76363 0.76363 0.76363 0.87421 0.87421 0.91959 0.91959 0.87421 0.87421 0.87421 0.86586 0.87421 0.87421 0.87189 0.87189 0.76103 0.76103 0.76103 0.76103 0.76103 0.76103 0.76103 0.88031 0.75673 0.87947 0.87947 0.76590 0.76590 0.92073 0.93643 0.93643 0.93643 0.93643 0.93643 0.93395 0.89781 0.96321 1.1419 1.0421 0.99242 0.94629 0.94629 1.0421 0.94629 1.0421 0.95224 1.0855 1.0465 0.91127 1.0046 1.1447 1.0465 0.91127 0.92735 0.92735 0.90679 0.88077 0.87832 0.86731 0.77442 0.91588 0.87832 0.90679
0.90891 0.90891 0.76428 0.76428 0.76428 0.76428 0.76428 0.76619 0.93860 1.0507 0.93860 0.87422 0.76619 0.76619 0.76619 0.76550 0.76619 0.76103 0.76103 0.87190 0.87190 0.76103 0.76103 0.76103 0.87190 0.76103 0.75673 0.75673 0.88978 0.88978 0.83177 0.75680 0.93853 0.95119 0.95119 0.95119 0.95228 0.93528 0.93290 0.92574 0.96321 1.0395 0.93998 0.94396 0.94629 1.0421 1.0421 1.0421 0.91682 0.92879 0.89259 0.97036 0.91128 0.96805 0.97036 0.91128 0.92735 0.92735 0.92735 0.92362 0.93440 1.0738 1.0738 0.92140 0.92362 0.92140 0.90679
0.90891 0.90891 0.90891 0.76428 0.76428 0.76428 0.76619 0.71912 1.0507 1.0507 1.2634 0.86587 0.76550 0.76550 0.86587 0.76619 0.86587 0.76103 0.76103 0.87190 0.87190 0.76103 0.88031 0.76103 0.87190 0.76103 0.82123 0.76590 0.76937 0.83266 0.83132 0.82525 0.98104 1.0850 0.95129 0.95119 0.95119 0.93528 0.93290 0.94473 1.0807 1.0395 0.91682 0.94396 0.94396 0.93197 0.89781 1.0281 0.91128 1.0811 1.0439 0.89259 1.0046 1.1422 1.1673 0.91128 0.92523 0.92735 0.92735 0.92362 0.92545 1.0738 1.0738 1.0341 0.90680 0.90680 0.90680
0.90438 0.90892 0.90892 0.90892 0.76428 0.76428 0.71912 0.71912 1.0507 1.1156 1.1156 0.71912 0.76620 0.76620 0.76620 0.76620 0.86587 0.87190 0.76103 0.76103 0.76103 0.87190 0.87190 0.76103 0.82123 0.90012 0.90012 0.92143 0.92143 0.92143 0.76938 0.81580 1.0838 1.1263 1.1263 0.94390 0.93528 0.93528 0.93291 0.89782 1.1392 1.0395 0.93396 1.0395 1.0395 0.93396 0.93396 0.91683 0.91128 1.0811 1.0439 0.91128 0.91915 1.0919 1.1503 0.91128 1.1422 1.0439 0.92736 0.92363 0.92363 1.0738 1.1356 1.0738 1.0341 1.0341 0.90680
0.90439 0.90439 0.90439 0.90439 0.90439 0.76492 0.71503 0.71503 1.0485 1.1344 0.71503 0.75441 0.75441 0.86587 0.86587 0.76620 0.76620 0.76104 0.76104 0.76104 0.76104 0.87191 0.87191 0.82203 0.91507 0.91507 0.91507 0.92143 0.93644 0.93644 0.90080 1.0694 1.0694 1.1263 1.1263 0.93885 0.91520 0.90080 0.89782 1.1392 1.0807 0.91683 0.91683 0.93397 0.93397 0.93397 0.92447 0.93198 0.92523 0.96805 0.91129 0.91796 0.92523 0.92523 0.92523 0.92523 1.0046 1.0439 0.92523 0.92363 0.92363 1.1356 1.1356 1.1356 1.1356 0.90681 0.92363
0.90439 0.90439 0.90439 0.90439 0.90439 0.87679 0.75442 1.1103 1.1146 1.1344 0.75442 0.75442 0.75442 0.75442 0.86472 0.86472 0.86472 0.75750 0.75750 0.75750 0.75750 0.91126 0.91126 0.91126 0.91106 0.91592 0.91592 0.92143 0.93645 0.94391 1.0694 1.0694 1.1263 1.0151 1.0237 1.0118 0.93885 0.93885 1.0116 1.1459 0.92448 0.93397 0.93397 0.93397 0.93198 0.91683 0.93397 0.93397 0.92737 0.91129 0.92737 0.92737 0.92737 0.92737 0.92737 0.92737 0.91129 1.0439 1.0439 0.91396 0.91396 1.1356 1.1356 1.1356 1.1356 0.90681 0.92364
0.90440 0.90440 0.90440 0.90440 0.90440 0.76492 0.92841 0.70651 1.0982 1.1146 1.2602 0.75442 0.75442 0.75442 0.86472 0.86472 0.86472 0.75750 0.75750 0.87896 0.90202 0.91126 0.91126 0.93086 0.91106 0.91106 0.93086 0.93625 0.95079 0.93716 1.0141 1.1263 1.0141 1.0141 1.0141 1.0141 1.0118 1.0118 1.0132 0.93467 1.0724 0.92448 0.93398 1.0572 0.91684 0.91684 0.93398 0.93398 0.91190 0.92737 0.92737 0.92737 0.92737 0.92737 0.92737 0.92737 0.91129 1.1674 1.1674 1.0269 1.0004 1.1356 1.1356 1.1356 1.1356 0.91397 0.92364
0.90440 0.90440 0.90440 0.90440 0.90440 0.90440 0.91154 0.90878 0.70673 0.70697 0.75442 0.73418 0.75442 0.75442 0.75442 0.86473 0.86473 0.86832 0.86832 0.91127 0.91107 0.91127 0.91127 0.93087 0.94126 0.93087 0.93087 0.93625 0.93716 0.99661 1.0141 1.0141 1.0141 1.0141 1.0141 1.0141 1.0141 1.0141 1.0615 0.93636 1.0411 0.92548 0.93524 1.0307 0.78029 0.93524 0.93524 0.93524 0.92737 0.92737 0.92737 0.92524 1.0065 1.1187 1.0601 0.91130 0.91130 1.1674 1.1674 0.90682 0.90682 1.1356 1.1356 1.1356 1.1356 0.91397 0.90682
0.90440 0.86101 0.90440 0.86101 0.90440 0.90440 0.91154 0.91154 0.86473 0.86473 0.75442 0.75442 0.75442 0.86473 0.86473 0.91097 0.92395 0.92395 0.92382 0.92382 0.91107 0.91127 0.91127 0.93087 0.93087 0.93087 0.93087 0.93626 0.93716 1.0141 1.0160 1.0160 1.0141 1.0141 1.0141 1.0141 1.0141 1.0044 0.99575 0.99575 1.1378 1.0162 0.93524 0.91779 0.91779 0.93524 0.93524 0.93524 0.92961 0.92961 0.91265 0.91265 1.0246 1.1148 0.92779 0.91265 0.92961 0.91265 1.0352 0.89984 0.90682 1.0738 1.1356 1.1356 1.1356 1.1356 0.92547
0.90441 0.90441 0.86101 0.86101 0.90441 0.90441 0.86473 0.86473 0.90864 0.90864 0.90864 0.90864 0.90864 0.75443 0.71503 0.71503 0.70892 0.75255 0.92353 0.92353 0.91108 0.91128 0.91128 0.93088 0.93088 0.93088 0.93088 1.0141 1.0141 1.0141 1.0337 0.99662 0.99662 1.0141 1.0141 1.0141 0.99662 1.0044 1.0044 0.99576 1.1378 1.0162 0.93525 0.92548 0.93436 0.93525 0.93525 0.92548 1.0981 1.1405 1.0089 0.92961 1.0246 0.91266 0.92961 0.91266 0.92779 0.92961 0.89984 0.89984 1.0391 1.1395 1.1395 1.1395 1.1395 0.99831 1.1395
0.90441 0.90441 0.90441 0.90441 0.90441 0.90441 0.90864 0.92985 0.90864 0.90864 0.90864 0.90864 0.90864 0.92842 1.0485 1.0485 1.0573 0.92354 0.92354 0.92354 0.91108 0.91108 0.91128 0.93088 0.93088 0.93088 0.92988 1.0141 1.0141 1.0141 1.1049 0.99662 0.99662 1.0141 1.0141 1.1179 1.0141 1.0218 1.0044 1.0042 1.1378 1.1378 0.93340 0.91220 1.0170 0.93525 0.93340 0.92549 1.0981 1.1405 1.1405 0.91266 0.93050 0.91266 0.91266 0.91266 0.92780 0.92780 0.89985 0.96572 1.0392 1.1396 1.1396 1.1396 1.1396 1.1396 1.1396
0.90441 0.90441 0.90441 0.91523 0.90441 0.90441 0.94383 0.94383 0.94383 0.92986 0.90865 0.90865 0.90865 1.0485 1.0485 1.0485 1.0573 0.91608 0.94272 0.94272 0.92354 0.92354 0.94272 0.92988 0.92988 0.99004 1.0114 1.0141 1.0413 0.99663 1.1334 1.0072 1.1179 1.1179 1.1179 1.0141 1.0141 0.92549 0.93526 0.93526 1.1378 1.0162 0.92549 0.92549 0.91855 0.93526 0.93340 0.87815 1.1405 1.1405 1.1405 1.0421 0.91267 0.91267 0.91267 0.91267 0.91267 1.0838 1.1396 1.1396 1.1396 1.1396 1.1396 1.0105 1.1396 1.1396 1.1396
0.90442 0.90442 0.90442 0.90442 0.90442 0.90442 0.90865 0.94384 0.94384 0.94384 0.95401 0.94074 1.0069 1.0069 0.92081 1.0813 0.95352 0.93317 0.94273 0.94273 0.94273 0.92354 0.92354 0.95390 1.2607 0.99004 1.0018 1.0141 1.0141 1.1263 1.1263 1.1049 1.1179 1.1179 1.0251 1.0251 1.0141 0.91781 0.93526 0.93526 1.0162 0.92550 0.93340 0.92550 0.93526 0.93526 0.92550 0.99867 1.1405 1.1405 1.1405 0.91267 0.91267 0.92962 0.92962 0.91267 0.91267 1.1405 1.1396 0.99832 1.1396 1.1396 1.1396 1.0105 0.99832 1.1396 1.1396
0.90442 0.90442 0.90442 0.90442 0.90442 0.90442 0.94384 0.94384 0.94384 0.94384 0.95402 0.95402 0.94384 0.94384 0.92081 0.94085 0.94140 0.88771 0.88771 0.92989 0.94273 0.92355 0.95390 1.2607 0.99005 1.0018 1.0018 1.0141 1.0277 1.0549 0.95082 0.93281 0.95082 0.93281 0.93281 0.93281 0.93281 0.93526 0.93526 0.91781 0.91781 0.93638 0.91781 0.91781 0.93526 0.92550 0.92550 1.0411 0.91267 1.1405 1.0353 1.0353 1.0353 0.92963 0.92963 0.92781 0.91267 1.1405 0.99832 0.99832 1.1396 1.1396 0.99832 0.97864 0.99832 1.1396 1.1396
0.90765 0.90765 0.90765 0.92648 0.90765 0.92171 0.94337 0.94384 0.94384 0.94384 0.94075 0.94085 0.94384 0.94384 0.92082 0.90866 0.92875 0.88771 0.88771 0.89767 0.89767 0.88767 0.92277 0.92966 1.2608 1.0018 1.0141 1.0061 0.95082 0.95082 0.95082 0.95082 0.95082 0.95082 0.95082 0.95082 0.93628 0.93527 0.93341 0.93341 0.93527 0.94583 1.1647 1.0408 0.93341 0.92550 0.92550 0.91268 0.91268 0.91268 1.1666 1.1666 1.1666 0.91268 0.92963 0.92963 0.92963 0.92195 0.91908 1.0765 1.1396 1.1396 0.99981 1.0210 0.99833 1.1396 1.1396
0.91922 0.93871 0.91922 0.91922 0.93871 0.92171 0.93132 0.94338 1.0258 1.0258 0.94005 0.90939 0.92171 0.94057 0.92171 0.90939 0.91563 0.89641 0.92277 0.94140 0.91029 0.75752 1.1433 1.0018 1.1086 1.0018 1.0270 1.0061 0.95083 0.95083 0.95083 0.95083 0.95083 0.95083 0.93628 0.94690 0.91871 0.91782 0.92551 0.93342 0.93527 0.93527 0.92551 1.1378 1.1201 1.0307 0.91782 1.2580 0.91268 1.1405 1.1405 0.74136 0.91331 0.91268 0.92782 0.92782 0.92964 0.94016 0.91909 1.0765 1.1396 1.1396 0.90787 0.87395 0.87395 1.0392 1.0392
0.90766 0.90766 0.90766 0.90766 0.90766 0.90939 0.90939 1.0258 1.0258 1.0258 1.2577 0.90939 0.90939 0.90939 0.93132 0.92172 0.94792 0.94792 0.94792 0.94792 0.92999 0.77615 1.0150 1.0150 1.0150 1.0150 1.0031 1.0652 0.94958 0.94958 0.95083 0.95083 0.95083 0.95083 0.94691 0.93720 0.93720 0.91782 0.91782 0.93528 0.93528 0.91782 0.91782 1.0827 1.0827 1.0307 1.0412 1.0838 1.1405 1.1405 1.0468 0.92764 0.92764 0.92964 0.92782 0.91268 0.91268 0.93052 0.92794 1.0765 1.1396 1.1396 0.99834 0.86134 0.86134 0.89987 0.91448
0.88256 0.90766 0.90766 0.90766 0.90766 0.90940 0.90940 0.90940 0.94006 0.94006 0.90940 0.90940 0.90940 0.90940 0.94338 0.94338 0.94793 0.94793 0.94793 0.94793 0.92999 0.77615 1.0150 1.0150 1.0013 1.0264 1.0652 1.0768 0.94958 0.94958 0.94958 0.94958 0.94958 0.94958 0.94516 0.93553 0.93553 0.91878 0.93410 0.93623 0.92683 0.91878 0.99339 0.93640 1.0828 0.93742 0.74112 1.1405 1.1405 1.1405 0.92699 0.92764 0.92764 0.91269 1.0421 0.91269 0.91269 0.93053 1.0765 1.1396 1.1396 1.1396 1.1396 0.86134 0.86134 0.90699 0.90699
0.76590 0.76590 0.90767 0.90767 0.90767 0.90940 0.90940 0.90940 0.90940 0.90940 0.90940 0.91830 0.90940 0.90940 0.94058 0.94339 0.94793 0.94793 0.94793 0.94793 0.93000 0.77616 0.93349 0.93349 0.93349 0.95816 1.0768 1.0768 0.94959 0.94959 0.94959 0.94959 0.94959 0.94959 0.93468 0.91758 0.91758 0.91879 0.93411 0.93624 0.91879 0.91879 0.91879 1.0909 1.1418 0.95048 0.74932 1.1482 1.1482 1.1482 0.94457 0.92723 0.91261 0.93050 1.0838 1.1405 0.89444 0.91269 1.0482 1.1396 1.1396 1.1396 1.1396 0.86135 0.89988 0.89988 0.90699
0.92029 0.92029 0.76653 0.76636 0.76590 0.77360 0.88627 0.88627 0.88627 0.90941 0.88627 0.86933 0.88627 0.77360 0.77360 0.94339 0.94794 0.93073 0.93073 0.93073 0.93073 0.93878 0.77616 0.93349 0.95782 0.93073 0.93283 0.93283 0.93283 0.91329 0.91329 0.91329 0.91329 0.91329 0.87805 0.89166 0.87805 0.87892 0.87892 0.89221 0.87892 0.94583 0.91303 0.91303 0.95048 0.95048 0.95048 0.95744 0.95744 0.95744 0.88521 0.87241 0.87241 0.91186 1.0522 1.0522 1.0522 0.91186 1.0155 1.0260 1.0348 1.0356 1.0247 1.0042 0.98774 0.89027 0.89988
0.94001 0.92029 0.92029 0.87979 0.76591 0.86934 0.88628 0.88628 0.88628 0.90941 0.88628 0.88628 0.88628 0.90941 0.91830 0.92342 0.94794 0.90996 0.93505 1.0307 0.96741 0.93074 0.93074 1.0150 1.0150 0.93074 0.93284 0.93284 0.91824 0.91329 0.91329 0.91329 0.91329 0.90607 0.90979 0.91742 0.92005 0.92005 0.94584 0.94584 0.94584 0.99705 0.92915 0.92005 0.92005 0.95048 0.95048 0.95744 0.95744 0.95744 0.95744 0.95744 0.87242 1.0522 1.0522 1.0522 0.91186 1.2551 1.2551 1.2551 1.2551 1.2551 1.2551 1.2551 1.2551 0.93007 0.90264
0.94144 0.94144 0.90853 0.92029 0.92029 0.86934 0.90941 0.90941 0.88628 0.90941 0.88628 0.88628 0.88628 0.90941 0.90941 0.93813 0.94794 0.93001 0.93001 0.92469 0.93074 0.93074 0.94794 0.91565 0.93350 0.93350 1.0197 1.0197 1.0652 0.91330 0.91330 0.91330 0.91330 0.87806 0.91088 0.91742 0.92006 0.92006 0.94584 0.94584 0.94584 0.98234 0.93715 0.95485 0.95485 0.92006 0.95049 0.95744 0.95744 0.95744 0.95744 0.95744 0.95744 0.95744 0.95744 1.2574 1.2574 1.2551 1.2551 1.2551 1.2551 1.2551 1.2551 1.2551 1.2551 1.2551 0.91074
0.94144 0.94144 0.92817 0.90853 0.92671 0.91023 0.92861 0.91980 0.91577 0.90942 0.88628 0.88628 0.88628 0.90942 0.92174 0.93350 0.91565 0.94795 0.94795 0.89643 0.89643 0.93074 0.93074 0.93074 0.94833 1.0150 1.0197 1.0652 1.0652 0.91330 0.91330 0.91330 0.90608 0.93385 0.91089 0.94487 0.93598 0.99705 0.99705 0.96342 0.98235 0.98235 0.98235 0.95485 0.95485 1.0647 0.95049 0.95745 0.95745 0.95745 0.95745 0.95745 0.95745 0.95745 1.0831 1.2574 1.2574 1.2551 1.2551 1.2551 1.2551 1.2551 1.2551 1.2551 1.2551 0.91694 0.90265
0.94145 0.91925 0.90769 0.91641 0.92671 0.91023 0.91023 0.91023 0.77361 0.77361 0.77361 0.90942 0.90942 0.94060 0.94341 0.91566 0.93113 0.94590 0.94795 0.93951 0.91026 0.83098 0.93075 0.93075 0.95818 1.0151 1.0166 1.0878 1.0806 0.98176 0.98176 0.98176 0.98176 0.98176 0.98176 0.98176 0.96343 0.96343 0.96343 0.96343 0.98235 0.98235 0.98235 0.98235 0.90692 0.90692 0.95049 0.95745 0.95745 0.95745 0.95745 0.95745 0.87243 0.92951 0.91969 1.2574 1.2574 1.2551 1.2551 1.2551 1.2551 1.2551 1.2551 1.2551 1.2551 0.90265 0.90265
1.1126 1.2581 1.2581 1.0533 0.94059 0.92959 0.97395 0.77361 0.77361 0.77361 0.86935 0.90943 0.90943 0.94060 0.90943 0.91566 0.93002 0.94590 0.94796 0.94698 0.89644 0.90349 0.92627 0.92627 1.0181 1.0151 1.0166 1.0806 0.96565 0.95306 0.97541 0.97587 0.97604 0.97644 0.97733 0.97941 0.96462 0.96833 0.96343 0.96343 0.96343 0.96726 0.96351 0.96062 0.90693 0.90693 0.90693 0.95745 0.95745 0.95745 0.95745 0.95745 0.87243 0.92952 0.92952 1.2575 1.2575 1.2551 1.2551 1.2551 1.2551 1.2551 1.2551 1.2551 1.2551 0.90386 0.91829
0.94518 0.94518 0.94078 0.94064 0.96281 0.94914 0.73540 0.77652 0.77652 0.87995 0.87995 0.91809 0.90943 0.92175 0.90943 0.93814 0.93814 0.94796 0.94796 0.94698 0.90987 0.93076 0.92627 0.91156 1.0050 1.0151 1.0166 1.0166 1.0854 0.98177 0.98177 0.98177 0.98177 0.98230 0.98196 0.96172 0.96200 0.96108 0.96344 0.96344 0.96344 0.96187 0.96007 0.95682 0.90693 0.90693 0.87895 0.95746 0.95746 0.95746 0.95746 0.87243 0.87243 0.92952 0.92952 1.2575 1.2575 1.2551 1.2551 1.2551 1.2551 1.2551 1.2551 1.2551 1.2551 1.2551 0.92095
0.88054 0.88054 0.88054 0.88054 0.96408 0.94914 0.77652 0.77652 0.77652 0.77652 0.92373 0.92503 0.94810 0.93994 0.91809 0.94612 0.94612 0.95657 0.95657 0.95512 0.94753 0.92492 0.93742 0.92230 1.0050 1.0198 1.0166 1.0824 0.98178 0.98178 0.96230 0.96230 0.96230 0.96230 0.96230 0.96230 0.96344 0.96344 0.98236 0.98236 0.95465 0.95688 0.96365 0.97283 0.90693 0.90693 0.87244 0.95746 0.95746 0.95523 0.95746 0.95250 0.87244 0.92952 0.92952 0.91188 0.97888 1.2551 1.2551 1.2551 1.2551 1.2551 1.2551 1.2551 1.2551 1.2551 0.93391
0.90476 0.86323 0.90476 0.86323 0.87996 1.0389 0.91810 0.91810 0.91810 0.87996 0.90774 0.83127 0.90129 0.92334 0.87995 0.92492 0.92492 0.93894 0.93894 0.93894 0.92492 0.84414 0.93742 0.92230 1.0134 1.0104 1.0222 1.0777 0.98646 0.98646 0.98646 0.98646 0.98646 0.98646 0.98646 0.98646 0.98237 0.93600 0.92121 0.90632 1.2538 1.2538 0.96052 0.97147 0.96803 0.98800 0.98304 1.2575 1.2575 0.95746 0.95746 0.95746 0.95746 1.1059 0.92727 0.92953 0.91971 1.2552 1.2552 1.2552 1.2552 1.2552 1.2552 1.2552 1.2552 1.2552 0.93203
0.90476 0.90476 0.90476 0.86323 0.87996 1.0389 0.91810 0.91810 0.91810 0.95031 0.94917 0.94917 0.89916 0.90130 0.93260 0.93894 0.92493 0.92493 0.92493 0.92493 0.92493 0.84414 0.93743 0.92230 1.0134 1.0019 1.0222 1.0823 0.98647 0.98647 0.98647 0.96637 0.96517 1.0594 0.98647 0.98647 0.99040 0.94666 1.2516 1.2516 0.95441 0.95776 0.96595 0.97716 0.96295 0.97571 1.2538 1.2538 1.2575 0.95746 0.95746 0.95746 0.95746 0.91189 0.92953 0.92953 0.92953 1.2552 1.2552 1.2552 1.2552 1.2552 1.2552 1.2552 1.2552 1.2552 0.93392
