test/test_data/tcaap/monthly_mean_over_all_May__actual_et__2015-01-01_to_2019-12-31__180_by_260__inches.asc
NCOLS        180
NROWS        260
XLLCORNER     476375.000
YLLCORNER    4970875.000
CELLSIZE        100.000
NODATA_VALUE -9999.
[rows 160 to 191 of 260, columns 71 to 141 of 180]
3.1381 3.1199 2.8493 2.8670 2.9137 3.4311 3.5435 3.5435 3.5435 3.5435 3.5868 3.1764 3.1006 3.1572 3.1572 3.1572 3.1572 3.1572 3.0983 3.1528 3.1671 3.0644 2.8983 2.9100 2.7011 2.7836 3.0460 3.1158 3.1563 3.1563 3.4319 3.4350 3.4350 3.4350 3.5740 3.5740 3.6022 3.6022 3.5740 3.6022 3.6022 3.6022 3.6464 3.8201 3.5745 3.9555 3.9555 3.9555 3.2720 3.9555 3.9555 3.7430 4.9482 4.9482 4.9482 4.9482 3.5853 3.6389 3.6026 3.6026 3.5973 3.5973 3.5610 3.5954 3.1257 3.5678 3.6283 3.6283 3.6283 3.6283 3.6283
3.1250 2.8840 2.8918 3.1215 2.9604 3.0174 3.5435 3.5435 3.5435 3.5435 3.5868 3.5868 2.6801 3.1572 3.1572 3.1572 3.1572 3.1572 3.0983 3.1528 3.1296 2.8797 2.8954 2.9291 2.9291 2.9829 3.0565 3.1563 3.1563 3.4319 3.4319 3.4350 3.4350 3.4350 3.6022 3.6022 3.6022 3.6022 3.4350 3.4350 3.6022 3.6022 3.8895 3.8895 3.5745 3.5745 3.6464 3.6464 3.6464 3.6464 3.9555 3.4192 4.9482 4.9482 4.9482 4.9482 3.5973 3.5973 3.6026 3.5973 3.5973 3.5973 3.5973 3.6284 3.5678 3.1764 3.2149 3.2149 3.1764 3.5387 3.0527
3.1439 2.9251 3.1452 3.1009 3.1420 3.5140 3.5991 3.5685 3.5685 3.6207 3.5906 3.5906 3.5868 3.2466 3.1573 3.1573 3.1548 3.1548 3.2326 3.1528 3.1252 2.9233 2.9502 2.9831 3.0230 3.0781 3.1311 3.1563 3.1563 3.4318 3.4318 3.4350 3.4350 3.4350 3.6022 3.6022 3.6022 3.4350 3.6022 3.6022 3.6022 3.6022 3.8895 4.3944 3.5745 3.6464 3.6464 3.6464 3.6464 3.9555 3.5434 3.1701 3.7047 4.9482 4.9482 4.9482 3.5973 3.5973 3.5973 3.5973 3.4131 3.4131 3.5973 3.2149 3.2149 3.2149 3.2149 3.2149 3.2149 3.1764 3.1792
3.1302 3.1190 3.1228 3.1068 2.9918 3.4364 3.5991 3.5685 3.5685 3.5685 3.5906 3.2396 3.4181 3.2446 3.1813 3.1682 3.1085 3.1327 3.1739 3.1695 3.1988 3.2342 2.9525 2.9852 3.0228 3.0917 3.1358 3.1563 3.4318 3.1563 3.1563 3.4350 3.4350 3.4350 3.6022 3.5740 3.4350 3.4350 3.6022 3.6022 3.6022 3.6032 4.2077 4.2077 4.2077 3.6032 3.6863 3.6464 3.6464 3.9555 3.2189 3.1895 3.1711 4.9483 4.9483 4.9483 4.9483 3.5973 3.5973 3.4131 3.4131 3.4131 3.2149 3.2149 3.2149 3.2149 3.2149 3.2149 3.2149 2.6712 2.6712
3.1179 3.1040 3.1040 2.9918 2.6644 3.0757 3.5991 3.5685 3.5685 3.5685 3.5906 3.1787 3.2389 3.1682 3.1682 3.1085 3.1717 3.1327 3.1327 3.1717 3.1961 2.8890 2.9188 2.9853 3.0284 3.1017 3.1598 3.4302 3.4302 3.1598 3.1598 3.4174 3.4174 3.4174 3.5693 3.5740 3.6022 3.6022 3.6022 3.6022 3.6022 3.6032 4.2077 3.6464 4.2077 4.2077 3.5691 3.6464 3.6464 3.6464 3.1456 3.6032 3.5973 4.9483 4.9483 4.9483 4.9483 4.9483 3.5973 3.5973 3.5973 3.5610 3.5678 3.5678 3.2149 3.1792 3.2149 3.1792 3.0819 3.4083 3.6284
3.1072 3.0915 3.0884 2.8325 3.0757 3.0757 3.0757 2.6644 3.1553 3.5685 3.5906 3.1058 3.1717 3.1717 3.0853 3.1327 3.1717 3.1717 3.1717 3.1717 3.2001 3.1414 2.9206 2.9867 3.0301 3.1598 3.1598 3.4302 3.4302 3.1598 3.4302 3.4174 3.5990 3.4174 3.5990 3.5990 3.5990 3.5990 3.5990 3.5990 3.5990 3.6090 3.5744 4.0708 4.2090 4.2090 3.6284 3.6464 3.6464 3.6464 3.6032 3.6032 3.5973 3.5973 4.9483 4.9483 4.9483 4.9483 3.5973 3.1332 3.1310 3.1240 3.1257 3.4082 2.9487 3.2149 2.8601 2.8601 4.9387 4.9387 3.6284
3.0981 3.0816 3.0771 2.8325 2.8354 3.0757 3.0757 2.8225 2.9622 2.9716 2.8085 3.1327 3.6220 3.5906 3.5906 3.5906 3.5906 3.2540 3.2540 3.2540 3.1441 2.8829 2.9245 2.9878 3.0301 3.1052 3.1598 3.4302 3.4302 3.4245 3.4256 3.4174 3.4174 3.4174 3.4174 3.4174 3.4174 3.1408 3.5156 3.5156 3.5156 3.5235 3.1605 3.1605 3.6519 3.6284 3.6284 3.5235 3.6048 3.5007 3.6090 3.4355 3.6000 3.6000 3.6332 3.6095 3.6000 3.6332 3.5707 3.5138 3.1335 3.1335 3.4082 3.4082 3.5678 3.5954 3.9735 4.9387 4.9387 4.9387 3.6284
3.0899 3.0748 3.0711 2.8360 2.8340 2.8482 3.0691 2.9094 2.9287 2.7557 2.7826 3.0051 3.0601 3.1674 3.1674 3.1674 3.1674 2.9968 3.2104 3.1590 2.9143 2.9105 2.9323 2.9874 3.0267 3.3951 3.1598 3.4302 3.4302 3.4139 3.4152 3.1359 3.1353 3.4120 3.4120 3.4120 3.1358 3.1374 3.5136 3.5148 3.5156 3.5235 3.1605 3.1605 3.6284 3.6284 3.6284 3.6246 3.5968 3.2184 3.1521 3.1943 3.6000 3.6000 3.6000 3.6000 3.6000 3.6000 3.6000 3.4123 3.4123 3.4123 3.6311 3.6143 3.5720 3.6311 3.6359 3.6311 4.9378 3.6311 3.6311
3.0836 3.0709 2.9918 2.8377 2.8393 2.6644 3.0339 3.3947 3.1181 2.9557 3.0116 3.3896 3.4859 3.1069 3.1350 3.1365 3.0996 3.0208 2.9429 2.9052 2.9276 2.9505 2.9599 2.9838 3.0181 3.0947 3.1239 3.4302 3.4302 3.3924 3.3943 3.1083 3.1099 3.3902 3.3936 3.3983 3.1263 3.1320 3.1369 3.1403 3.1407 3.4355 3.4355 3.1605 3.1605 3.1605 3.1605 3.1605 3.4355 3.0574 3.1546 3.4355 3.4123 3.4123 3.4123 3.4123 3.6000 3.6000 3.6000 3.6000 3.6000 3.6000 3.6406 3.6406 3.6143 3.6311 3.6311 3.6311 3.4056 3.4056 3.6311
3.1042 2.9918 3.0757 2.6644 2.9918 2.8225 3.5285 3.5550 3.3947 3.8857 3.1304 3.0709 3.0771 3.1156 3.1364 3.1324 3.0965 3.0299 2.9620 2.9217 2.9388 2.9531 2.9583 2.9763 3.0034 3.0612 3.3624 3.4241 3.4197 3.3579 3.3519 3.0790 3.3579 3.3628 3.3701 3.3803 3.1130 3.1234 3.1319 3.5119 3.5153 3.5797 3.1605 3.1605 3.1605 3.4354 3.5797 3.5797 3.4354 3.4354 3.6090 3.6000 3.6000 3.6073 3.6073 3.6073 3.6073 3.5612 3.6000 3.6000 3.6000 3.6073 3.6406 3.6406 3.6406 3.6725 3.5990 3.6311 3.4109 3.4056 3.6311
3.0812 3.0478 3.0757 2.8225 2.8225 2.9365 3.5237 3.5550 3.5550 3.5789 3.5516 3.3659 3.0414 3.0765 3.0673 3.0489 3.2927 3.2537 3.2134 2.9431 2.9635 2.9542 2.9548 2.9664 2.9854 3.0079 3.2903 3.3126 3.3818 3.3166 3.3120 3.3166 3.3222 3.3302 3.3419 3.0820 3.0982 3.1139 3.1268 3.5090 3.5139 3.5237 3.5235 3.1605 3.1605 3.4354 3.5797 3.5797 3.1605 3.1605 3.6090 3.6000 3.6000 3.6000 3.6000 3.6073 3.6073 3.6073 3.6073 3.6073 3.6073 3.6073 3.6406 3.6406 3.6406 3.6406 3.5968 3.4056 3.4185 3.4056 3.6311
3.0868 3.1382 3.0180 2.8553 2.9057 3.1181 3.5237 3.5550 3.5550 3.4137 3.4156 3.3822 3.0498 3.0393 3.0343 3.0264 3.0163 3.0050 2.9936 4.9556 4.9464 4.9464 4.9464 2.9558 2.9676 2.9332 2.9332 3.0108 3.0209 3.0288 3.0112 3.0173 3.0242 3.0335 3.0469 3.0652 3.3623 3.3845 3.4003 3.4102 3.1385 3.5235 3.5235 3.1605 3.1605 3.4354 3.5797 3.5797 3.1568 3.4354 3.6090 3.6000 3.6000 3.6000 3.6000 3.6000 3.6073 3.6073 3.6073 3.6073 3.6073 3.6073 3.5968 3.5968 3.6406 3.1661 3.6406 3.1661 3.1508 3.4178 3.4056
3.1783 3.1690 3.0740 2.9160 2.9640 3.0372 3.5237 3.5550 3.7162 3.4137 3.4202 3.3945 3.0582 3.0472 3.0415 3.0327 3.0215 3.0089 2.9961 2.9837 2.9671 4.9464 4.9464 4.9464 2.9332 3.2153 3.2153 2.7515 2.7723 2.9547 2.9217 2.8590 2.8590 2.9102 2.9317 3.0577 3.3564 3.3810 3.3986 3.4095 3.1407 3.1605 3.1605 3.4354 3.4354 3.4354 3.4354 3.1605 3.1605 3.4354 3.6090 3.6000 3.4123 3.5707 3.4123 3.4123 3.1708 3.4123 3.4123 3.4482 3.1708 3.1708 3.1661 3.1661 3.5968 3.5342 3.1661 3.1661 3.1563 3.4212 3.4110
3.1039 3.1470 3.1760 2.9774 3.0107 3.0687 3.5491 3.4152 3.5540 3.4098 3.4174 3.3992 3.0728 3.0616 3.0552 3.0453 3.0328 3.0128 2.9986 2.9849 2.9675 3.1624 3.1337 2.9218 3.2153 3.2153 3.2153 2.7515 2.7874 3.1597 3.4173 3.0417 3.0417 3.4173 3.1407 3.4173 3.4173 3.4173 3.4173 3.4173 3.1407 3.1605 3.4354 3.4354 3.4354 3.1605 3.1605 3.1605 3.1605 3.4354 3.6090 3.6000 3.5707 3.5707 3.4123 3.4123 3.4123 3.4123 3.4123 3.4123 2.7195 2.7195 2.9563 2.9045 3.1661 3.1661 3.6406 3.6406 3.1591 3.4921 3.5990
3.1397 2.9446 2.9658 2.9950 3.2906 3.0901 3.5810 3.5540 3.5810 3.5484 3.5484 3.4098 3.1271 3.0691 3.0620 3.0512 3.0377 3.0225 3.0069 3.0202 3.1842 3.0800 3.2059 3.1337 3.2784 3.2784 3.3075 3.3075 3.2682 3.6048 3.5990 3.5990 3.5990 3.4173 3.4173 3.4173 3.4173 3.4173 3.4173 3.5990 3.8970 3.4354 3.4354 3.4354 3.4354 3.1605 3.1605 3.1605 3.5205 3.5205 3.6090 3.6000 3.6000 3.6000 3.4123 3.4123 3.4123 3.4123 3.4123 3.4123 3.1130 2.9604 3.2489 3.2489 3.0325 3.1660 3.6406 3.6406 3.1660 3.1291 3.1291
3.1755 3.1697 3.2412 3.0119 3.3114 3.3818 3.5449 3.5540 3.5810 3.4098 3.5754 3.5434 3.1367 3.1171 3.1010 3.0780 3.0420 3.0259 3.0092 3.0214 2.9651 2.8780 3.1337 3.1900 3.2784 3.1900 3.4498 3.4498 3.2784 3.5711 3.6196 3.6196 3.6196 3.6196 3.4493 3.4493 3.4493 3.6196 3.6196 3.6196 3.6137 3.6090 3.6090 3.6090 3.6090 3.5744 3.1605 3.4344 3.4354 3.1605 3.1605 3.6000 3.6000 3.6000 3.4123 3.4123 3.4123 3.4123 3.4123 3.4123 2.9604 3.2489 3.1777 3.1777 3.3791 3.0472 3.1660 3.1660 3.1660 3.1660 3.1291
3.3907 3.2499 3.3244 3.0269 3.3268 3.3968 3.4102 3.1357 3.1357 3.4945 3.4945 3.5434 3.1367 3.1220 3.1066 3.0839 3.0457 3.0288 3.0113 3.0226 2.9657 2.8912 3.1900 3.1900 3.2784 3.1900 3.4173 3.2784 3.2784 3.5998 3.6196 3.6196 3.6196 3.4493 3.4493 3.4493 3.4493 3.6196 3.6196 3.6196 3.6137 3.6137 3.6137 3.6137 3.6137 3.5788 3.6137 3.5843 3.5788 3.5788 3.5788 3.5996 3.5996 3.5097 3.4123 2.9604 2.7195 2.7195 2.9604 3.1337 2.7195 3.2489 3.1777 3.1777 2.9425 3.0108 3.0883 3.1331 3.1488 3.1500 3.1446
3.3907 3.2941 3.3542 3.1357 3.1357 3.3686 3.1143 3.1357 3.1357 3.1367 3.4945 3.5434 3.1367 3.1251 3.1105 3.0882 3.0484 3.0311 3.0130 3.0238 2.9673 3.0586 3.1857 3.1900 3.2784 3.1900 3.1900 3.1900 3.6174 3.5998 3.6196 3.6196 3.6196 3.6196 3.4493 3.4493 3.4493 3.6196 3.6196 3.6196 3.4470 3.6137 3.6137 3.6137 3.6137 3.6137 3.6137 3.5843 3.5788 3.6137 3.6137 3.5996 3.5996 3.5996 2.9514 2.8658 2.8208 2.8251 2.8435 3.4256 2.9957 2.9955 3.2316 2.9653 2.9853 3.0610 3.0795 3.0967 3.1113 3.1223 3.1287
3.3907 3.2223 3.1357 3.5491 3.1357 3.0987 3.1163 3.1357 3.1357 3.1367 3.1367 3.1367 3.1367 3.1260 3.1123 3.0909 3.0504 3.0328 3.0146 3.2694 3.1834 3.0589 3.2101 3.2734 3.2784 3.1900 3.1900 3.1900 3.3530 3.6174 3.6196 3.4493 3.4493 3.4493 3.4493 3.4493 3.4493 3.6196 3.6196 3.6196 3.4470 3.5843 3.6137 3.6137 3.6137 3.6137 3.6137 3.6137 3.4470 3.4470 3.6137 3.5996 3.5996 3.5996 3.3746 2.8376 3.0742 3.0742 3.2162 3.4864 3.4864 3.4952 3.5582 3.5582 3.3509 3.4171 3.1128 3.1281 3.1411 3.1504 3.1549
3.3907 3.2223 3.0391 3.5491 3.1357 3.1017 3.1166 3.1249 3.4910 3.1291 3.1283 3.4846 3.4828 3.1212 3.1123 3.0922 3.0519 3.0344 3.2702 3.2714 3.1907 3.0593 3.1900 3.2734 3.2784 3.3530 3.3530 3.3530 3.3530 3.3530 3.3796 3.6196 3.5902 3.4493 3.6196 3.4493 3.4493 3.6196 3.6196 3.6196 3.6137 3.6137 3.6137 3.6137 3.6137 3.6137 3.6137 3.6137 3.6137 3.6137 3.6137 3.5996 3.5996 3.5996 3.0746 2.8699 3.0742 3.1810 3.1831 3.5996 3.5996 3.6335 3.6335 3.6335 3.4497 3.1322 3.1452 3.1318 3.1424 3.1494 3.1514
3.3907 3.2223 3.0293 3.0747 3.1357 3.1034 3.1155 3.4831 3.1230 3.1215 3.1198 3.1195 3.4743 3.1155 3.1104 3.0921 3.0531 3.0358 3.2725 3.2738 3.2010 2.8909 3.1364 3.1364 3.2087 3.3441 3.3530 3.3530 3.3530 3.3530 3.3796 3.3796 3.6196 3.4493 3.4493 3.6196 3.6196 3.6196 3.6196 3.6196 3.6137 3.5843 3.6137 3.6137 3.6137 3.6137 3.6137 3.6137 3.6137 3.4470 3.6137 3.5996 3.5996 3.5996 3.0406 2.6822 3.1810 3.1810 3.1831 3.1831 3.1424 3.6335 3.6335 3.6335 3.6335 3.1588 3.6021 3.5749 3.5404 3.5459 3.1482
3.3907 2.9804 3.0225 3.3594 3.1140 3.1034 3.1131 3.1162 3.1156 3.1122 3.1095 3.1095 3.1101 3.1088 3.1068 3.0909 3.0542 3.0374 3.2751 3.2768 3.2141 2.8949 3.0798 3.1949 3.2219 3.2722 3.2722 3.3441 3.3530 3.3796 3.3796 3.2998 3.2968 3.5902 3.6196 3.6196 3.6196 3.6196 3.6196 3.6196 3.6137 3.5843 3.6137 3.6137 3.6137 3.6137 3.6137 3.6137 3.6137 3.6137 3.5996 3.5996 3.5996 3.5706 3.1449 3.1831 3.1810 3.1831 3.1831 3.1831 3.1831 3.6335 3.6335 3.6335 3.6335 3.4497 3.6335 3.6335 3.6324 3.5889 3.5867
3.3137 2.8050 3.0343 3.0770 3.1158 3.1011 3.1090 3.1101 3.3775 3.3720 3.3682 3.3686 3.0947 3.0901 3.1026 3.0896 3.0555 3.0392 3.2783 3.2806 3.2293 3.1950 3.1696 3.1563 2.9531 3.3028 3.2722 3.3530 3.3530 3.3796 3.3796 3.3796 3.2157 2.7165 3.5552 3.6196 3.6196 3.6196 3.4493 3.4493 3.6137 3.6137 3.6137 3.6137 3.6137 3.6137 3.6137 3.1561 3.1561 3.6137 3.5706 3.5996 3.5996 3.5996 3.1831 3.1449 3.2165 3.1810 3.1831 3.1831 3.5996 3.6335 3.6335 3.6335 3.6335 3.5444 3.6335 3.6335 3.6335 3.6021 3.5850
3.0190 2.9770 3.1302 3.1302 3.1302 3.1302 3.1302 3.1286 3.1535 3.3947 3.3908 3.3589 3.0946 3.0904 3.0823 3.0711 3.0572 3.0416 3.2823 3.2852 3.2633 3.2430 3.2253 3.2107 2.9576 3.2722 3.2722 3.3530 3.3530 3.3703 3.3796 3.2157 3.2157 3.2157 3.2131 3.6196 3.6196 3.6196 3.6196 3.6196 3.6137 3.6316 3.5496 3.1994 3.1994 3.6316 3.1994 3.1994 3.1994 3.1561 3.5996 3.5996 3.5706 3.5706 3.5370 3.2698 3.6171 3.1831 3.1831 3.1831 3.5996 3.6335 3.6335 3.6335 3.3140 3.6626 3.6335 3.6335 3.4497 3.4497 3.6335
3.0936 3.0884 3.1302 3.1302 3.1302 3.5591 3.5591 3.1302 3.4203 3.3867 3.3836 3.3858 3.1246 3.1211 3.1132 3.1033 3.0909 3.0769 3.3212 3.2991 3.2779 3.2580 3.2405 3.2170 2.9588 2.7768 2.7888 2.7888 2.7888 2.7906 3.2157 3.2157 3.2157 3.2131 3.1646 3.1646 3.6196 3.2157 3.1620 3.1620 3.1994 3.1972 3.1994 3.1994 3.1994 3.1994 3.1994 3.1994 3.1994 3.1994 3.5996 3.5996 3.5996 3.4164 3.5996 2.9513 3.5996 3.5706 3.5370 3.1831 3.5996 3.6335 3.6335 3.6335 3.3830 3.3166 3.6335 3.6335 3.6335 3.6335 3.6335
3.6328 3.1023 3.0536 3.2480 3.5898 3.5898 3.5898 3.5898 3.4413 3.3565 3.2931 3.3843 3.1252 3.1223 3.1147 3.1055 3.0939 3.0805 3.3272 3.3059 3.2854 3.2658 3.2483 3.2335 2.9661 2.7637 2.9567 2.9568 3.2690 3.1863 3.2108 3.2108 3.2108 2.7048 3.2108 3.2157 3.2157 3.2157 3.2157 3.2157 3.1994 3.1994 3.1586 3.1586 3.1994 3.1994 3.1994 3.1994 3.1994 3.1994 3.1831 3.5996 3.5996 3.5996 3.5996 3.5996 3.5996 3.5996 3.5370 3.1831 3.5996 3.4497 3.6335 3.6335 3.3830 3.3780 3.5758 3.6069 3.6335 3.6335 3.6335
3.4218 3.4382 2.9997 3.3806 3.2480 3.5898 3.5640 3.5898 3.6079 3.6079 3.0640 3.3884 3.3964 3.4048 3.1167 3.1082 3.0974 3.0848 3.3315 3.3137 3.2939 3.2747 3.2571 3.2419 2.9612 2.9529 2.9471 3.1227 3.1159 3.0604 3.2062 3.1564 3.2084 2.7048 3.1814 3.2108 3.2108 3.2108 3.2108 3.2108 3.2365 3.2365 3.2365 3.2365 3.2365 3.2365 3.2365 3.1994 3.1994 3.1994 3.1831 3.5996 3.5996 3.5996 3.5996 3.5996 3.5996 3.5996 3.6171 3.1831 3.5370 3.6069 3.6335 3.6490 3.3830 3.3166 3.5758 3.6335 3.6335 3.6335 3.6335
3.1305 3.2950 3.2830 3.3298 3.2698 3.2203 3.5083 3.5899 3.6079 3.6079 3.2098 3.1514 3.1649 3.1114 3.4112 3.4134 3.1365 3.1268 3.1106 3.0857 3.3067 3.3856 3.2163 3.3042 3.1509 3.1307 3.1164 3.1061 3.0990 3.0763 3.1814 3.2084 2.8917 2.8917 2.8917 3.2108 3.2108 3.2108 3.2108 3.2365 3.1881 3.1881 3.1881 3.1881 3.1881 3.2342 3.2365 3.2365 3.2365 3.2365 3.2341 3.6403 3.4573 3.4573 3.6403 3.6403 3.6403 3.4573 3.6403 3.1643 3.6335 3.6335 3.6335 3.6021 3.3780 2.9756 3.2945 3.5444 3.5444 3.6069 3.6335
3.1925 3.1925 3.3103 3.3447 3.3863 3.4246 3.4651 3.6328 3.6507 3.6507 3.6088 3.7688 3.6507 3.4413 3.1418 3.4241 3.1469 3.1379 3.1216 3.0962 3.3200 3.3103 3.1959 3.1959 3.1233 2.8937 2.8939 3.0645 3.1767 3.0651 3.0827 2.8917 2.8917 2.8917 2.8917 3.1564 3.1564 3.1564 3.1564 3.0937 3.0937 2.7244 2.7244 2.7244 2.7244 2.9152 3.0955 3.0999 3.1112 3.1342 3.1698 3.2319 3.2846 3.0530 3.0697 3.1022 3.4573 3.6127 3.6077 3.4424 3.3943 3.2812 3.2812 3.0594 3.0594 3.4174 3.1080 2.8713 3.5120 3.5120 3.3787
4.9805 3.3319 3.3473 3.3832 3.4147 3.4231 3.4394 3.2867 3.6507 3.6507 3.6507 3.7688 3.6507 3.6079 3.6079 3.4413 3.1561 3.1469 3.1305 3.1057 3.1643 3.3878 3.1959 3.1978 3.1959 3.0552 3.1718 3.1978 3.1978 3.1564 3.0604 3.1537 2.7048 2.8917 2.8917 3.1564 3.1564 3.1564 3.1564 3.0937 2.9152 2.7244 2.7244 2.7244 2.7244 2.9154 2.9167 3.1284 3.1416 3.1122 3.1173 3.2341 3.2383 3.2174 3.2174 3.6077 3.6077 3.6077 3.6077 3.6077 3.2735 3.4340 3.4340 3.4340 3.4340 3.4340 3.3787 2.8713 3.3762 3.4404 3.4404
4.9805 4.9805 3.3630 3.4623 3.4302 3.4366 3.4512 3.5564 3.6289 3.6507 3.6507 3.7688 3.9482 3.6079 3.6079 3.6079 3.1648 3.5249 3.1643 3.1643 3.9008 3.1643 3.1718 3.1978 3.1959 3.1468 3.1978 3.1978 3.1978 3.1564 3.0604 3.2108 3.1564 2.7048 3.0604 3.0693 3.1633 3.1624 3.1620 2.9183 2.9181 2.9178 2.9174 2.9172 3.2226 3.1679 3.0954 3.1147 3.2533 3.1963 3.2341 3.2383 3.2383 3.2383 3.2383 3.2383 3.2383 3.1882 3.1882 3.2383 3.2778 3.4405 3.4405 3.4405 3.4405 3.3787 3.3787 3.4405 3.4405 3.4405 3.4368
4.9805 4.9805 4.9805 4.9805 3.4623 3.4623 3.4725 3.5781 3.6507 3.6507 3.6507 3.7688 3.6507 3.6079 3.6079 3.6079 3.6079 3.6079 3.6051 3.5766 3.4393 3.4393 3.4393 3.1468 3.1978 3.1468 3.1978 3.1978 3.1978 3.1564 3.0679 3.2108 3.2108 3.1564 3.1362 3.1473 3.1427 3.1403 3.0633 3.0958 2.9161 2.9159 2.9157 3.0937 3.2196 3.2240 3.1009 3.1057 3.2106 3.1888 3.0873 3.1908 3.2383 3.2383 3.2383 3.2383 3.2383 3.2383 3.1908 3.1908 3.6351 3.0655 3.4927 3.6909 3.6909 3.5120 3.4368 3.4368 3.4405 3.4405 3.4405
