test/test_data/tcaap/monthly_mean_over_all_May__actual_et__2015-01-01_to_2019-12-31__180_by_260__inches.asc
NCOLS        180
NROWS        260
XLLCORNER     476375.000
YLLCORNER    4970875.000
CELLSIZE        100.000
NODATA_VALUE -9999.
[rows 128 to 159 of 260, columns 71 to 141 of 180]
3.4758 3.5070 3.0438 3.1150 3.1190 3.0955 3.1190 3.1190 3.5489 3.4274 3.5399 3.5399 3.6134 3.6118 3.6118 3.6118 3.4279 3.4279 3.4279 3.0947 3.5377 3.5377 3.6880 4.1711 3.8470 3.6494 3.4697 3.4697 3.4697 3.1898 3.5572 3.5567 3.1898 3.4697 3.4927 3.4927 3.2241 3.1829 3.1600 3.1354 3.1123 2.8496 2.8186 3.4968 3.6937 3.6937 3.6937 3.2893 3.2893 3.3557 3.2893 3.3557 3.3557 3.3557 3.3557 3.3445 3.3445 3.3445 3.3419 3.4988 3.4988 3.4988 3.4988 3.4988 3.2856 3.2805 3.2805 3.2805 3.2805 3.2805 3.2805
3.5514 3.5986 3.1060 3.0921 3.0675 3.4243 3.5343 3.5343 3.6134 3.5399 3.5399 3.5399 3.5399 3.5377 3.5377 3.5377 3.5377 3.0947 3.4771 3.4771 3.5377 3.5377 3.5377 4.1711 3.6494 3.6494 3.4697 3.4697 3.4697 3.1898 3.5602 3.5557 3.5557 3.1898 3.4927 3.2241 3.2129 3.1758 3.4993 3.4669 3.3524 2.7725 2.9726 3.2027 3.2204 3.2204 3.2760 3.3557 3.3557 3.3557 3.3557 3.3557 3.3557 3.3557 3.3557 3.3445 3.3445 3.2648 3.3419 3.3419 3.3445 3.3445 3.2856 3.2856 3.2856 3.3446 3.3446 3.3422 3.3422 3.3422 3.2805
3.5396 3.6242 3.1224 3.0622 2.8941 3.3160 3.6134 3.6134 3.6134 3.4951 3.6554 3.6554 3.5399 3.5377 3.5377 3.5377 3.5377 3.5377 3.4846 3.4771 3.5377 3.5377 3.5377 3.6494 3.6494 3.6494 3.4697 3.4697 3.5032 3.4697 3.6140 3.6140 3.4697 3.4697 3.2234 3.2205 3.2081 3.4354 3.5533 3.3057 3.3474 3.2705 3.2705 3.2027 3.2205 3.2205 3.3557 3.3557 3.3557 3.3557 3.3528 3.3557 3.3557 3.3557 3.3557 3.3445 3.3445 3.3445 3.3445 3.3445 3.3445 3.3445 3.2856 3.2856 3.2856 3.2805 3.3422 3.3422 3.3422 3.3422 3.3446
3.5129 3.0693 3.1224 3.1799 3.2889 3.3333 3.6206 3.6206 3.6206 3.5022 3.5022 3.5022 3.5475 3.5640 3.5640 3.5640 3.5640 3.1152 3.4239 3.5377 3.5377 3.5377 3.5377 3.5740 3.6494 3.6494 3.4697 3.4697 3.5032 3.5032 3.6494 3.6195 3.4697 3.4678 3.2166 3.4700 3.4323 3.4041 3.0848 3.1827 3.3474 3.3474 3.2705 3.2027 3.2205 3.3557 3.3557 3.3557 3.3557 3.2893 3.2893 3.3557 3.3557 3.3557 3.3557 3.3445 3.3445 3.3445 3.3445 3.3445 3.3445 3.3445 3.2856 3.2856 3.2856 3.2805 3.3422 3.3422 3.3422 3.3422 3.1769
3.0001 3.0321 3.0218 3.1578 3.3571 3.3665 3.3665 3.6206 3.6206 3.6206 3.5545 3.5545 3.7200 3.7343 3.6178 3.6178 3.6178 3.6178 3.5640 3.5640 3.5640 3.5640 3.1152 3.1587 3.4687 3.4687 3.6164 3.4687 3.4687 3.4687 3.4697 3.4697 3.6494 3.4661 3.4681 3.4524 3.1747 3.1454 3.5583 3.5949 3.3474 3.2705 3.2705 3.2027 3.2205 3.3506 3.3557 3.3557 3.3528 3.3528 3.2893 3.3557 3.3557 3.3557 3.3557 3.3445 3.3445 3.3765 3.3445 3.3445 3.3445 3.3445 3.3419 3.2856 2.7661 2.7529 3.2805 3.3146 3.1595 3.1742 3.1769
2.9748 3.2843 3.3012 3.2822 3.3665 3.3665 3.3665 3.5513 3.6206 3.6206 3.6634 3.6634 3.7343 3.7343 3.7343 3.7343 3.7343 3.7343 3.5640 3.5640 3.5640 3.5640 3.1301 3.1834 3.4687 3.4687 3.6454 3.4687 3.4687 3.4687 3.4724 3.4699 3.6157 3.4837 3.4640 3.4508 3.1617 3.5667 3.5968 3.5968 3.5968 3.5299 3.3474 3.2027 3.2205 3.2205 3.2864 3.3557 3.3506 3.2168 3.1934 3.2893 3.2864 3.3178 3.3445 3.3445 3.3445 3.3475 3.2827 3.3445 3.3445 3.3445 3.3398 3.3398 3.3445 3.6327 4.2776 4.3181 4.3181 3.1195 3.1769
2.9746 3.2863 3.3224 3.1224 3.6430 3.3665 3.3665 3.5513 3.6206 3.6603 3.7033 3.6634 3.7343 3.7343 3.7343 3.7343 3.7343 3.6178 3.5640 3.5640 3.5640 3.5640 3.1295 3.4687 3.4687 3.4687 3.6454 3.6454 3.6454 3.6454 3.6454 3.6454 3.6145 3.4812 3.4617 3.4496 3.4352 3.4202 3.5968 3.5968 3.5968 3.5968 2.9592 2.9177 3.1984 3.1984 3.3319 3.6717 3.6717 3.6717 3.4898 3.6717 3.6366 3.5315 3.6887 3.6223 3.2827 3.2827 3.3445 3.3445 3.3445 3.3445 3.3765 3.3445 3.3445 3.3446 3.7524 3.8812 4.6405 3.6126 3.6126
2.9826 3.2961 3.0565 3.1224 3.6430 3.6634 3.3665 3.3665 3.3158 3.7033 3.7033 3.7033 3.6815 3.7564 3.7343 3.7343 3.7343 3.6178 3.1152 3.1152 3.5640 3.5640 3.4559 3.4687 3.6454 3.6454 3.6454 3.6454 3.6454 3.6454 3.6454 3.6454 3.4687 3.4775 3.4202 3.4493 3.4308 3.4202 3.5968 3.5968 3.5968 3.5968 3.4202 2.7259 3.1984 3.1984 3.6717 3.6717 3.6717 3.6717 3.6717 3.6717 3.5178 3.6717 3.6746 3.6746 3.6746 3.3350 3.3669 3.3669 3.3669 3.3669 4.9300 3.3350 3.3350 3.3418 3.3446 3.3642 3.3642 4.3334 3.6126
3.0001 3.3139 3.0863 3.1146 3.6634 3.6634 4.9526 3.3665 3.3665 3.7033 3.7033 3.7033 3.6764 3.5640 3.6787 3.6787 3.6787 3.5640 3.5640 3.5640 3.5640 3.5640 3.4559 3.4687 3.6454 3.6454 3.6454 3.6454 3.6454 3.6454 3.6454 3.6454 3.6454 3.6775 3.5614 3.5968 3.4279 3.4202 3.5968 3.5968 3.5968 3.5968 3.5968 3.6775 3.6717 3.6366 3.6717 3.6717 3.6717 3.6717 3.6717 3.6717 3.5909 3.5909 3.8376 3.6080 3.7200 3.5470 3.2854 3.2854 3.2854 3.2854 3.3350 3.3350 3.3350 3.3418 3.3418 3.3418 3.3631 3.3631 4.3200
3.0218 3.3360 3.4100 3.5400 3.6211 3.6211 4.9526 4.9526 3.3665 3.6001 3.6211 3.6604 3.5640 3.5640 3.5640 3.5640 3.5640 3.5640 3.5640 3.5640 3.5640 3.5198 3.5534 3.5632 3.5281 3.5632 3.5632 3.6454 3.6454 3.6454 3.6454 3.6454 3.6454 3.6775 3.6775 3.5968 3.4202 3.4202 3.5968 3.5968 3.5968 3.5968 3.6775 3.6775 3.6717 3.6717 3.6717 3.6717 3.6717 3.6717 3.6717 3.5909 3.5909 3.7720 3.7766 3.7766 4.6350 4.0604 3.5470 3.2840 3.2642 3.2854 3.3350 3.3350 3.3350 3.3418 3.3418 3.3418 3.3418 3.3418 3.3433
3.3683 3.0568 3.4111 3.4933 3.5783 3.5475 3.5475 4.9526 3.5475 3.6001 3.6001 3.5475 3.5640 3.5640 3.5640 3.5640 3.5640 3.5640 3.5640 3.5640 3.5640 3.5534 3.5534 3.5632 3.5632 3.5632 3.5632 3.6454 3.6454 3.6454 3.6454 3.6454 3.6454 3.6775 3.6775 3.5968 3.5968 3.5968 3.5968 3.5968 3.5968 3.5968 3.5968 3.6775 3.6717 3.6717 3.4897 3.6717 3.6717 3.6717 3.6717 3.5909 3.5553 3.5909 3.8835 3.8421 4.3071 4.6350 4.3071 3.2840 3.2642 3.2041 3.3669 3.3669 3.3669 3.3631 3.3418 3.3418 3.3418 3.2608 3.6452
3.3910 3.0719 3.0854 3.5475 3.5475 3.5475 3.5475 3.5475 3.4288 3.4288 3.4876 3.5475 3.5640 3.5640 3.5640 3.5640 4.9317 3.5640 3.5640 3.5640 3.5640 3.5534 3.5632 3.5632 3.5632 3.5632 3.5632 3.5632 3.6454 3.6454 3.6454 3.6454 3.6454 3.6775 3.6775 3.5968 3.5968 3.5968 3.5968 3.5968 3.5968 3.5968 3.5968 3.5909 3.6717 3.6717 3.4211 3.5607 3.6717 3.4897 3.5909 3.5909 3.5909 3.5909 3.5938 3.5938 3.2014 3.2014 3.2642 3.2854 3.0893 3.3809 3.3669 3.3669 3.3669 3.3631 3.2782 3.3418 3.1985 3.5768 3.5987
3.0741 3.0805 3.0854 3.0854 3.5475 3.5475 3.5475 3.5475 3.5475 3.4876 3.7328 3.5545 3.6178 3.6178 3.6178 3.6178 3.6178 3.6178 3.5044 3.6178 3.5640 3.5534 3.5632 3.5632 3.5632 3.5632 4.1331 3.8872 3.8872 3.9703 3.9703 3.9703 3.9703 3.6775 3.6775 3.5968 3.5968 3.5968 3.5968 3.5968 3.5968 3.5968 3.5968 3.5909 3.5909 3.5909 3.5909 3.5909 3.5909 3.4211 3.5607 3.5909 3.5909 3.5909 3.5938 3.4223 3.4223 3.4223 3.6388 2.7256 3.0355 3.3253 3.3310 3.2706 3.2782 3.2782 3.3418 3.2608 3.7894 3.5227 3.5987
3.0912 3.0950 3.0926 3.4939 3.5529 3.5529 3.5529 3.5529 3.5529 3.6058 3.7389 3.7389 3.7473 3.6815 3.6815 3.6405 3.6178 3.6178 3.6178 3.6178 3.5640 3.5534 3.5632 3.5632 3.5632 3.5632 4.1331 3.8872 3.8872 4.1331 3.9703 3.9703 3.9703 3.6775 3.6775 3.6775 3.5968 3.5968 3.5968 3.5968 3.5968 3.5968 3.5968 3.5909 3.5909 3.5909 3.5909 3.5909 3.5909 3.5909 3.5909 3.5909 3.5909 3.5909 3.5938 3.4223 3.4223 3.4223 3.4223 2.6896 3.2042 3.2042 3.2542 3.3350 3.1730 3.1730 3.3418 4.0981 4.0783 3.7634 3.1324
3.0882 3.0926 3.4350 3.5529 3.5529 3.5529 3.5529 3.5529 3.5529 3.5529 3.7814 3.7814 3.8086 3.8708 3.8708 3.7003 3.5935 3.6380 4.0954 3.6380 3.5707 3.5707 3.5837 3.5837 3.5632 3.5632 3.8872 3.8872 3.8872 4.1331 4.1331 4.0255 4.0255 3.6775 3.6775 3.6775 3.6775 3.6775 3.6775 3.4202 3.4202 3.5968 3.5968 3.5909 3.5909 3.5909 3.5909 3.5909 3.5909 3.5909 3.5909 3.5909 3.5909 3.5909 3.5938 3.4223 3.4223 3.4223 3.4223 2.6896 3.2042 3.2042 3.2542 3.2542 3.1731 3.1731 3.2555 4.0783 4.9513 3.1731 3.1731
3.0793 3.0890 3.0926 3.5529 3.5529 3.5529 3.5529 3.5529 3.5529 3.5529 3.7814 3.7601 3.8086 3.8086 3.8708 3.8708 3.6586 3.6380 3.9175 3.8908 3.5707 3.5707 3.5837 3.5837 3.7076 3.5837 3.9138 3.9138 3.9138 3.9138 3.9138 3.8346 3.6672 3.6727 3.6727 3.6727 3.6775 3.6775 3.4889 3.4202 3.4202 3.5968 3.5968 3.5909 3.5909 3.5909 3.5909 3.5909 3.5909 3.4211 3.4211 3.5909 3.5909 3.5909 3.5938 3.4223 3.4223 3.4223 3.4223 3.6387 2.9187 3.2042 3.3350 3.2542 3.2608 3.1731 3.3631 4.1151 4.5172 3.2608 3.1731
3.0583 3.0799 3.0926 3.5529 3.5529 3.0926 3.5529 3.5529 3.5529 3.5529 3.7814 3.7601 3.8086 3.8086 3.7885 3.8708 3.6586 3.6380 3.9175 3.8908 3.5707 3.5707 3.5837 3.5837 3.5837 3.5837 3.9138 3.9138 3.9138 3.9138 3.5837 3.5837 3.6672 3.6727 3.6727 3.6727 3.6727 3.6727 3.4910 3.5925 3.5925 3.5925 3.5925 3.5924 3.5924 3.5924 3.5924 3.5924 3.5909 3.1373 3.1386 3.5909 3.5909 3.5909 3.5938 3.4223 3.4223 3.4223 3.4223 3.1734 2.7650 3.2693 3.3350 3.3350 3.3418 3.3418 3.2718 3.1683 2.9345 3.6109 3.7483
3.0013 3.3499 3.0926 3.5529 3.5529 3.5529 3.5529 3.5529 3.5529 3.7374 3.7815 3.8086 3.8086 3.8086 3.8086 3.8086 3.6380 3.6380 3.8908 3.8908 3.4046 3.4046 3.4092 3.5837 3.5837 3.5837 3.9138 3.9138 3.9138 3.9138 3.5837 3.5837 3.5925 3.6727 3.6727 3.6727 3.6727 3.6727 3.6727 3.5925 3.5925 3.5925 3.5925 3.5924 3.5924 3.5924 3.5637 3.5924 3.5924 3.1455 3.4261 3.5924 3.5924 3.6220 3.6220 3.4391 3.4391 3.4391 3.4391 3.4391 2.7256 3.8007 3.3350 4.9302 3.3418 3.3418 3.2718 3.2718 3.0086 2.9345 3.3433
2.9667 3.3162 3.0926 3.0926 3.5529 3.5529 3.5529 3.5529 3.7374 3.7374 3.7815 3.8086 3.7885 3.8086 3.8086 3.8086 3.1837 3.1479 3.8908 3.8908 3.5707 3.4046 3.4092 3.5837 3.5837 3.5837 3.9138 3.9138 3.9138 3.9138 3.5837 3.5837 3.5925 3.5925 3.5925 3.5925 3.6727 3.6727 3.5925 3.5925 3.5925 3.5925 3.5925 3.4997 3.5637 3.5637 3.4261 3.4261 3.5075 3.1455 3.4546 3.5637 3.5637 3.6220 3.6220 3.4391 3.4391 3.4391 3.4391 3.1369 2.7455 2.7455 4.9419 4.9419 3.3581 3.3581 3.2897 3.2897 3.0043 2.9670 3.3415
2.9377 2.9691 3.0926 3.0926 3.5529 3.5529 3.5529 3.5529 3.7375 3.7375 3.7815 3.8086 3.8086 3.8086 3.8086 3.8086 3.1478 3.4046 3.8908 3.8908 3.4046 3.4046 3.4092 3.5837 3.5837 3.5547 3.9138 4.1590 4.1590 3.9138 3.5547 3.5837 3.5575 3.1520 3.1555 3.5925 3.5925 3.5925 3.5925 3.5925 3.5925 3.5925 3.4190 3.4997 3.4261 3.4261 3.4261 3.4261 3.1475 3.1610 3.6352 3.8094 3.5637 3.6220 3.4391 3.4391 3.4391 3.4391 3.4391 3.4391 3.2422 2.9806 3.6220 3.6220 3.5793 3.6074 2.7364 3.2273 2.9670 3.1509 3.3415
2.9182 2.9511 2.9979 3.0926 3.0926 3.0926 3.4939 3.6475 3.7038 3.7038 3.7601 3.7886 3.8086 3.8086 3.7347 3.7347 3.4455 3.4046 3.8908 3.8908 3.8908 3.8908 3.9138 3.9138 3.9138 3.9138 3.4964 3.2048 3.5154 3.4964 3.9138 3.1377 3.1461 3.1456 3.5106 3.5062 3.5062 3.5628 3.5925 3.5925 3.5925 3.4190 3.4190 3.5075 3.5075 3.5583 3.5637 3.5637 3.1472 3.4386 3.4260 3.4260 3.5924 3.6220 3.6220 3.6220 3.6220 3.6220 3.6220 3.6220 3.6220 3.6220 3.6220 3.6220 3.6074 3.4295 3.4295 3.1494 3.0726 3.4295 3.7603
2.8183 2.8839 2.9639 3.0440 3.0926 3.0973 3.5186 3.5400 3.7038 3.5077 3.6058 3.6567 3.7886 3.8086 3.7347 3.7347 3.4046 3.4046 3.8908 3.8908 3.8908 3.8908 3.9138 3.9138 3.9138 3.9138 3.8954 3.8954 3.4308 3.4964 3.8954 3.9064 3.5575 3.5575 3.5062 3.5575 3.5925 3.5925 3.5925 3.5925 3.5925 3.5925 3.5925 3.5075 3.5075 3.5583 3.5924 3.5924 3.5924 3.5924 3.5924 3.5924 3.5924 3.6220 3.6220 3.6220 3.5878 3.5885 3.5901 3.5878 3.6220 3.6220 3.7041 3.6220 3.6074 3.6074 3.4295 3.4295 3.1213 3.4295 3.6074
2.6351 2.8253 2.9374 3.0196 3.0926 3.0926 3.5080 3.4618 3.3913 3.5529 3.5529 3.5805 3.7300 3.7642 3.7642 3.5707 3.4046 3.4046 3.8908 3.8908 3.8908 3.8908 3.9138 3.9138 3.9138 3.9138 3.9138 3.9138 3.9138 3.8954 3.8954 3.8992 3.8925 3.8925 3.4189 3.5925 3.5925 3.5925 3.5925 3.5925 3.5925 3.5925 3.5925 3.5924 3.5583 3.5924 3.5924 3.5924 3.5924 3.5924 3.4260 3.5924 3.5924 3.6220 3.6220 3.6220 3.5878 3.5853 3.5878 3.6220 3.6220 3.6220 3.6740 3.5878 3.6074 3.6074 3.4295 3.4295 3.1425 3.4295 3.6246
2.6468 2.6765 2.9654 2.9994 3.0988 3.0988 3.4939 3.4351 3.4351 3.5529 3.5529 3.5805 3.5805 3.5805 3.6149 3.6149 3.5707 3.4046 3.4046 3.8908 3.8908 3.9139 3.4092 3.4092 3.9139 3.9139 3.9139 3.9139 3.9139 3.9139 3.9139 3.8954 3.8925 3.9108 3.5925 3.5925 3.5925 3.5925 3.5925 3.5925 3.5925 3.4189 3.5924 3.5924 3.5924 3.5924 3.5924 3.5924 3.5924 3.5924 3.5924 3.5924 3.5924 3.6220 3.6220 3.6220 3.6220 3.6220 3.6220 3.6220 3.6220 3.6740 3.6740 3.6740 3.5742 3.6074 3.4295 3.4295 3.4295 3.4295 3.4786
2.6579 2.8614 2.9556 2.9862 3.0988 3.0988 3.0988 3.0988 3.0988 3.0988 3.5435 3.5868 3.5868 3.5868 3.5868 3.5868 3.5868 3.1765 2.8327 2.8327 3.0090 3.4092 3.1377 3.1377 3.4092 3.4092 3.4092 3.9139 3.9139 3.9139 3.1377 3.1377 3.4189 3.4189 3.5925 3.5925 3.5925 3.5925 3.5925 3.5925 3.4189 3.4189 3.4260 3.5924 3.5924 3.5924 3.6358 3.6358 3.5924 3.5924 3.5924 3.5924 3.5924 3.6220 3.6220 3.6220 3.6220 3.6220 3.5562 3.5562 3.1684 3.6740 3.6740 3.6625 3.7243 3.6074 3.4295 3.4295 3.4295 3.4295 3.4295
2.9068 2.9238 2.9462 2.9733 3.0987 3.0987 3.0987 3.0987 3.0987 3.0987 3.5435 3.5868 3.5868 3.5868 3.5868 3.5868 3.5868 3.1765 2.8466 2.8466 2.9687 3.0320 3.1563 3.4319 3.9249 3.4319 3.4319 3.9249 3.9249 3.9249 3.1377 3.1377 3.4189 3.4189 3.5925 3.5925 3.5925 3.5925 3.5925 3.5925 3.5925 3.5925 3.4260 3.5924 3.6358 3.6358 3.2671 3.2671 3.5924 3.5924 3.5924 3.5924 3.5924 3.6220 3.6220 3.6220 3.6220 3.2083 3.2083 3.2083 3.2083 3.1684 3.6740 3.6625 3.6625 3.7243 3.4295 3.4295 3.4295 3.4295 3.4295
2.9080 3.1804 3.2069 2.9614 3.0987 3.0987 3.0987 3.5435 3.5435 3.5435 3.0987 3.5868 3.5868 3.5868 3.5868 3.5868 3.5868 3.5917 3.1006 3.1006 3.1006 3.2106 3.3172 3.4319 3.4319 3.4319 3.4319 3.9249 3.9249 3.9249 3.1563 3.4319 3.4350 3.4350 3.4350 3.4350 3.6022 3.6022 3.6022 3.6022 3.6022 3.6022 3.5924 3.5924 3.6358 3.2963 3.2963 3.2671 3.2671 3.2963 3.2882 3.5268 3.5924 3.2083 3.2083 3.2083 3.2083 3.2083 3.2083 3.2083 3.1473 3.2083 3.5878 3.6625 3.6625 3.6074 3.4295 3.6074 3.6074 3.6074 3.6074
2.9087 2.9167 2.8180 2.8692 2.9621 3.0987 3.5972 3.5435 3.5435 3.5435 3.0987 3.1765 3.5868 3.5868 3.5868 3.5868 3.5868 3.1006 3.1006 3.1006 3.1006 2.8745 3.2900 3.4319 3.4319 3.4319 3.4319 3.9249 3.9249 3.9249 3.1563 3.4319 3.4350 3.4350 3.4350 3.4350 3.6022 3.6022 3.6022 3.6022 3.6022 3.6022 3.6032 3.6032 3.6464 3.3065 3.3052 3.2785 3.2785 3.2971 3.5694 3.4991 3.3065 3.2945 3.2083 3.2083 3.2083 3.1711 3.2083 3.2083 3.2083 3.1684 3.5562 3.1537 3.1921 3.1921 3.6074 3.6074 3.6074 3.6074 3.6074
2.9085 3.1703 3.0174 3.0457 2.9485 3.0987 3.5972 3.5435 3.5435 3.0987 3.1765 3.1765 3.1765 3.1765 3.5868 3.5868 3.5868 3.1548 3.1006 3.1006 2.8466 2.9414 3.0197 3.1563 3.4319 3.4319 3.4319 3.4319 3.4319 3.4319 3.4319 3.4319 3.4350 3.4350 3.6022 3.4350 3.6022 3.6022 3.6022 3.6022 3.6022 3.6022 3.6032 3.6464 3.3052 3.3065 3.3065 3.4726 3.7007 3.8157 3.7284 3.5235 3.3670 3.2788 3.1918 3.1918 3.1918 3.1918 3.1918 3.1918 3.1710 3.1427 3.1427 3.2148 3.2148 3.5793 3.4295 3.6074 3.6074 3.6074 3.6074
3.1605 3.1649 3.0174 3.0457 2.9467 3.0987 3.5972 3.5435 3.5435 3.5435 3.1765 3.5345 3.5868 3.5868 3.5868 3.5868 3.1548 3.1548 3.1006 3.1006 2.8739 2.9392 3.0013 3.4319 3.4319 3.3874 3.3986 3.4085 3.4192 3.4278 3.4319 3.4350 3.4350 3.4350 3.6022 3.6022 3.6022 3.6022 3.6022 3.6022 3.6022 3.6022 3.6032 3.2785 3.3052 3.2001 3.2176 3.5763 3.8546 3.9717 3.8494 3.3052 4.9482 4.9482 4.9482 3.5973 3.5973 3.5973 3.6026 3.6026 3.6026 3.4449 3.3857 3.1764 3.2129 3.6110 3.1257 3.1257 3.6283 3.6283 3.6283
3.1568 3.1582 3.0570 2.7850 2.9456 3.0987 3.5435 3.5435 3.5435 3.5435 3.5345 3.5868 3.5868 3.5868 3.6409 3.7018 3.0983 3.1572 3.1006 2.6801 3.1380 3.1861 3.1972 3.0454 3.1563 3.0693 3.3605 3.3849 3.4027 3.4147 3.1563 3.1648 3.4350 3.4350 3.6022 3.6022 3.6022 3.6022 3.6022 3.6022 3.6022 3.6022 3.6464 3.4103 3.1471 3.6464 3.5310 3.6692 4.2228 4.2228 3.8037 3.2720 3.2488 4.9482 4.9482 3.5973 3.5973 3.6026 3.6026 3.6026 3.6026 3.6026 3.4373 3.4185 3.1974 3.5954 3.5954 3.6283 3.6283 3.6283 3.6283
3.1514 3.2133 3.0265 3.0779 2.9364 3.5435 3.5435 3.5435 3.5435 3.5435 3.5868 3.1764 3.3524 3.1572 3.1572 3.7144 3.1572 3.1548 2.6801 3.0118 3.1077 3.1532 3.1342 2.7011 2.7011 3.0115 3.0787 3.1046 3.1239 3.1371 3.1563 3.4350 3.4350 3.4350 3.6022 3.6022 3.6022 3.5740 3.4350 3.6022 3.6022 3.6022 3.6464 3.5745 3.9555 3.4360 3.4360 3.3052 4.2104 4.2374 3.8086 3.3065 4.9482 4.9482 4.9482 4.9482 3.6026 3.6026 3.6026 3.6026 3.6026 3.5610 3.4912 3.4776 3.4800 3.5954 3.6283 3.6283 3.6283 3.6283 3.6283
