test/test_data/tcaap/monthly_variance_over_all_Feb__actual_et__2015-01-01_to_2019-12-31__180_by_260__inches.asc
NCOLS        180
NROWS        260
XLLCORNER     476375.000
YLLCORNER    4970875.000
CELLSIZE        100.000
NODATA_VALUE -9999.
[rows 0 to 28 of 260, columns 67 to 133 of 180]
0.11050 0.11050 0.11050 0.11050 0.11214 0.11214 0.11214 0.12008 0.12008 0.12919 0.12919 0.12008 0.12008 0.12008 0.11856 0.12008 0.12008 0.11878 0.11878 0.11133 0.11133 0.11133 0.11133 0.11133 0.11133 0.11133 0.12029 0.11296 0.11896 0.11896 0.11362 0.11362 0.12153 0.12242 0.12242 0.12242 0.12242 0.12242 0.12273 0.11963 0.13056 0.13647 0.13371 0.12835 0.13071 0.13071 0.13371 0.13071 0.13371 0.13067 0.13505 0.13389 0.12220 0.13129 0.13660 0.13389 0.12220 0.12308 0.12308 0.12177 0.12094 0.12073 0.11917 0.11206 0.12400 0.12073 0.12177
0.12075 0.12075 0.11050 0.11050 0.11050 0.11050 0.11050 0.11092 0.12938 0.13346 0.12938 0.12008 0.11092 0.11092 0.11092 0.11256 0.11092 0.11134 0.11134 0.11878 0.11878 0.11134 0.11134 0.11134 0.11878 0.11134 0.11296 0.11296 0.12048 0.12048 0.11598 0.11567 0.12444 0.12383 0.12383 0.12383 0.12396 0.12227 0.12258 0.12219 0.13057 0.13373 0.12237 0.13097 0.13071 0.13371 0.13371 0.13371 0.12184 0.12250 0.11999 0.13026 0.12220 0.13051 0.13026 0.12220 0.12309 0.12309 0.12309 0.12273 0.12264 0.13454 0.13454 0.12249 0.12273 0.12249 0.12178
0.12076 0.12076 0.12076 0.11050 0.11050 0.11050 0.11093 0.11205 0.13347 0.13347 0.14270 0.11856 0.11256 0.11256 0.11856 0.11093 0.11856 0.11134 0.11134 0.11878 0.11878 0.11134 0.12029 0.11134 0.11878 0.11134 0.11586 0.11362 0.11175 0.11409 0.11739 0.12052 0.12845 0.13478 0.13028 0.12383 0.12383 0.12227 0.12259 0.12278 0.13494 0.13373 0.12185 0.13098 0.13098 0.12251 0.11964 0.13356 0.12220 0.13513 0.13393 0.11999 0.13130 0.13661 0.13618 0.12220 0.12287 0.12309 0.12309 0.12273 0.12210 0.13455 0.13455 0.13339 0.12178 0.12178 0.12178
0.12032 0.12076 0.12076 0.12076 0.11050 0.11050 0.11205 0.11205 0.13347 0.13513 0.13513 0.11205 0.11093 0.11093 0.11093 0.11093 0.11856 0.11878 0.11134 0.11134 0.11134 0.11878 0.11878 0.11134 0.11586 0.12193 0.12193 0.12157 0.12157 0.12157 0.11175 0.12214 0.13465 0.13578 0.13578 0.12347 0.12228 0.12228 0.12259 0.11964 0.13648 0.13374 0.12274 0.13374 0.13374 0.12274 0.12274 0.12185 0.12221 0.13514 0.13393 0.12221 0.12255 0.13611 0.13558 0.12221 0.13661 0.13393 0.12309 0.12273 0.12273 0.13455 0.13612 0.13455 0.13339 0.13339 0.12178
0.12032 0.12032 0.12032 0.12032 0.12032 0.11044 0.11204 0.11204 0.13383 0.13501 0.11204 0.11030 0.11030 0.11857 0.11857 0.11093 0.11093 0.11134 0.11134 0.11134 0.11134 0.11879 0.11879 0.11399 0.12193 0.12193 0.12193 0.12157 0.12243 0.12243 0.11911 0.13439 0.13439 0.13579 0.13579 0.12184 0.12087 0.11911 0.11964 0.13648 0.13494 0.12185 0.12185 0.12274 0.12274 0.12274 0.12214 0.12252 0.12287 0.13052 0.12221 0.12249 0.12287 0.12287 0.12287 0.12287 0.13131 0.13393 0.12287 0.12273 0.12273 0.13613 0.13613 0.13613 0.13613 0.12179 0.12273
0.12032 0.12032 0.12032 0.12032 0.12032 0.11782 0.11031 0.13545 0.13435 0.13501 0.11031 0.11031 0.11031 0.11031 0.11762 0.11762 0.11762 0.11043 0.11043 0.11043 0.11043 0.12111 0.12111 0.12111 0.12054 0.12136 0.12136 0.12157 0.12243 0.12348 0.13439 0.13439 0.13579 0.13073 0.12968 0.13064 0.12185 0.12185 0.13109 0.13689 0.12214 0.12274 0.12274 0.12274 0.12252 0.12185 0.12274 0.12274 0.12310 0.12221 0.12310 0.12310 0.12310 0.12310 0.12310 0.12310 0.12221 0.13394 0.13394 0.12209 0.12209 0.13613 0.13613 0.13613 0.13613 0.12179 0.12274
0.12032 0.12032 0.12032 0.12032 0.12032 0.11044 0.12080 0.11956 0.13454 0.13435 0.14265 0.11031 0.11031 0.11031 0.11763 0.11763 0.11763 0.11044 0.11044 0.11721 0.12072 0.12111 0.12111 0.12141 0.12054 0.12054 0.12141 0.12206 0.12369 0.12147 0.13072 0.13687 0.13072 0.13072 0.13072 0.13072 0.13064 0.13064 0.13115 0.12216 0.13504 0.12214 0.12275 0.13398 0.12186 0.12186 0.12275 0.12275 0.12224 0.12310 0.12310 0.12310 0.12310 0.12310 0.12310 0.12310 0.12221 0.13619 0.13619 0.13102 0.13102 0.13614 0.13614 0.13614 0.13614 0.12210 0.12274
0.12033 0.12033 0.12033 0.12033 0.12033 0.12033 0.12962 0.12789 0.11993 0.12005 0.11031 0.11583 0.11031 0.11031 0.11031 0.11763 0.11763 0.11796 0.11796 0.12112 0.12055 0.12112 0.12112 0.12141 0.12146 0.12141 0.12141 0.12206 0.12148 0.12791 0.13073 0.13073 0.13073 0.13073 0.13073 0.13073 0.13073 0.13073 0.13204 0.12125 0.13411 0.12123 0.12183 0.13321 0.11156 0.12183 0.12183 0.12183 0.12310 0.12310 0.12310 0.12288 0.13141 0.13690 0.13416 0.12222 0.12222 0.13620 0.13620 0.12179 0.12179 0.13614 0.13614 0.13614 0.13614 0.12210 0.12179
0.12033 0.11769 0.12033 0.11769 0.12033 0.12033 0.12962 0.12962 0.11763 0.11763 0.11031 0.11031 0.11031 0.11763 0.11763 0.12952 0.12962 0.12962 0.12275 0.12275 0.12055 0.12112 0.12112 0.12141 0.12141 0.12141 0.12141 0.12207 0.12148 0.13073 0.13078 0.13078 0.13073 0.13073 0.13073 0.13073 0.13073 0.12806 0.12775 0.12775 0.13676 0.13064 0.12184 0.12095 0.12095 0.12184 0.12184 0.12184 0.12281 0.12281 0.12192 0.12192 0.13324 0.13678 0.12259 0.12192 0.12281 0.12192 0.13114 0.12187 0.12180 0.13457 0.13614 0.13614 0.13614 0.13614 0.12212
0.12033 0.12033 0.11769 0.11769 0.12033 0.12033 0.11763 0.11763 0.12029 0.12029 0.12029 0.12029 0.12029 0.11031 0.11205 0.11205 0.11795 0.11214 0.12217 0.12217 0.12055 0.12112 0.12112 0.12142 0.12142 0.12142 0.12142 0.13073 0.13073 0.13073 0.13102 0.12792 0.12792 0.13073 0.13073 0.13073 0.12792 0.12806 0.12806 0.12775 0.13677 0.13064 0.12184 0.12124 0.12169 0.12184 0.12184 0.12124 0.13588 0.13671 0.13115 0.12281 0.13325 0.12193 0.12281 0.12193 0.12259 0.12281 0.12187 0.12187 0.13412 0.13679 0.13679 0.13679 0.13679 0.13112 0.13679
0.12033 0.12033 0.12033 0.12033 0.12033 0.12033 0.12029 0.12140 0.12029 0.12029 0.12029 0.12029 0.12029 0.12081 0.13385 0.13385 0.13390 0.12217 0.12217 0.12217 0.12056 0.12056 0.12113 0.12142 0.12142 0.12142 0.12127 0.13074 0.13074 0.13074 0.13573 0.12792 0.12792 0.13074 0.13074 0.13681 0.13074 0.12995 0.12806 0.12802 0.13677 0.13677 0.12162 0.12026 0.13069 0.12184 0.12162 0.12124 0.13589 0.13672 0.13672 0.12193 0.12223 0.12193 0.12193 0.12193 0.12259 0.12259 0.12187 0.13017 0.13412 0.13680 0.13680 0.13680 0.13680 0.13680 0.13680
0.12034 0.12034 0.12034 0.12176 0.12034 0.12034 0.12302 0.12302 0.12302 0.12140 0.12030 0.12030 0.12030 0.13386 0.13386 0.13386 0.13390 0.12137 0.12291 0.12291 0.12217 0.12217 0.12291 0.12127 0.12127 0.12737 0.12906 0.13074 0.13074 0.12793 0.13646 0.12905 0.13681 0.13681 0.13681 0.13074 0.13074 0.12124 0.12184 0.12184 0.13677 0.13065 0.12124 0.12124 0.12098 0.12184 0.12162 0.11861 0.13672 0.13672 0.13672 0.13408 0.12193 0.12193 0.12193 0.12193 0.12193 0.13528 0.13680 0.13680 0.13680 0.13680 0.13680 0.13016 0.13680 0.13680 0.13680
0.12034 0.12034 0.12034 0.12034 0.12034 0.12034 0.12030 0.12302 0.12302 0.12302 0.12307 0.12249 0.13252 0.13252 0.12175 0.13439 0.12297 0.12255 0.12291 0.12291 0.12291 0.12217 0.12217 0.12309 0.14271 0.12738 0.13006 0.13074 0.13074 0.13689 0.13689 0.13574 0.13682 0.13682 0.13160 0.13160 0.13074 0.12096 0.12185 0.12185 0.13065 0.12124 0.12162 0.12124 0.12185 0.12185 0.12124 0.13350 0.13672 0.13672 0.13672 0.12194 0.12194 0.12282 0.12282 0.12194 0.12194 0.13672 0.13681 0.13113 0.13681 0.13681 0.13681 0.13017 0.13113 0.13681 0.13681
0.12034 0.12034 0.12034 0.12034 0.12034 0.12034 0.12303 0.12303 0.12303 0.12303 0.12307 0.12307 0.12303 0.12303 0.12175 0.12282 0.12285 0.11812 0.11812 0.12128 0.12291 0.12218 0.12309 0.14272 0.12738 0.13006 0.13006 0.13075 0.13170 0.13170 0.12371 0.12272 0.12371 0.12272 0.12272 0.12272 0.12272 0.12185 0.12185 0.12096 0.12096 0.12126 0.12096 0.12096 0.12185 0.12125 0.12125 0.13413 0.12194 0.13673 0.13116 0.13116 0.13116 0.12282 0.12282 0.12260 0.12194 0.13673 0.13114 0.13114 0.13681 0.13681 0.13114 0.12843 0.13114 0.13681 0.13681
0.12035 0.12035 0.12035 0.12085 0.12035 0.12172 0.12298 0.12303 0.12303 0.12303 0.12250 0.12283 0.12303 0.12303 0.12175 0.12030 0.12121 0.11812 0.11812 0.11973 0.11973 0.11891 0.12208 0.12084 0.14272 0.13006 0.13075 0.12825 0.12371 0.12371 0.12371 0.12371 0.12371 0.12371 0.12371 0.12371 0.12208 0.12185 0.12163 0.12163 0.12185 0.12190 0.13639 0.13061 0.12163 0.12125 0.12125 0.12194 0.12194 0.12194 0.13635 0.13635 0.13635 0.12194 0.12283 0.12283 0.12283 0.12710 0.12221 0.13538 0.13681 0.13681 0.13120 0.13084 0.13114 0.13681 0.13681
0.12180 0.12285 0.12180 0.12180 0.12285 0.12172 0.12244 0.12298 0.13248 0.13248 0.12978 0.12027 0.12172 0.12278 0.12172 0.12027 0.12085 0.11867 0.12208 0.12285 0.12055 0.11045 0.13519 0.13007 0.13581 0.13007 0.12975 0.12825 0.12371 0.12371 0.12371 0.12371 0.12371 0.12371 0.12209 0.12213 0.12120 0.12097 0.12125 0.12163 0.12186 0.12186 0.12125 0.13679 0.13674 0.13323 0.12097 0.14342 0.12194 0.13674 0.13674 0.10874 0.12197 0.12194 0.12261 0.12261 0.12283 0.12288 0.12221 0.13539 0.13682 0.13682 0.12709 0.12104 0.12104 0.13414 0.13414
0.12035 0.12035 0.12035 0.12035 0.12035 0.12028 0.12028 0.13248 0.13248 0.13248 0.14264 0.12028 0.12028 0.12028 0.12244 0.12172 0.12337 0.12337 0.12337 0.12337 0.12240 0.11158 0.13043 0.13043 0.13043 0.13043 0.12794 0.13212 0.12355 0.12355 0.12372 0.12372 0.12372 0.12372 0.12214 0.12150 0.12150 0.12097 0.12097 0.12186 0.12186 0.12097 0.12097 0.13536 0.13536 0.13324 0.13414 0.13529 0.13674 0.13674 0.13199 0.12350 0.12350 0.12283 0.12261 0.12195 0.12195 0.12225 0.12289 0.13539 0.13682 0.13682 0.13115 0.11950 0.11950 0.12189 0.12260
0.11785 0.12036 0.12036 0.12036 0.12036 0.12028 0.12028 0.12028 0.12979 0.12979 0.12028 0.12028 0.12028 0.12028 0.12299 0.12299 0.12338 0.12338 0.12338 0.12338 0.12241 0.11158 0.13043 0.13043 0.12773 0.12943 0.13213 0.13285 0.12355 0.12355 0.12355 0.12355 0.12355 0.12355 0.12195 0.12132 0.12132 0.12113 0.12179 0.12201 0.12141 0.12113 0.12906 0.12127 0.13536 0.13137 0.10798 0.13674 0.13674 0.13674 0.12341 0.12351 0.12351 0.12195 0.13410 0.12195 0.12195 0.12225 0.13539 0.13683 0.13683 0.13683 0.13683 0.11951 0.11951 0.12220 0.12220
0.11051 0.11051 0.12036 0.12036 0.12036 0.12028 0.12028 0.12028 0.12028 0.12028 0.12028 0.12077 0.12028 0.12028 0.12279 0.12299 0.12338 0.12338 0.12338 0.12338 0.12241 0.11159 0.12116 0.12116 0.12116 0.12342 0.13285 0.13285 0.12355 0.12355 0.12355 0.12355 0.12355 0.12355 0.12191 0.12102 0.12102 0.12113 0.12179 0.12201 0.12113 0.12113 0.12113 0.13487 0.13653 0.13151 0.10876 0.13734 0.13734 0.13734 0.12430 0.12340 0.12183 0.12211 0.13530 0.13675 0.11974 0.12195 0.13398 0.13683 0.13683 0.13683 0.13683 0.11951 0.12189 0.12189 0.12220
0.12190 0.12190 0.11114 0.11139 0.11052 0.11039 0.11776 0.11776 0.11776 0.12028 0.11776 0.11762 0.11776 0.11039 0.11039 0.12299 0.12338 0.12251 0.12251 0.12251 0.12251 0.12332 0.11159 0.12116 0.12331 0.12251 0.12269 0.12269 0.12269 0.12162 0.12162 0.12162 0.12162 0.12162 0.11870 0.12030 0.11870 0.11851 0.11851 0.12034 0.11851 0.13147 0.12255 0.12255 0.13151 0.13151 0.13151 0.13187 0.13187 0.13187 0.12096 0.11944 0.11944 0.12181 0.13456 0.13456 0.13456 0.12181 0.13255 0.13377 0.13450 0.13448 0.13366 0.13134 0.12976 0.12239 0.12190
0.12293 0.12191 0.12191 0.11866 0.11052 0.11763 0.11776 0.11776 0.11776 0.12029 0.11776 0.11776 0.11776 0.12029 0.12077 0.12115 0.12339 0.12128 0.12970 0.13274 0.12631 0.12251 0.12251 0.13044 0.13044 0.12251 0.12270 0.12270 0.12105 0.12163 0.12163 0.12163 0.12163 0.12123 0.12219 0.12390 0.12356 0.12356 0.13147 0.13147 0.13147 0.13340 0.12409 0.12356 0.12356 0.13152 0.13152 0.13187 0.13187 0.13187 0.13187 0.13187 0.11945 0.13456 0.13456 0.13456 0.12181 0.14374 0.14374 0.14374 0.14374 0.14374 0.14374 0.14374 0.14374 0.12451 0.12194
0.12307 0.12307 0.12047 0.12191 0.12191 0.11763 0.12029 0.12029 0.11777 0.12029 0.11777 0.11777 0.11777 0.12029 0.12029 0.12284 0.12339 0.12242 0.12242 0.12121 0.12252 0.12252 0.12339 0.12087 0.12117 0.12117 0.13078 0.13078 0.13214 0.12163 0.12163 0.12163 0.12163 0.11871 0.12287 0.12390 0.12356 0.12356 0.13148 0.13148 0.13148 0.12903 0.12501 0.12637 0.12637 0.12356 0.13152 0.13188 0.13188 0.13188 0.13188 0.13188 0.13188 0.13188 0.13188 0.14360 0.14360 0.14375 0.14375 0.14375 0.14375 0.14375 0.14375 0.14375 0.14375 0.14375 0.12270
0.12307 0.12307 0.12145 0.12047 0.12130 0.12040 0.12123 0.12084 0.12103 0.12029 0.11777 0.11777 0.11777 0.12029 0.12174 0.12117 0.12087 0.12339 0.12339 0.11868 0.11868 0.12252 0.12252 0.12252 0.12286 0.13045 0.13078 0.13214 0.13214 0.12163 0.12163 0.12163 0.12123 0.12697 0.12287 0.12551 0.12654 0.13341 0.13341 0.12771 0.12904 0.12904 0.12904 0.12637 0.12637 0.13477 0.13152 0.13188 0.13188 0.13188 0.13188 0.13188 0.13188 0.13188 0.13578 0.14361 0.14361 0.14375 0.14375 0.14375 0.14375 0.14375 0.14375 0.14375 0.14375 0.12327 0.12194
0.12307 0.12181 0.12037 0.12085 0.12131 0.12040 0.12040 0.12040 0.11040 0.11040 0.11040 0.12029 0.12029 0.12280 0.12301 0.12087 0.12154 0.12319 0.12339 0.12290 0.12020 0.11585 0.12252 0.12252 0.12344 0.13045 0.13069 0.13415 0.13473 0.12932 0.12932 0.12932 0.12932 0.12932 0.12932 0.12932 0.12772 0.12772 0.12772 0.12772 0.12904 0.12904 0.12904 0.12904 0.12134 0.12134 0.13153 0.13188 0.13188 0.13188 0.13188 0.13188 0.11945 0.12271 0.12210 0.14361 0.14361 0.14375 0.14375 0.14375 0.14375 0.14375 0.14375 0.14375 0.14375 0.12194 0.12194
0.13541 0.14271 0.14271 0.13251 0.12856 0.12817 0.12916 0.11040 0.11040 0.11040 0.11763 0.12029 0.12029 0.12281 0.12029 0.12088 0.12242 0.12319 0.12340 0.12326 0.11869 0.12158 0.12312 0.12312 0.13055 0.13045 0.13069 0.13473 0.12638 0.12706 0.12874 0.12878 0.12880 0.12884 0.12893 0.12912 0.12783 0.12818 0.12772 0.12772 0.12772 0.12808 0.12773 0.12745 0.12134 0.12134 0.12134 0.13189 0.13189 0.13189 0.13189 0.13189 0.11946 0.12271 0.12271 0.14362 0.14362 0.14376 0.14376 0.14376 0.14376 0.14376 0.14376 0.14376 0.14376 0.12206 0.12315
0.12971 0.12971 0.12923 0.12920 0.12982 0.13026 0.11222 0.11075 0.11075 0.11796 0.11796 0.12063 0.12030 0.12175 0.12030 0.12286 0.12286 0.12340 0.12340 0.12327 0.12034 0.12253 0.12313 0.12148 0.12795 0.13046 0.13069 0.13069 0.13436 0.12932 0.12932 0.12932 0.12932 0.12937 0.12934 0.12795 0.12758 0.12749 0.12772 0.12772 0.12772 0.12757 0.12739 0.12706 0.12135 0.12135 0.11852 0.13189 0.13189 0.13189 0.13189 0.11946 0.11946 0.12271 0.12271 0.14362 0.14362 0.14376 0.14376 0.14376 0.14376 0.14376 0.14376 0.14376 0.14376 0.14376 0.12343
0.11814 0.11814 0.11814 0.11814 0.13010 0.13026 0.11075 0.11075 0.11075 0.11075 0.12123 0.12137 0.12317 0.12283 0.12063 0.12330 0.12330 0.12385 0.12385 0.12371 0.12335 0.12133 0.12357 0.12190 0.12795 0.13080 0.13070 0.13477 0.12933 0.12933 0.12801 0.12801 0.12801 0.12801 0.12801 0.12801 0.12773 0.12773 0.12905 0.12905 0.12685 0.12707 0.12775 0.12867 0.12135 0.12135 0.11946 0.13189 0.13189 0.13188 0.13189 0.13183 0.11946 0.12272 0.12272 0.12183 0.12836 0.14377 0.14377 0.14377 0.14377 0.14377 0.14377 0.14377 0.14377 0.14377 0.12473
0.12067 0.11801 0.12067 0.11801 0.11796 0.13297 0.12063 0.12063 0.12063 0.11796 0.12124 0.11456 0.11891 0.12274 0.11796 0.12133 0.12133 0.12296 0.12296 0.12296 0.12133 0.11422 0.12357 0.12191 0.12844 0.12766 0.13016 0.13275 0.12879 0.12879 0.12879 0.12879 0.12879 0.12879 0.12879 0.12879 0.12905 0.12656 0.12298 0.12181 0.14259 0.14259 0.12744 0.12849 0.12769 0.12950 0.13029 0.14363 0.14363 0.13190 0.13190 0.13190 0.13190 0.13617 0.12250 0.12272 0.12212 0.14377 0.14377 0.14377 0.14377 0.14377 0.14377 0.14377 0.14377 0.14377 0.12451
0.12068 0.12068 0.12068 0.11801 0.11796 0.13297 0.12063 0.12063 0.12063 0.12338 0.12324 0.12324 0.11857 0.11891 0.12219 0.12296 0.12134 0.12134 0.12134 0.12134 0.12134 0.11423 0.12357 0.12191 0.12844 0.12735 0.13017 0.13414 0.12880 0.12880 0.12880 0.12749 0.13073 0.13404 0.12880 0.12880 0.12911 0.12672 0.14178 0.14178 0.12628 0.12658 0.12732 0.12840 0.12704 0.12826 0.14351 0.14351 0.14363 0.13190 0.13190 0.13190 0.13190 0.12183 0.12272 0.12272 0.12272 0.14378 0.14378 0.14378 0.14378 0.14378 0.14378 0.14378 0.14378 0.14378 0.12473
