test/test_data/tcaap/monthly_variance_over_all_May__actual_et__2015-01-01_to_2019-12-31__180_by_260__inches.asc
NCOLS        180
NROWS        260
XLLCORNER     476375.000
YLLCORNER    4970875.000
CELLSIZE        100.000
NODATA_VALUE -9999.
[rows 29 to 57 of 260, columns 67 to 133 of 180]
0.80295 0.80295 0.80295 0.80295 0.76809 0.79626 0.79626 0.82672 0.82672 0.82672 0.82672 0.82672 0.79441 0.81428 0.81099 0.81205 0.79407 0.79407 0.79407 0.79407 0.79407 0.71798 0.80640 0.79426 0.89519 0.94571 0.94571 0.90813 0.90813 0.90813 0.90813 0.90813 0.99575 0.87428 0.90813 0.90813 0.90912 0.81277 0.82740 0.81288 0.85260 0.85991 0.87612 0.90026 0.88059 0.89821 0.90346 1.2528 1.2528 1.0216 1.0216 1.0216 0.76794 0.79716 0.79716 0.79716 1.2528 1.2520 1.2520 1.2520 1.2537 1.2537 1.2537 1.2537 1.2537 1.2537 0.81405
0.83314 0.83314 0.83314 0.82539 0.80199 0.79626 0.81379 0.82672 0.82672 0.82672 0.82672 0.82672 0.81099 0.82672 0.81428 0.81205 0.79407 0.79407 0.79407 0.79407 0.79407 0.77253 0.78893 0.89519 0.89519 0.94571 1.0469 0.90813 0.90813 0.90813 0.90813 0.90813 0.87428 0.87428 0.90813 0.90813 0.81277 0.81277 0.80902 0.80902 0.80510 0.81355 0.83030 0.85218 0.89821 0.89821 0.90346 1.2528 1.2528 1.0216 0.77790 0.78183 0.76794 0.78183 0.78183 0.79716 1.2528 1.2520 1.2520 1.2520 1.2520 1.2520 1.2520 1.2520 1.2520 1.2520 0.81219
0.83314 0.83314 0.83314 0.83314 0.82672 0.81379 0.81379 0.81379 0.82672 0.81429 0.79090 0.81429 0.81429 0.81429 0.81429 0.81205 0.79407 0.79407 0.79407 0.79407 0.79407 0.65831 0.79426 0.89519 0.81243 0.77785 0.90813 0.90813 0.90813 0.89462 0.92010 0.90813 0.90813 0.90813 0.90813 0.79330 0.81277 0.81277 0.80902 0.80902 0.81277 0.79963 0.79963 0.80902 0.89821 0.91070 0.90346 1.2528 1.2528 1.0216 0.78183 0.78183 0.98816 0.79716 0.79716 0.79716 1.2528 1.2520 1.2520 1.2520 1.2520 1.2520 1.2520 1.2520 1.2520 0.80547 0.81219
0.83314 0.83314 0.83314 0.83314 0.82672 0.82672 0.82554 0.82672 0.82672 0.72847 0.79290 0.82222 1.0382 0.98289 0.81205 0.81205 0.81205 0.81205 0.81205 0.81205 0.81205 0.81205 0.79426 0.81243 0.79357 0.79778 0.87433 0.89477 0.89051 0.89462 0.91116 0.90813 0.89462 0.90813 0.90813 0.78822 0.80903 0.81278 0.81278 0.81278 0.81278 0.81278 0.91070 0.88447 0.91070 0.91070 1.2528 1.2528 1.2528 1.2528 1.0216 0.78183 0.90126 0.79716 0.79716 0.79716 1.2520 1.2520 1.2520 1.2520 1.2520 1.2520 1.2520 1.2520 1.2520 0.80547 0.81219
0.80909 0.83314 0.83314 0.83314 0.82672 0.82672 0.82672 0.82672 0.82672 0.72050 0.72847 0.69277 0.66226 0.82963 0.66469 0.81205 0.81205 0.78922 0.78922 0.83752 0.81205 0.81205 0.91778 0.89743 0.89743 0.86206 0.88645 0.88316 0.88799 0.88450 0.89785 0.89448 0.89462 0.90813 0.90813 0.87015 0.85600 0.87971 0.79964 0.79964 0.78822 0.90098 0.90098 0.91070 0.91070 0.91070 1.2528 1.2528 1.2528 1.2528 1.0215 1.0469 0.80219 0.79716 0.79716 0.79716 1.2520 1.2520 1.2520 1.2520 1.2520 1.2520 1.2520 1.2520 1.2520 0.81966 0.81219
0.83314 0.83314 0.81931 0.81931 0.81379 0.82672 0.82672 0.82672 0.82498 0.66226 0.74339 0.70188 0.82963 0.82963 0.83308 0.66469 0.78922 0.78922 0.78922 0.86908 0.86908 0.81205 0.86062 0.89743 0.88325 0.87826 0.86878 0.87688 0.88450 0.88450 0.88450 0.88450 0.90813 0.90813 0.90813 0.86551 0.84421 0.86687 0.86687 0.86687 0.86687 0.90098 0.90098 0.91070 0.91070 0.91070 1.2528 1.2528 1.2528 1.2528 1.2528 1.0215 0.78184 0.78184 0.78184 0.79716 1.2520 1.2520 1.2520 1.2520 1.2520 1.2520 1.2520 1.2520 1.2520 1.2520 0.83187
0.82390 0.73526 0.82927 0.80006 0.79613 0.83359 0.82672 0.82672 0.78288 1.0724 0.92240 1.0461 1.0724 1.0724 0.73497 0.89458 0.81812 0.82277 0.81205 0.81205 0.81205 0.81205 0.78168 0.88325 0.86283 0.87841 0.86937 0.88450 0.88450 0.88450 0.88450 0.89462 0.89462 0.89462 0.78945 0.78921 0.78921 0.86687 0.86687 0.86687 0.86687 0.86687 0.91070 0.91984 0.91070 1.2472 1.2528 1.2528 1.2528 1.2528 1.2528 1.0215 1.0215 0.79716 0.79716 0.81858 1.2520 1.2520 1.2520 1.2520 1.2520 1.2520 1.2520 1.2520 1.2520 1.2520 0.84586
0.82390 0.73526 0.82927 0.80006 0.81256 0.83157 0.83359 0.83359 1.0722 1.0722 1.0550 1.0722 1.0722 1.0722 0.94379 0.93500 0.93364 0.81426 0.82471 0.81205 0.81205 0.66469 0.88325 0.83949 0.84801 0.86765 0.87425 0.88464 0.88450 0.88450 0.88450 0.89462 0.88450 0.85661 0.78945 0.79277 0.79277 0.86687 0.86687 0.86687 0.86687 0.91070 0.91070 0.91070 0.91070 0.99667 1.2528 1.2528 1.2528 1.2528 1.2528 1.0215 0.75581 0.79717 0.81858 0.81858 0.81219 0.80547 1.2520 1.2520 1.2520 1.2520 1.2520 1.2520 1.2520 1.2520 1.2520
0.83677 0.83677 0.83677 0.83157 0.83359 0.79684 0.80882 0.70090 0.71676 0.74161 1.0550 1.0983 1.0028 0.83246 0.83155 0.83155 0.83155 0.81477 0.83401 0.81707 0.81707 0.81707 0.82656 0.83884 0.84737 0.85680 0.86318 0.87783 0.87859 0.76455 0.88451 0.88451 0.88451 0.82205 0.83900 0.79277 0.79277 0.86687 0.86687 0.86687 0.91070 0.91070 0.91070 0.91070 0.91070 0.91070 0.95938 1.2528 1.2528 1.2528 1.2528 0.99957 0.76794 0.81858 0.81858 0.81858 0.81219 0.81219 0.86539 0.91092 0.95622 1.2520 1.2520 1.2520 1.2520 1.2520 1.2520
0.83677 0.83677 0.82927 0.83157 0.83359 0.78829 0.75257 0.71034 0.72259 0.74161 1.0550 1.0028 1.0028 0.83246 0.83155 0.83155 0.83155 0.83155 0.83155 0.81753 0.81707 0.81707 0.82233 0.84656 0.84259 0.85049 0.85680 0.87495 0.87718 0.87683 0.87824 0.88857 0.81453 0.81453 0.81453 0.79490 0.79490 0.76855 0.86530 0.86530 0.91085 0.91085 0.91070 0.91070 0.91070 0.90347 0.87616 0.95938 1.2528 1.2528 0.99956 0.99956 0.76794 0.81859 0.81859 0.81859 0.81219 0.81219 0.81219 0.90716 0.99351 0.99351 1.2520 1.2520 1.2520 0.80547 0.81311
0.82927 0.82927 0.82927 0.89902 0.91439 0.75410 0.77932 0.77932 0.77932 0.74160 1.0550 1.0028 1.0028 0.82002 0.81707 0.81707 0.81707 0.81707 0.81753 0.81707 0.81707 0.81707 0.78884 0.82574 0.83536 0.84330 0.84974 0.86858 0.87340 0.87156 0.86470 0.85426 0.81453 0.81453 0.81453 0.79491 0.79491 0.87975 0.86531 0.86531 0.86531 0.91085 0.91085 0.91085 0.91085 0.90115 0.90115 0.88567 0.88567 0.99389 0.99389 0.99389 0.76518 0.79751 0.81859 0.81859 0.81219 0.81219 0.81219 0.79673 0.81219 0.81051 1.2520 1.2520 0.81051 0.79721 0.81311
0.83678 0.83497 0.81618 0.81256 0.92208 0.72905 0.86488 0.86488 0.86488 0.77932 1.0722 0.98696 0.98696 0.81879 0.66444 0.76780 0.81753 0.81707 0.81707 0.81707 0.81707 0.81707 0.72446 0.81956 0.82881 0.83658 0.84294 0.84705 0.84894 0.84875 0.84653 0.83880 0.81453 0.81453 0.81453 0.79491 0.79491 0.87975 0.86531 0.86531 0.86531 0.89666 0.90483 0.89643 0.91085 0.90115 0.90115 0.88567 0.88567 1.0174 0.99389 0.99389 0.78202 0.79751 0.81855 0.81855 0.81088 0.81088 0.81088 0.79534 0.79534 0.81088 0.81088 0.81088 0.81088 0.80914 0.79039
0.83678 0.92422 0.92422 0.84163 0.83157 0.82002 0.83359 0.92208 0.92208 0.92208 0.93417 1.0546 1.2552 1.2552 0.78377 0.67044 0.72446 0.81707 0.81707 0.81707 0.81707 0.81707 0.81707 0.81557 0.82434 0.83174 0.83766 0.84125 0.84266 0.84227 0.84035 0.82644 0.81880 0.81453 0.81453 0.79491 0.79491 0.87975 0.86531 0.86531 0.86531 0.85998 0.86692 0.87118 0.87538 0.89110 0.90115 0.90115 0.90115 0.90115 0.99388 0.99388 0.99388 0.79751 0.81856 0.81856 0.81088 0.81088 0.81088 0.79534 0.79534 0.79534 0.79534 0.81088 0.81088 0.81088 0.78860
0.83678 0.92422 0.92422 0.86162 0.83157 0.83359 0.83359 0.92208 0.92208 0.92208 1.0546 1.0546 1.0550 0.78958 0.81753 0.81707 0.78739 0.78559 0.78647 0.81707 0.81707 0.81707 0.81707 0.72446 0.80131 0.82934 0.83471 0.83759 0.83834 0.83760 0.83599 0.81908 0.81636 0.81677 0.81850 0.83353 0.77996 0.86531 0.86531 0.86531 0.86531 0.85838 0.77396 0.77926 0.87538 0.90115 0.90115 0.90115 0.90115 0.90115 0.99388 0.99388 0.99388 1.0329 0.80904 0.81856 0.81088 0.81088 0.81088 0.79534 0.81088 0.79534 0.81088 0.81088 0.81088 0.81088 0.81421
0.83678 0.92422 0.92422 0.83157 0.83359 0.83359 0.83359 0.83359 0.83359 0.91439 1.2552 1.0550 1.0550 0.81753 0.81753 0.81753 0.81021 0.78647 0.81707 0.81707 0.81707 0.81707 0.81707 0.81707 0.78986 0.84444 0.84959 0.85196 0.83719 0.83623 0.83500 0.81797 0.81804 0.82258 0.82886 0.83339 0.84191 0.85280 0.86531 0.86531 0.86812 0.76979 0.77255 0.77792 0.78502 0.90115 0.89111 0.90115 0.90115 0.90115 0.88567 0.99388 0.99388 1.0489 0.97031 0.81856 0.81088 0.81088 0.81088 0.81088 0.81088 0.81088 0.81088 0.81088 0.81088 0.81088 0.81421
0.83678 0.94297 0.83498 0.83359 0.82554 1.2552 1.2552 1.2552 0.83359 0.83157 1.2552 1.2552 0.93790 0.81753 0.81753 0.81753 0.81753 0.81707 0.83155 0.81707 0.81707 0.81707 0.81707 0.83155 0.80562 0.83303 0.83801 0.85529 0.84034 0.83951 0.83882 0.83917 0.84083 0.84381 0.84579 0.85127 0.85727 0.86559 0.86890 0.86980 0.87063 0.76982 0.77176 0.77436 0.78199 0.90115 0.90115 0.90115 0.90115 0.90115 0.90115 0.87307 0.99388 1.0489 1.1304 0.94025 0.81088 0.81088 0.81088 0.81088 0.81088 0.81088 0.78922 0.81088 0.81088 0.81088 0.81602
0.92691 0.92691 0.82927 1.2552 1.2552 1.2552 1.2552 0.82554 0.82554 1.2552 1.2552 1.0550 0.93790 0.81753 0.81753 0.83355 1.2521 0.81753 0.81707 0.81707 0.81707 0.81707 0.81707 0.83155 0.83442 0.84501 0.84480 0.86269 0.84815 0.84792 0.84791 0.84902 0.85127 0.85452 0.85652 0.86130 0.86602 0.88007 0.88023 0.87867 0.87713 0.77038 0.77151 0.77356 0.77782 0.90115 0.90115 0.90115 0.90115 0.90115 0.90115 0.86401 0.82391 0.99882 1.1304 0.95974 0.89633 0.80915 0.81088 0.79479 0.81088 0.80989 0.78858 0.78922 0.81088 0.81088 0.81602
0.89792 0.91519 0.82724 1.2555 1.2555 1.2555 1.2555 1.2555 1.2555 1.0695 1.0695 0.92831 0.93790 0.81753 0.83155 0.83155 1.2521 1.2521 0.81753 0.81753 0.83355 0.81708 0.81708 0.83155 0.83442 0.92049 0.76131 0.85742 0.85890 0.85942 0.86002 0.86147 0.86379 0.86675 0.86813 0.88908 0.89643 0.89114 0.89025 0.87924 0.87864 0.77130 0.77163 0.77308 0.86588 0.90115 0.90115 0.90115 0.90115 0.90115 0.90115 0.86401 0.86401 0.99881 1.1304 1.0319 1.0319 1.0408 1.1269 1.1269 1.2467 1.1269 0.95538 0.81088 0.81088 0.81088 1.0239
0.89792 0.89792 0.82725 0.82695 1.2555 1.2555 1.2555 1.2555 1.2555 1.0695 0.94699 0.98241 0.98241 0.82901 0.81913 0.99972 1.2515 1.2515 0.80410 0.80410 0.80410 0.80410 0.80410 0.81913 0.89408 0.89408 0.89408 0.75777 0.87099 0.87211 0.87301 0.87440 0.87629 0.87849 0.87901 0.89643 0.89643 0.89643 0.89491 0.88314 0.77356 0.77236 0.77195 0.77281 0.86477 0.90115 0.90115 0.90115 0.88567 0.88567 0.77421 0.86401 0.86401 0.87307 0.99387 0.82317 1.0327 0.82317 1.1269 1.2467 1.2467 1.1269 1.0006 0.92478 0.79479 1.0005 0.99866
0.91809 0.91319 0.89792 0.86851 0.86851 0.86208 1.2556 1.2556 1.2556 0.94945 0.98241 0.81528 0.89555 0.99972 0.99972 0.99972 1.2515 1.2515 0.80410 0.80410 0.80410 0.80410 0.80410 0.86300 0.89502 0.88480 0.89427 0.90952 0.76742 0.87643 0.87727 0.87823 0.87938 0.88063 0.87919 0.90394 0.91085 0.91085 0.91085 0.89487 0.78073 0.77332 0.77230 0.77261 0.77479 0.87889 1.2475 1.2475 1.2475 0.87307 0.86401 0.86401 0.86401 0.86401 0.82388 0.77719 0.77719 0.77719 0.76720 1.2467 1.2467 1.0006 0.94588 0.78456 1.0861 1.0156 1.0176
0.91809 0.91319 0.91484 0.91484 0.86851 0.86851 1.2556 1.2556 1.2556 0.94945 0.80928 0.89555 0.89555 0.99972 0.99972 0.99972 1.2515 1.2515 0.80410 0.81914 0.81914 0.80410 0.80410 0.86300 0.88030 0.89556 0.91735 0.90327 0.88077 0.77165 0.88758 0.88773 0.88786 0.88797 0.88532 0.90448 0.90415 0.87616 0.87616 0.78014 0.77634 0.76957 0.76817 0.76800 0.76959 0.87649 1.2411 1.2411 0.88567 0.90116 0.86401 0.87247 0.86401 0.86401 0.63383 0.75674 0.88836 0.63077 0.73877 0.78690 0.82316 0.82316 0.63077 0.74708 0.63077 0.63077 1.1124
0.91319 0.91319 0.91484 0.91484 0.85431 0.82695 0.82490 1.2556 1.2556 1.2556 0.80928 0.92968 0.80809 0.82901 0.99972 1.1679 1.2515 1.2515 1.2515 0.81914 0.81914 0.80411 0.80411 0.86438 0.76184 0.89278 0.90146 0.92077 0.90478 0.76687 0.88839 0.89476 0.89381 0.89281 0.88910 0.88903 0.88815 0.87616 0.87616 0.78014 0.77629 0.77298 0.75987 0.69137 0.76931 0.86335 0.89154 0.87445 0.87445 0.90666 0.87445 0.87445 0.87445 0.87445 0.71750 0.71240 0.71240 0.84914 0.73403 0.78172 0.80003 0.78209 0.66460 0.80678 0.66460 0.62821 0.78210
0.92281 0.91319 0.91484 0.91484 0.79564 0.82695 0.82695 0.81255 1.2556 1.2556 1.2556 0.89286 0.80929 0.92444 0.80994 1.0572 1.2515 1.2515 1.2515 1.2515 0.99972 0.80411 0.80411 0.86438 0.86438 0.76687 0.90875 1.0264 0.95111 0.95020 0.86438 0.87698 0.89753 0.89071 0.88792 0.91730 0.78014 0.92705 0.92705 0.91734 0.90758 0.87810 0.89436 0.77641 0.66190 0.89139 0.93171 0.93171 0.93171 0.87445 0.93171 0.89154 0.92198 0.93171 0.92173 0.91427 0.91427 0.91427 1.0217 0.99334 0.85449 0.85722 0.86919 0.80527 0.85877 0.89903 0.79685
0.90586 0.91319 0.91484 0.91484 0.82695 0.82695 0.80710 1.2556 0.80713 0.79590 1.2556 0.95082 0.92831 0.80994 0.79992 1.0572 1.0572 1.1412 1.2515 1.2515 1.2515 0.80411 0.86299 0.86438 0.86438 0.86438 0.86438 1.2498 1.2498 1.2498 0.91915 0.71664 0.88560 0.77425 0.87615 0.88792 0.88792 0.92706 0.91734 0.91734 0.91730 0.92706 0.91734 0.91734 0.80552 0.82521 0.93171 0.93171 0.93171 0.93171 0.93171 0.92198 0.92198 0.93171 0.92173 0.91427 0.92455 0.92455 1.0481 1.1284 1.1284 0.85792 1.0571 0.92821 0.92821 0.93710 0.88586
0.91319 0.91319 0.91484 0.91484 0.91484 0.82695 0.80809 0.81865 0.81865 1.2556 1.2556 1.2556 0.98478 0.80994 0.80994 1.1311 0.94019 0.94019 1.2515 1.2515 1.2515 0.78002 0.86299 0.86437 0.86437 0.86437 1.2498 1.2498 1.2498 1.2498 1.2498 0.88560 0.74013 0.90901 0.78013 0.78013 0.90601 0.91734 0.91734 0.93506 0.91730 0.92706 0.91734 0.91734 0.80552 0.92173 0.93171 0.93171 1.2411 0.93171 0.93171 0.93107 0.92198 0.93171 0.92173 0.91427 0.92455 0.92455 1.1284 1.1284 1.1284 1.1284 1.1284 1.1284 0.92821 0.93710 1.2450
0.91319 0.91319 0.91485 0.91485 0.81255 0.81255 0.82695 0.82695 1.2556 1.2556 1.2556 0.92831 0.82607 0.80224 0.93286 1.1320 1.0572 0.82258 0.82258 1.2515 0.94278 0.86299 0.86299 0.86437 0.86437 0.86437 1.2498 1.2498 1.2498 1.2498 1.2498 1.2498 0.91915 0.86437 0.88792 0.78013 0.79409 0.92706 0.92706 0.91730 0.91730 0.92706 0.92706 0.91734 0.92173 0.92173 0.92173 0.92173 0.91799 1.2411 0.92198 0.92198 0.92198 0.93171 0.92173 0.91427 0.92455 0.92455 1.1284 1.1284 1.1284 1.1284 1.1284 1.1284 0.92193 1.2450 1.2450
0.91319 0.91319 0.91485 0.91485 0.81256 0.82695 0.82695 0.82695 1.2556 1.2556 1.2556 0.94723 0.79992 0.80224 0.80567 1.1320 0.81038 0.82120 0.82902 1.1320 1.0456 0.86299 0.86299 0.86437 0.86437 0.86437 1.2498 1.2498 1.2498 1.2498 1.2498 1.2498 0.91561 0.91915 0.86763 0.88792 0.88792 0.92706 0.92706 0.91730 0.91730 0.92706 0.92706 0.91734 0.92173 0.92173 0.92173 0.92173 0.93171 1.2411 0.92198 0.93171 0.93171 0.92173 0.92173 0.92455 0.92455 0.88345 0.91464 1.1284 1.1284 1.1284 1.1284 1.1284 1.1295 1.2450 1.2450
0.91033 0.91033 0.90851 0.90851 0.90851 0.81965 0.82695 0.82695 1.2556 1.2556 1.2556 1.2556 0.94744 0.80225 0.80567 0.80567 0.81791 0.82902 0.82902 1.0357 0.97803 0.86299 0.86299 0.86436 0.86436 0.86436 1.2498 1.2498 1.2498 1.2498 1.2498 1.2498 1.2498 0.90758 0.77296 0.87810 0.88792 0.92706 0.91730 0.91730 0.92706 0.92706 0.92706 0.91734 0.92173 0.92173 0.92198 0.92173 0.92173 0.93171 1.2411 1.2411 0.92198 1.0477 0.91427 0.92455 0.92455 0.88345 0.92455 0.91427 1.0284 1.0444 1.1284 1.1284 0.82694 1.2450 1.2450
0.89177 0.91033 0.90851 0.90851 0.90990 0.81764 0.81966 0.81966 1.2522 1.2522 1.2522 1.2522 1.2507 1.2507 0.79004 0.80006 0.82023 0.82476 0.82121 0.99404 0.94582 0.86299 0.86299 0.86436 0.86436 0.86436 1.2498 1.2498 1.2498 1.2498 1.2498 1.2498 1.2498 1.0638 0.90758 0.77295 0.93211 0.92706 0.91730 0.91730 0.91730 0.91730 0.91730 0.91734 0.92173 0.92173 0.92198 0.92173 0.92173 0.92563 0.93563 1.2411 0.92198 0.92173 0.91427 0.91427 0.91427 0.92455 0.92455 0.91427 0.91427 0.90115 0.82694 0.82694 0.82694 0.82720 1.2450
