test/test_data/tcaap/monthly_mean_over_all_Dec__actual_et__2015-01-01_to_2019-12-31__180_by_260__inches.asc
NCOLS        180
NROWS        260
XLLCORNER     476375.000
YLLCORNER    4970875.000
CELLSIZE        100.000
NODATA_VALUE -9999.
[rows 116 to 144 of 260, columns 67 to 133 of 180]
0.36445 0.36141 0.36228 0.36236 0.36241 0.36240 0.36237 0.36491 0.36490 0.36473 0.36457 0.36442 0.36429 0.36433 0.36434 0.36970 0.36970 0.36414 0.36374 0.36388 0.36397 0.36402 0.36806 0.36861 0.36458 0.36502 0.37331 0.37477 0.37527 0.37554 0.38684 0.38697 0.37042 0.37042 0.37042 0.37042 0.37018 0.36896 0.38144 0.36569 0.36414 0.36941 0.36414 0.36130 0.35864 0.35117 0.35249 0.35249 0.35249 0.37041 0.36995 0.36940 0.36940 0.36940 0.37079 0.36947 0.37080 0.37151 0.37042 0.37079 0.38399 0.39234 0.38378 0.36970 0.36970 0.36970 0.36970
0.36096 0.36124 0.36218 0.36232 0.36241 0.36244 0.36244 0.36492 0.36489 0.36487 0.36485 0.36485 0.36485 0.36485 0.36471 0.36971 0.36971 0.36437 0.36394 0.36402 0.36407 0.36410 0.36417 0.36433 0.36464 0.36504 0.37323 0.37460 0.37518 0.36898 0.37020 0.37043 0.37043 0.37043 0.37043 0.37043 0.37043 0.36898 0.38695 0.38741 0.37044 0.37044 0.37044 0.36943 0.36344 0.35119 0.35251 0.35251 0.35251 0.37042 0.36997 0.37048 0.37048 0.37048 0.37042 0.39798 0.39798 0.37232 0.37232 0.35655 0.35654 0.39239 0.38393 0.36972 0.36972 0.36972 0.36972
0.36074 0.36107 0.36205 0.36227 0.36240 0.36246 0.36247 0.36487 0.36487 0.36487 0.36973 0.36487 0.36973 0.36487 0.36485 0.36933 0.36973 0.36455 0.36409 0.36413 0.36416 0.36418 0.36424 0.36438 0.36463 0.36497 0.37260 0.37376 0.36473 0.36329 0.37015 0.37045 0.37045 0.37045 0.37045 0.37045 0.37022 0.36329 0.39728 0.38520 0.38520 0.37084 0.37084 0.36969 0.36658 0.34864 0.35117 0.35252 0.35252 0.36249 0.39801 0.37044 0.37082 0.37082 0.37071 0.39801 0.39801 0.39801 0.39801 0.35414 0.35655 0.35655 0.39241 0.36974 0.36974 0.36974 0.36347
0.36238 0.36290 0.36381 0.36963 0.37027 0.36921 0.36273 0.36488 0.36488 0.36488 0.36975 0.36488 0.36488 0.36488 0.36488 0.36969 0.36486 0.36468 0.36402 0.36408 0.36416 0.36425 0.36430 0.36441 0.36459 0.36483 0.36508 0.36529 0.36442 0.36331 0.37017 0.37047 0.37047 0.37047 0.37047 0.37047 0.36964 0.36964 0.37047 0.38437 0.37086 0.37086 0.37102 0.37053 0.37053 0.37053 0.35118 0.35254 0.35254 0.35254 0.37084 0.37084 0.37084 0.37084 0.37001 0.38481 0.39803 0.39803 0.39803 0.39803 0.37699 0.35782 0.39243 0.36976 0.36976 0.36976 0.36947
0.36446 0.36546 0.36804 0.36928 0.37014 0.37126 0.36449 0.36386 0.36376 0.36363 0.36880 0.36363 0.36363 0.36880 0.36363 0.36350 0.36479 0.36478 0.36415 0.36420 0.36427 0.36436 0.36436 0.36443 0.36454 0.36469 0.36485 0.36499 0.36404 0.36333 0.36333 0.36903 0.36903 0.36903 0.36903 0.36903 0.36903 0.36903 0.37049 0.37088 0.37088 0.37088 0.37088 0.37088 0.37088 0.37088 0.37088 0.35255 0.35255 0.37086 0.37086 0.37086 0.37086 0.37086 0.37086 0.37086 0.37845 0.39805 0.39805 0.39805 0.35783 0.35783 0.39248 0.38370 0.37003 0.38776 0.39151
0.36394 0.36498 0.36729 0.36885 0.36994 0.37152 0.36460 0.36384 0.36380 0.36882 0.36365 0.36365 0.36365 0.36365 0.36365 0.36365 0.36358 0.36234 0.36219 0.36224 0.36231 0.36239 0.36235 0.36239 0.36245 0.36253 0.36262 0.36271 0.36374 0.36345 0.36334 0.36905 0.36334 0.36334 0.35330 0.36334 0.36905 0.36904 0.37089 0.37089 0.37089 0.37089 0.37089 0.37089 0.37089 0.37089 0.37089 0.37106 0.39810 0.39807 0.39807 0.37087 0.37087 0.37087 0.35257 0.35257 0.35257 0.35119 0.35119 0.36539 0.36647 0.36647 0.37350 0.37400 0.37605 0.39068 0.39153
0.36193 0.36422 0.36644 0.36829 0.36960 0.37154 0.36462 0.36384 0.36381 0.36376 0.36366 0.36366 0.36366 0.36366 0.36366 0.36366 0.36366 0.36239 0.36227 0.36232 0.36238 0.36245 0.36239 0.36242 0.36245 0.36244 0.36244 0.36245 0.36212 0.36211 0.36211 0.36209 0.36209 0.36209 0.36209 0.36265 0.36209 0.36720 0.36950 0.36950 0.37091 0.37091 0.37091 0.37091 0.37091 0.37091 0.37091 0.37108 0.39812 0.36308 0.35232 0.35259 0.35121 0.35259 0.35259 0.35259 0.35259 0.35259 0.35259 0.35390 0.36648 0.35390 0.35390 0.35298 0.35390 0.37752 0.35390
0.36068 0.36308 0.36551 0.36757 0.36906 0.37147 0.36463 0.36380 0.36378 0.36377 0.36368 0.36368 0.36368 0.36368 0.36368 0.36368 0.36368 0.36765 0.36765 0.36765 0.36765 0.36245 0.36245 0.36245 0.36245 0.36245 0.36245 0.36245 0.36211 0.36211 0.36213 0.36220 0.36236 0.35368 0.36268 0.36253 0.36226 0.36721 0.36815 0.36952 0.36952 0.36952 0.36952 0.36952 0.36952 0.36952 0.36815 0.39651 0.36300 0.39625 0.35112 0.35112 0.35260 0.35260 0.35260 0.35260 0.35260 0.35260 0.35260 0.35391 0.35391 0.35391 0.35391 0.35391 0.35391 0.35391 0.35391
0.35966 0.36203 0.36450 0.36665 0.36827 0.37128 0.36455 0.36370 0.36372 0.36377 0.36370 0.36370 0.39699 0.36369 0.36369 0.36366 0.36366 0.36767 0.36767 0.36767 0.36767 0.36247 0.36247 0.36247 0.36247 0.36741 0.36247 0.36247 0.36212 0.36246 0.36244 0.36241 0.36238 0.36236 0.36235 0.36234 0.36220 0.36723 0.36816 0.36816 0.39653 0.39653 0.36970 0.37119 0.37119 0.37119 0.36974 0.36816 0.36681 0.35959 0.35799 0.34985 0.34985 0.34985 0.35113 0.35113 0.35113 0.35113 0.35113 0.35120 0.35120 0.35120 0.35120 0.35120 0.35393 0.35393 0.35393
0.35694 0.36110 0.36346 0.36560 0.36729 0.36844 0.36402 0.36355 0.36362 0.36376 0.36371 0.36367 0.39701 0.36365 0.36366 0.36371 0.36371 0.36769 0.36889 0.36769 0.36889 0.36769 0.36249 0.36249 0.36249 0.36249 0.36769 0.36249 0.36224 0.36266 0.36259 0.36250 0.36241 0.36235 0.36231 0.36222 0.36217 0.36725 0.36818 0.36818 0.39655 0.39655 0.39655 0.37092 0.37121 0.37121 0.36818 0.36818 0.36818 0.36038 0.35959 0.36127 0.36798 0.36798 0.34983 0.35115 0.34986 0.34986 0.35115 0.35122 0.35122 0.35122 0.35122 0.35122 0.35122 0.35122 0.35122
0.35519 0.36030 0.36246 0.36449 0.36619 0.36746 0.36378 0.36334 0.36347 0.36374 0.36368 0.36360 0.36353 0.36353 0.36373 0.36373 0.36373 0.36771 0.36914 0.36914 0.36771 0.36771 0.36771 0.36771 0.36771 0.36250 0.36250 0.36771 0.36727 0.36266 0.36215 0.36215 0.36220 0.36235 0.36228 0.36218 0.36215 0.36727 0.36820 0.36820 0.36820 0.39657 0.39657 0.36952 0.37071 0.37107 0.36978 0.36820 0.36820 0.36129 0.36040 0.36800 0.36800 0.35391 0.34988 0.35117 0.34988 0.35023 0.35117 0.35124 0.35124 0.35124 0.35124 0.35124 0.35123 0.35123 0.35028
0.35478 0.35964 0.36156 0.36344 0.36510 0.36644 0.36282 0.36374 0.36374 0.36374 0.36355 0.36346 0.36340 0.36320 0.36320 0.36892 0.36892 0.36772 0.36772 0.36772 0.36772 0.36772 0.36772 0.36772 0.36252 0.36252 0.36330 0.37242 0.36217 0.36217 0.36728 0.36728 0.36728 0.36235 0.36227 0.36217 0.36217 0.36728 0.36821 0.36821 0.36821 0.36251 0.36213 0.36239 0.36186 0.36308 0.36157 0.36821 0.36802 0.36802 0.36802 0.36802 0.34989 0.34989 0.34989 0.34989 0.34989 0.34989 0.34989 0.34994 0.34994 0.34994 0.35030 0.35030 0.35030 0.36296 0.36296
0.35447 0.35914 0.36084 0.36256 0.36415 0.36550 0.36249 0.36371 0.36376 0.36342 0.36376 0.36376 0.36878 0.36698 0.36840 0.36840 0.37040 0.36917 0.36917 0.36917 0.36774 0.36774 0.36774 0.36198 0.36721 0.36721 0.37300 0.38504 0.37665 0.36872 0.36730 0.36730 0.36730 0.36219 0.36798 0.36796 0.36219 0.36730 0.36823 0.36823 0.36308 0.36233 0.36183 0.36123 0.36060 0.35231 0.35083 0.36255 0.36941 0.36941 0.36941 0.34991 0.34991 0.35120 0.34991 0.35120 0.35120 0.35120 0.35120 0.35127 0.35127 0.35127 0.35117 0.36298 0.36298 0.36298 0.36298
0.35266 0.35764 0.36183 0.36333 0.36737 0.36922 0.36360 0.36339 0.36297 0.36895 0.36931 0.36931 0.37041 0.36842 0.36842 0.36842 0.36842 0.36722 0.36722 0.36722 0.36722 0.36200 0.36667 0.36667 0.36722 0.36722 0.36722 0.38506 0.36874 0.36874 0.36732 0.36732 0.36732 0.36220 0.36812 0.36793 0.36793 0.36220 0.36825 0.36310 0.36291 0.36220 0.36492 0.36327 0.36088 0.34684 0.34789 0.34511 0.34494 0.34494 0.34636 0.35121 0.35121 0.35121 0.35121 0.35121 0.35121 0.35121 0.35121 0.35128 0.35128 0.34642 0.35118 0.35118 0.35128 0.35128 0.34997
0.35384 0.35593 0.36111 0.36253 0.36688 0.37016 0.36091 0.35978 0.35051 0.35385 0.37043 0.37043 0.37043 0.36653 0.37298 0.37298 0.36844 0.36724 0.36724 0.36724 0.36724 0.36724 0.36701 0.36669 0.36724 0.36724 0.36724 0.36876 0.36876 0.36876 0.36733 0.36733 0.36890 0.36733 0.36847 0.36847 0.36733 0.36733 0.36310 0.36306 0.36284 0.36551 0.36519 0.35062 0.35142 0.35012 0.35012 0.34512 0.34495 0.34495 0.35123 0.35123 0.35123 0.35123 0.35115 0.35123 0.35123 0.35123 0.35123 0.35130 0.35130 0.35130 0.35130 0.35130 0.35130 0.35130 0.34999
0.35385 0.35595 0.36047 0.36182 0.36578 0.36140 0.36092 0.35188 0.35364 0.35386 0.36863 0.36863 0.36863 0.36466 0.36466 0.36466 0.36660 0.36549 0.36549 0.36549 0.36549 0.35962 0.36582 0.36726 0.36726 0.36726 0.36726 0.36681 0.36877 0.36877 0.36735 0.36735 0.36891 0.36891 0.36877 0.36856 0.36735 0.36726 0.36301 0.36723 0.36537 0.36388 0.35908 0.34898 0.35144 0.35144 0.35013 0.34514 0.34497 0.35124 0.35124 0.35124 0.35124 0.34996 0.34996 0.35124 0.35124 0.35124 0.35124 0.35131 0.35131 0.35131 0.35131 0.35131 0.35131 0.35131 0.35000
0.35387 0.35657 0.35980 0.36113 0.35975 0.36061 0.35881 0.35180 0.35388 0.35388 0.35388 0.36865 0.36865 0.36865 0.36499 0.36499 0.37153 0.37031 0.36583 0.36583 0.36583 0.36583 0.36550 0.36550 0.36550 0.36550 0.35963 0.35902 0.36595 0.36595 0.36718 0.36595 0.36595 0.36595 0.36737 0.36737 0.36879 0.36719 0.36716 0.36640 0.36223 0.36155 0.36566 0.36609 0.35145 0.35015 0.35015 0.34515 0.34498 0.35104 0.35126 0.35126 0.35118 0.35118 0.34997 0.35126 0.35126 0.35126 0.35126 0.35133 0.35133 0.35133 0.35133 0.35133 0.35133 0.35133 0.35123
0.35388 0.35388 0.35350 0.35545 0.35902 0.36188 0.36066 0.35959 0.35389 0.35389 0.35389 0.36805 0.36866 0.36866 0.36866 0.36866 0.37032 0.37032 0.37032 0.37032 0.37032 0.37032 0.36552 0.36552 0.36552 0.36552 0.35992 0.35947 0.36597 0.36597 0.36745 0.36597 0.36597 0.36597 0.36615 0.36603 0.36717 0.36683 0.36581 0.36510 0.35947 0.36452 0.36489 0.36489 0.36489 0.36417 0.35147 0.34517 0.34500 0.34500 0.34995 0.35128 0.35105 0.34902 0.34873 0.34999 0.34995 0.35040 0.35135 0.35135 0.35135 0.35047 0.34999 0.35135 0.35135 0.35135 0.35110
0.35390 0.35264 0.35264 0.35458 0.35903 0.36200 0.36181 0.36097 0.36867 0.35391 0.35391 0.36807 0.36868 0.37021 0.37021 0.36868 0.37034 0.37034 0.37034 0.37034 0.37034 0.36586 0.36554 0.36554 0.36554 0.36554 0.35993 0.36599 0.36599 0.36599 0.36747 0.36747 0.36747 0.36747 0.36747 0.36747 0.36714 0.36672 0.36571 0.36505 0.36425 0.36337 0.36490 0.36490 0.36490 0.36490 0.35353 0.34135 0.34430 0.34430 0.35034 0.36874 0.36874 0.36874 0.36738 0.36874 0.36836 0.36361 0.36958 0.36894 0.35001 0.35001 0.35136 0.35136 0.35136 0.35136 0.35136
0.35266 0.35266 0.35292 0.35463 0.35929 0.36254 0.35973 0.36099 0.36869 0.36870 0.35393 0.35393 0.35363 0.37023 0.37023 0.37023 0.36757 0.37039 0.37036 0.37036 0.37036 0.36588 0.35968 0.35968 0.36555 0.36555 0.36608 0.36601 0.36749 0.36749 0.36749 0.36749 0.36749 0.36749 0.36749 0.36749 0.36601 0.36655 0.36338 0.36506 0.36401 0.36338 0.36492 0.36492 0.36492 0.36492 0.36338 0.34055 0.34432 0.34432 0.36876 0.36876 0.36876 0.36876 0.36876 0.36876 0.36708 0.36876 0.36838 0.36838 0.36838 0.35001 0.35006 0.35006 0.35006 0.35006 0.39571
0.35273 0.35281 0.35321 0.35525 0.35982 0.36348 0.36037 0.36088 0.36872 0.36872 0.39611 0.35394 0.35394 0.37025 0.37025 0.37025 0.36907 0.36557 0.37009 0.37009 0.37009 0.36557 0.36557 0.36557 0.36557 0.36557 0.36609 0.36602 0.36751 0.36751 0.36751 0.36751 0.36751 0.36751 0.36751 0.36751 0.36751 0.36850 0.36451 0.36494 0.36386 0.36340 0.36494 0.36494 0.36494 0.36494 0.36494 0.36850 0.36878 0.36840 0.36878 0.36878 0.36878 0.36878 0.36878 0.36878 0.36520 0.36520 0.37466 0.36790 0.36852 0.36022 0.34522 0.34522 0.34522 0.34522 0.35002
0.35760 0.35873 0.35935 0.35990 0.36043 0.36459 0.36636 0.36782 0.36702 0.36702 0.39613 0.39613 0.35396 0.36702 0.36702 0.37026 0.36559 0.36559 0.36559 0.36559 0.36559 0.36559 0.36559 0.36559 0.36559 0.36369 0.36405 0.36398 0.36363 0.36398 0.36398 0.36752 0.36752 0.36752 0.36752 0.36752 0.36752 0.36852 0.36852 0.36496 0.36342 0.36342 0.36496 0.36496 0.36496 0.36496 0.36852 0.36852 0.36879 0.36879 0.36879 0.36879 0.36879 0.36879 0.36879 0.36522 0.36522 0.37446 0.37429 0.37429 0.38456 0.37936 0.36024 0.34503 0.34426 0.34523 0.35004
0.35829 0.36133 0.36254 0.36365 0.36465 0.35978 0.36643 0.36592 0.36703 0.36672 0.36672 0.39615 0.36672 0.36703 0.36703 0.36672 0.36560 0.36560 0.36560 0.36560 0.36560 0.36560 0.36560 0.36560 0.36560 0.36406 0.36406 0.36400 0.36400 0.36400 0.36400 0.36754 0.36754 0.36754 0.36754 0.36754 0.36754 0.36854 0.36854 0.36497 0.36497 0.36497 0.36497 0.36497 0.36497 0.36497 0.36497 0.36854 0.36881 0.36881 0.36745 0.36881 0.36881 0.36881 0.36881 0.36524 0.36481 0.36524 0.37479 0.37448 0.38175 0.38458 0.38175 0.34504 0.34427 0.34389 0.35010
0.35838 0.36009 0.36064 0.36485 0.36567 0.36013 0.36040 0.36674 0.36674 0.36674 0.36674 0.36674 0.36532 0.36532 0.36619 0.36674 0.36562 0.36562 0.36562 0.36562 0.39420 0.36562 0.36562 0.36562 0.36562 0.36408 0.36401 0.36401 0.36401 0.36401 0.36401 0.36401 0.36756 0.36756 0.36756 0.36756 0.36756 0.36855 0.36855 0.36499 0.36499 0.36499 0.36499 0.36499 0.36499 0.36499 0.36499 0.36525 0.36883 0.36883 0.36371 0.36488 0.36883 0.36747 0.36525 0.36525 0.36525 0.36525 0.36482 0.36482 0.34387 0.34387 0.34429 0.34526 0.35684 0.35141 0.35012
0.35967 0.36146 0.36206 0.36251 0.36163 0.36032 0.36041 0.36041 0.36676 0.36676 0.36676 0.36676 0.36676 0.36620 0.37267 0.36513 0.36597 0.36597 0.36597 0.36597 0.36597 0.36597 0.36504 0.36597 0.36564 0.36410 0.36403 0.36403 0.36403 0.36403 0.37875 0.37121 0.37121 0.37400 0.37400 0.37400 0.37400 0.36857 0.36857 0.36501 0.36501 0.36501 0.36501 0.36501 0.36501 0.36501 0.36501 0.36527 0.36527 0.36527 0.36527 0.36527 0.36527 0.36373 0.36490 0.36527 0.36527 0.36527 0.36483 0.36356 0.36356 0.36356 0.37086 0.34072 0.35478 0.34884 0.34926
0.35968 0.36151 0.36212 0.36258 0.36313 0.35992 0.35988 0.36779 0.36835 0.36835 0.36835 0.36835 0.36835 0.36865 0.37403 0.37403 0.37141 0.36767 0.36767 0.36601 0.36598 0.36598 0.36598 0.36598 0.36566 0.36411 0.36405 0.36405 0.36405 0.36405 0.37877 0.37123 0.37123 0.37877 0.37402 0.37402 0.37402 0.36859 0.36859 0.36859 0.36502 0.36502 0.36502 0.36502 0.36502 0.36502 0.36502 0.36529 0.36529 0.36529 0.36529 0.36529 0.36529 0.36529 0.36529 0.36529 0.36529 0.36529 0.36485 0.36357 0.36357 0.36357 0.36357 0.33418 0.34393 0.34393 0.34524
0.35965 0.36128 0.36193 0.36241 0.36308 0.35989 0.36693 0.36836 0.36836 0.36836 0.36836 0.36836 0.36836 0.36836 0.37431 0.37431 0.37115 0.37323 0.37323 0.36713 0.36357 0.36545 0.37992 0.36545 0.36358 0.36358 0.36470 0.36470 0.36406 0.36406 0.37125 0.37125 0.37125 0.37879 0.37879 0.37622 0.37622 0.36861 0.36861 0.36861 0.36861 0.36861 0.36861 0.36350 0.36350 0.36504 0.36504 0.36530 0.36530 0.36530 0.36530 0.36530 0.36530 0.36530 0.36530 0.36530 0.36530 0.36530 0.36487 0.36359 0.36359 0.36359 0.36359 0.33419 0.34395 0.34395 0.34525
0.35957 0.36073 0.36142 0.36196 0.36289 0.35984 0.35991 0.36838 0.36838 0.36838 0.36838 0.36838 0.36838 0.36838 0.37433 0.37430 0.37117 0.37117 0.37325 0.37325 0.36549 0.36546 0.37224 0.37078 0.36360 0.36360 0.36472 0.36472 0.37082 0.36471 0.37190 0.37190 0.37190 0.37190 0.37190 0.37437 0.36826 0.36848 0.36848 0.36848 0.36862 0.36862 0.36726 0.36352 0.36352 0.36506 0.36506 0.36532 0.36532 0.36532 0.36532 0.36532 0.36532 0.36378 0.36378 0.36532 0.36532 0.36532 0.36488 0.36361 0.36361 0.36361 0.36361 0.37091 0.34151 0.34396 0.35013
0.35943 0.35978 0.36049 0.36114 0.36237 0.35968 0.35993 0.36840 0.36840 0.35993 0.36840 0.36840 0.36840 0.36840 0.37435 0.37432 0.37118 0.37118 0.37115 0.37326 0.36550 0.36548 0.37226 0.37080 0.36362 0.36362 0.36473 0.36473 0.36473 0.36473 0.37192 0.37192 0.37192 0.37192 0.36473 0.36473 0.36828 0.36850 0.36850 0.36850 0.36850 0.36850 0.36714 0.36494 0.36494 0.36494 0.36494 0.36587 0.36587 0.36587 0.36587 0.36587 0.36534 0.35956 0.35959 0.36534 0.36534 0.36534 0.36490 0.36362 0.36362 0.36362 0.36362 0.34791 0.34520 0.34898 0.35015
