test/test_data/tcaap/monthly_mean_over_all_May__actual_et__2015-01-01_to_2019-12-31__180_by_260__inches.asc
NCOLS        180
NROWS        260
XLLCORNER     476375.000
YLLCORNER    4970875.000
CELLSIZE        100.000
NODATA_VALUE -9999.
[rows 32 to 63 of 260, columns 71 to 141 of 180]
3.3069 3.3069 3.3022 3.3069 3.3069 2.9139 3.1716 3.2889 4.1528 3.9316 3.2482 3.2482 3.2482 3.2482 3.2482 3.2482 3.2482 3.2482 3.1770 3.2497 3.1743 3.1911 3.4973 3.5791 3.5620 3.5785 3.6446 3.6325 3.5785 3.6325 3.6325 3.1529 3.2361 3.2511 3.2511 3.2511 3.2511 3.2511 3.6428 3.5379 3.6428 3.6428 5.0113 5.0113 5.0113 5.0113 4.0862 3.1273 3.6050 3.1887 3.1887 3.1887 5.0078 5.0078 5.0078 5.0078 5.0078 5.0078 5.0078 5.0078 5.0078 3.2219 3.2488 3.2524 3.1669 3.1866 3.9287 3.9287 3.1669 3.1200 3.2220
3.3069 3.3069 3.3069 3.3069 3.3069 2.8820 2.9139 2.7711 2.6491 3.3185 2.6588 3.2482 3.2482 3.1569 3.1569 3.3501 3.2482 3.2482 3.6711 3.5897 3.5897 3.4482 3.5458 3.5326 3.5520 3.5380 3.5914 3.5779 3.5785 3.6325 3.6325 3.4806 3.4240 3.5188 3.1985 3.1985 3.1529 3.6039 3.6039 3.6428 3.6428 3.6428 5.0113 5.0113 5.0113 5.0113 4.0862 4.1878 3.2088 3.1887 3.1887 3.1887 5.0079 5.0079 5.0079 5.0079 5.0079 5.0079 5.0079 5.0079 5.0079 3.2786 3.2488 3.2524 3.2524 3.1902 3.1669 3.1669 3.1058 3.1669 3.1713
3.2552 3.3069 3.3069 3.3069 3.2999 2.6490 2.9736 2.8075 3.3185 3.3185 3.3323 2.6588 3.1569 3.1569 3.1569 3.4763 3.4763 3.2482 3.4425 3.5897 3.5330 3.5130 3.4751 3.5075 3.5380 3.5380 3.5380 3.5380 3.6325 3.6325 3.6325 3.4620 3.3768 3.4675 3.4675 3.4675 3.4675 3.6039 3.6039 3.6428 3.6428 3.6428 5.0113 5.0113 5.0113 5.0113 5.0113 4.0862 3.1273 3.1273 3.1273 3.1887 5.0079 5.0079 5.0079 5.0079 5.0079 5.0079 5.0079 5.0079 5.0079 5.0079 3.3275 3.2524 3.2524 3.1228 3.1228 3.1669 3.1669 3.1669 3.1200
3.1845 3.3344 3.3069 3.3069 3.1315 4.2896 3.6896 4.1842 4.2896 4.2896 2.9399 3.5783 3.2725 3.2911 3.2482 3.2482 3.2482 3.2482 3.1267 3.5330 3.4513 3.5136 3.4775 3.5380 3.5380 3.5380 3.5380 3.5785 3.5785 3.5785 3.1578 3.1568 3.1568 3.4675 3.4675 3.4675 3.4675 3.4675 3.6428 3.6793 3.6428 4.9888 5.0113 5.0113 5.0113 5.0113 5.0113 4.0862 4.0862 3.1887 3.1887 3.2743 5.0079 5.0079 5.0079 5.0079 5.0079 5.0079 5.0079 5.0079 5.0079 5.0079 3.3834 3.2450 3.2524 3.1669 3.1228 3.0155 3.0100 3.1228 3.1669
3.2502 3.3263 3.3344 3.3344 4.2887 4.2887 4.2198 4.2887 4.2887 4.2887 3.7752 3.7400 3.7346 3.2570 3.2988 3.2482 3.2482 2.6587 3.5330 3.3579 3.3920 3.4706 3.4970 3.5386 3.5380 3.5380 3.5380 3.5785 3.5380 3.4264 3.1578 3.1711 3.1711 3.4675 3.4675 3.4675 3.4675 3.6428 3.6428 3.6428 3.6428 3.9867 5.0113 5.0113 5.0113 5.0113 5.0113 4.0862 3.0232 3.1887 3.2743 3.2743 3.2488 3.2219 5.0079 5.0079 5.0079 5.0079 5.0079 5.0079 5.0079 5.0079 5.0079 3.2737 3.2737 3.1228 3.1935 3.0285 3.0228 3.0186 3.1445
3.3344 3.1873 3.2353 2.8036 2.8671 2.9664 4.2198 4.3932 4.0110 3.3298 3.3262 3.3262 3.3262 3.2591 3.3360 3.2683 3.2683 3.2683 3.3063 3.3554 3.3895 3.4272 3.4527 3.5113 3.5144 3.0582 3.5380 3.5380 3.5380 3.2882 3.3560 3.1711 3.1711 3.4675 3.4675 3.4675 3.6428 3.6428 3.6428 3.6428 3.6428 3.6428 3.8375 5.0113 5.0113 5.0113 5.0113 3.9983 3.0718 3.2743 3.2743 3.2743 3.2488 3.2488 3.4616 3.6437 3.8249 5.0079 5.0079 5.0079 5.0079 5.0079 5.0079 3.2524 3.2737 3.1935 3.1935 3.0650 3.1228 3.1935 3.1669
3.3344 3.1532 3.0103 2.8414 2.8904 2.9664 4.2198 4.0110 4.0110 3.3298 3.3262 3.3262 3.3262 3.3262 3.3262 3.2701 3.2683 3.2683 3.2893 3.3862 3.3703 3.4020 3.4272 3.4998 3.5087 3.5073 3.5130 3.5543 3.2581 3.2581 3.2581 3.1796 3.1796 3.0742 3.4612 3.4612 3.6434 3.6434 3.6428 3.6428 3.6428 3.6139 3.5046 3.8375 5.0114 5.0114 3.9983 3.9983 3.0718 3.2743 3.2743 3.2743 3.2488 3.2488 3.2488 3.6287 3.9740 3.9740 5.0079 5.0079 5.0079 3.2219 3.2524 3.2524 3.2524 3.1935 3.1228 3.1228 3.1228 3.1935 3.1935
3.6576 3.0164 3.1173 3.1173 3.1173 2.9664 4.2198 4.0110 4.0110 3.2801 3.2683 3.2683 3.2683 3.2683 3.2701 3.2683 3.2683 3.2683 3.1554 3.3030 3.3414 3.3732 3.3990 3.4743 3.4936 3.4862 3.4588 3.4170 3.2581 3.2581 3.2581 3.1796 3.1796 3.5190 3.4612 3.4612 3.4612 3.6434 3.6434 3.6434 3.6434 3.6046 3.6046 3.5427 3.5427 3.9756 3.9756 3.9756 3.0607 3.1900 3.2743 3.2743 3.2488 3.2488 3.2488 3.1869 3.2488 3.2420 5.0079 5.0079 3.2420 3.1888 3.2524 3.2524 3.2524 3.1935 3.1669 3.1228 3.1228 3.1935 3.1935
3.6883 2.9162 3.4595 3.4595 3.4595 3.1173 4.2887 3.9478 3.9478 3.2752 2.6577 3.0712 3.2701 3.2683 3.2683 3.2683 3.2683 3.2683 2.8979 3.2782 3.3152 3.3463 3.3718 3.3882 3.3958 3.3950 3.3861 3.3552 3.2581 3.2581 3.2581 3.1796 3.1796 3.5190 3.4612 3.4612 3.4612 3.5866 3.6193 3.5857 3.6434 3.6046 3.6046 3.5427 3.5427 4.0698 3.9756 3.9756 3.1281 3.1900 3.2742 3.2742 3.2435 3.2435 3.2435 3.1813 3.1813 3.2435 3.2435 3.2435 3.2435 3.2366 3.1616 3.2524 3.2524 3.2524 3.1669 3.1669 3.1228 3.1228 3.1228
3.3263 3.2801 3.3344 3.6883 3.6883 3.6883 3.7367 4.2184 5.0207 5.0207 3.1351 2.6818 2.8978 3.2683 3.2683 3.2683 3.2683 3.2683 3.2683 3.2623 3.2974 3.3269 3.3506 3.3650 3.3707 3.3691 3.3614 3.3058 3.2752 3.2581 3.2581 3.1796 3.1796 3.5190 3.4612 3.4612 3.4612 3.4399 3.4677 3.4847 3.5015 3.5644 3.6046 3.6046 3.6046 3.6046 3.9755 3.9755 3.9755 3.1900 3.2742 3.2742 3.2435 3.2435 3.2435 3.1813 3.1813 3.1813 3.1813 3.2435 3.2435 3.2435 3.1544 3.1788 3.1788 3.2641 3.1788 3.1788 3.1788 3.1788 3.1788
3.3263 3.3344 3.3344 3.6883 3.6883 3.6883 4.2184 4.2184 4.2198 3.1583 3.2701 3.2683 3.1495 3.1424 3.1459 3.2683 3.2683 3.2683 3.2683 2.8978 3.2053 3.3174 3.3388 3.3504 3.3534 3.3504 3.3440 3.2763 3.2654 3.2671 3.2740 3.3341 3.1198 3.4612 3.4612 3.4612 3.4612 3.4335 3.0959 3.1170 3.5015 3.6046 3.6046 3.6046 3.6046 3.6046 3.9755 3.9755 3.9755 4.1318 3.2361 3.2742 3.2435 3.2435 3.2435 3.1814 3.2435 3.1814 3.2435 3.2435 3.2435 3.2435 3.2569 3.1788 3.1788 3.2641 3.2641 3.2641 3.2641 3.1996 3.2641
3.3344 3.3344 3.3344 3.3344 3.3344 3.6576 5.0207 4.2198 4.2198 3.2701 3.2701 3.2701 3.2409 3.1459 3.2683 3.2683 3.2683 3.2683 3.2683 3.2683 3.1595 3.3778 3.3983 3.4078 3.3488 3.3449 3.3400 3.2719 3.2722 3.2903 3.3154 3.3336 3.3676 3.4112 3.4612 3.4612 3.4725 3.0792 3.0902 3.1117 3.1401 3.6046 3.5644 3.6046 3.6046 3.6046 3.5427 3.9755 3.9755 4.1958 3.8812 3.2742 3.2435 3.2435 3.2435 3.2435 3.2435 3.2435 3.2435 3.2435 3.2435 3.2435 3.2569 3.1743 3.1788 3.1788 3.1788 3.2641 3.1788 3.1761 3.2641
3.3022 5.0207 5.0207 5.0207 3.3344 3.3263 5.0207 5.0207 3.7516 3.2701 3.2701 3.2701 3.2701 3.2683 3.3262 3.2683 3.2683 3.2683 3.2683 3.3262 3.2225 3.3321 3.3520 3.4212 3.3614 3.3580 3.3553 3.3567 3.3633 3.3752 3.3832 3.4051 3.4291 3.4624 3.4756 3.4792 3.4825 3.0793 3.0870 3.0975 3.1279 3.6046 3.6046 3.6046 3.6046 3.6046 3.6046 3.4923 3.9755 4.1958 4.5217 3.7610 3.2435 3.2435 3.2435 3.2435 3.2435 3.2435 3.1569 3.2435 3.2435 3.2435 3.2641 3.1544 3.1256 3.1788 3.1788 3.1788 3.1788 3.1761 3.2600
5.0207 5.0207 5.0207 3.3022 3.3022 5.0207 5.0207 4.2199 3.7516 3.2701 3.2701 3.3342 5.0085 3.2701 3.2683 3.2683 3.2683 3.2683 3.2683 3.3262 3.3377 3.3801 3.3792 3.4508 3.3926 3.3917 3.3916 3.3961 3.4051 3.4181 3.4261 3.4452 3.4641 3.5203 3.5209 3.5147 3.5085 3.0815 3.0860 3.0942 3.1113 3.6046 3.6046 3.6046 3.6046 3.6046 3.6046 3.4560 3.2956 3.9953 4.5217 3.8390 3.5853 3.2366 3.2435 3.1792 3.2435 3.2396 3.1543 3.1569 3.2435 3.2435 3.2641 3.1788 3.1544 3.1788 3.1788 3.1788 3.1788 3.2641 3.2641
5.0222 5.0222 5.0222 5.0222 5.0222 4.2781 4.2781 3.7132 3.7516 3.2701 3.3262 3.3262 5.0085 5.0085 3.2701 3.2701 3.3342 3.2683 3.2683 3.3262 3.3377 3.6820 3.0452 3.4297 3.4356 3.4377 3.4401 3.4459 3.4552 3.4670 3.4725 3.5563 3.5857 3.5646 3.5610 3.5170 3.5146 3.0852 3.0865 3.0923 3.4635 3.6046 3.6046 3.6046 3.6046 3.6046 3.6046 3.4560 3.4560 3.9953 4.5217 4.1278 4.1278 4.1630 4.5078 4.5078 4.9869 4.5078 3.8215 3.2435 3.2435 3.2435 4.0956 3.1788 3.1256 3.1256 3.1788 3.1788 3.1743 3.1788 3.1788
5.0222 5.0222 5.0222 5.0222 5.0222 4.2781 3.7880 3.9296 3.9296 3.3160 3.2765 3.9989 5.0059 5.0059 3.2164 3.2164 3.2164 3.2164 3.2164 3.2765 3.5763 3.5763 3.5763 3.0311 3.4840 3.4885 3.4920 3.4976 3.5052 3.5140 3.5160 3.5857 3.5857 3.5857 3.5797 3.5326 3.0943 3.0894 3.0878 3.0912 3.4591 3.6046 3.6046 3.6046 3.5427 3.5427 3.0968 3.4560 3.4560 3.4923 3.9755 3.2927 4.1310 3.2927 4.5078 4.9869 4.9869 4.5078 4.0025 3.6991 3.1792 4.0020 3.9946 4.0397 3.1544 3.1256 3.1256 3.1256 4.9853 3.1788 3.1284
3.4741 3.4483 5.0222 5.0222 5.0222 3.7978 3.9296 3.2611 3.5822 3.9989 3.9989 3.9989 5.0059 5.0059 3.2164 3.2164 3.2164 3.2164 3.2164 3.4520 3.5801 3.5392 3.5771 3.6381 3.0697 3.5057 3.5091 3.5129 3.5175 3.5225 3.5168 3.6158 3.6434 3.6434 3.6434 3.5795 3.1229 3.0933 3.0892 3.0904 3.0992 3.5155 4.9900 4.9900 4.9900 3.4923 3.4560 3.4560 3.4560 3.4560 3.2955 3.1088 3.1088 3.1088 3.0688 4.9869 4.9869 4.0025 3.7835 3.1382 4.3444 4.0625 4.0702 4.9853 3.1946 3.1946 3.1256 3.1788 3.1788 3.1788 2.5128
3.4741 3.4741 5.0222 5.0222 5.0222 3.7978 3.2371 3.5822 3.5822 3.9989 3.9989 3.9989 5.0059 5.0059 3.2164 3.2765 3.2765 3.2164 3.2164 3.4520 3.5212 3.5822 3.6694 3.6131 3.5231 3.0866 3.5503 3.5509 3.5514 3.5519 3.5413 3.6179 3.6166 3.5046 3.5046 3.1206 3.1054 3.0783 3.0727 3.0720 3.0784 3.5060 4.9645 4.9645 3.5427 3.6046 3.4560 3.4899 3.4560 3.4560 2.5353 3.0270 3.5534 2.5231 2.9551 3.1476 3.2926 3.2926 2.5231 2.9883 2.5231 2.5231 4.4497 3.2860 3.2641 3.2641 3.2641 3.2641 3.2641 3.1788 2.5128
3.4172 3.3078 3.2996 5.0222 5.0222 5.0222 3.2371 3.7187 3.2324 3.3161 3.9989 4.6716 5.0059 5.0059 5.0059 3.2765 3.2765 3.2164 3.2164 3.4575 3.0473 3.5711 3.6058 3.6831 3.6191 3.0675 3.5535 3.5790 3.5752 3.5712 3.5564 3.5561 3.5526 3.5046 3.5046 3.1206 3.1052 3.0919 3.0395 2.7655 3.0772 3.4534 3.5662 3.4978 3.4978 3.6266 3.4978 3.4978 3.4978 3.4978 2.8700 2.8496 2.8496 3.3965 2.9361 3.1269 3.2001 3.1284 2.6584 3.2271 2.6584 2.5128 3.1284 3.2641 3.2641 3.1997 3.1788 3.2641 3.1788 3.1284 3.8043
3.1826 3.3078 3.3078 3.2502 5.0222 5.0222 5.0222 3.5715 3.2371 3.6977 3.2397 4.2287 5.0059 5.0059 5.0059 5.0059 3.9989 3.2164 3.2164 3.4575 3.4575 3.0675 3.6350 4.1057 3.8044 3.8008 3.4575 3.5079 3.5901 3.5628 3.5517 3.6692 3.1205 3.7082 3.7082 3.6694 3.6303 3.5124 3.5774 3.1056 2.6476 3.5655 3.7268 3.7268 3.7268 3.4978 3.7268 3.5662 3.6879 3.7268 3.6869 3.6571 3.6571 3.6571 4.0870 3.9734 3.4180 3.4289 3.4768 3.2211 3.4351 3.5961 3.1874 3.2715 3.2715 2.6000 3.2127 3.1284 3.1284 3.1284 2.5128
3.3078 3.3078 3.2284 5.0223 3.2285 3.1836 5.0223 3.8033 3.7132 3.2397 3.1997 4.2287 4.2287 4.5650 5.0059 5.0059 5.0059 3.2164 3.4520 3.4575 3.4575 3.4575 3.4575 4.9993 4.9993 4.9993 3.6766 2.8666 3.5424 3.0970 3.5046 3.5517 3.5517 3.7082 3.6694 3.6694 3.6692 3.7082 3.6694 3.6694 3.2221 3.3008 3.7268 3.7268 3.7268 3.7268 3.7268 3.6879 3.6879 3.7268 3.6869 3.6571 3.6982 3.6982 4.1923 4.5135 4.5135 3.4317 4.2285 3.7129 3.7129 3.7484 3.5434 4.9799 4.9799 2.8718 3.2127 3.1402 3.1874 3.1874 3.1986
3.6594 3.3078 3.2324 3.2746 3.2746 5.0223 5.0223 5.0223 3.9391 3.2397 3.2397 4.5245 3.7608 3.7608 5.0059 5.0059 5.0059 3.1201 3.4520 3.4575 3.4575 3.4575 4.9993 4.9993 4.9993 4.9993 4.9993 3.5424 2.9605 3.6361 3.1205 3.1205 3.6241 3.6694 3.6694 3.7402 3.6692 3.7082 3.6694 3.6694 3.2221 3.6869 3.7268 3.7268 4.9645 3.7268 3.7268 3.7243 3.6879 3.7268 3.6869 3.6571 3.6982 3.6982 4.5135 4.5135 4.5135 4.5135 4.5135 4.5135 3.7129 3.7484 4.9799 4.9799 4.9799 4.9799 2.6000 3.2127 3.1874 3.1874 3.2194
3.2502 3.2502 3.3078 3.3078 5.0223 5.0223 5.0223 3.7132 3.3043 3.2090 3.7314 4.5280 4.2287 3.2903 3.2903 5.0060 3.7711 3.4520 3.4520 3.4575 3.4575 3.4575 4.9993 4.9993 4.9993 4.9993 4.9993 4.9993 3.6766 3.4575 3.5517 3.1205 3.1764 3.7082 3.7082 3.6692 3.6692 3.7082 3.7082 3.6694 3.6869 3.6869 3.6869 3.6869 3.6719 4.9645 3.6879 3.6879 3.6879 3.7268 3.6869 3.6571 3.6982 3.6982 4.5135 4.5135 4.5135 4.5135 4.5135 4.5135 3.6877 4.9799 4.9799 4.9799 4.9799 4.9799 2.8718 2.8718 3.2715 3.2715 3.1874
3.2502 3.3078 3.3078 3.3078 5.0223 5.0223 5.0223 3.7889 3.1997 3.2090 3.2227 4.5280 3.2415 3.2848 3.3161 4.5280 4.1825 3.4520 3.4520 3.4575 3.4575 3.4575 4.9994 4.9994 4.9994 4.9994 4.9994 4.9994 3.6624 3.6766 3.4705 3.5517 3.5517 3.7082 3.7082 3.6692 3.6692 3.7082 3.7082 3.6694 3.6869 3.6869 3.6869 3.6869 3.7268 4.9645 3.6879 3.7268 3.7268 3.6869 3.6869 3.6982 3.6982 3.5338 3.6586 4.5135 4.5135 4.5135 4.5135 4.5135 4.5178 4.9800 4.9800 4.9800 4.9800 4.9800 4.9800 4.9800 3.2379 3.1874 3.1874
3.6340 3.2786 3.3078 3.3078 5.0223 5.0223 5.0223 5.0223 3.7898 3.2090 3.2227 3.2227 3.2716 3.3161 3.3161 4.1428 3.9121 3.4519 3.4519 3.4575 3.4575 3.4575 4.9994 4.9994 4.9994 4.9994 4.9994 4.9994 4.9994 3.6303 3.0918 3.5124 3.5517 3.7082 3.6692 3.6692 3.7082 3.7082 3.7082 3.6694 3.6869 3.6869 3.6879 3.6869 3.6869 3.7268 4.9646 4.9646 3.6879 4.1910 3.6571 3.6982 3.6982 3.5338 3.6982 3.6571 4.1138 4.1777 4.5135 4.5135 3.3078 4.9800 4.9800 4.9800 4.9800 4.9800 4.9800 4.9800 4.9800 3.2260 3.1212
3.6396 3.2706 3.2786 3.2786 5.0088 5.0088 5.0088 5.0088 5.0027 5.0027 3.1602 3.2003 3.2809 3.2990 3.2848 3.9762 3.7833 3.4519 3.4519 3.4574 3.4574 3.4574 4.9994 4.9994 4.9994 4.9994 4.9994 4.9994 4.9994 4.2553 3.6303 3.0918 3.7285 3.7082 3.6692 3.6692 3.6692 3.6692 3.6692 3.6694 3.6869 3.6869 3.6879 3.6869 3.6869 3.7025 3.7425 4.9646 3.6879 3.6869 3.6571 3.6571 3.6571 3.6982 3.6982 3.6571 3.6571 3.6046 3.3078 3.3078 3.3078 3.3088 4.9800 4.9800 3.5308 4.9800 4.9800 4.9800 4.9800 4.9800 3.1664
3.6071 3.6071 3.2200 3.2706 3.2706 5.0088 5.0088 5.0088 5.0028 5.0028 5.0028 3.2309 3.3698 3.4414 3.1440 3.0909 3.2016 3.4165 3.4165 3.4532 3.4532 3.4532 3.4532 4.9925 4.9925 4.9925 4.9994 4.9994 4.9994 4.9776 4.9776 3.1204 3.1204 3.7082 3.6692 3.6692 3.6692 3.6692 3.6692 3.6694 3.6869 3.6869 3.6869 3.6869 3.6869 3.6869 4.0302 3.7425 3.7425 3.7268 3.6571 3.6571 3.6571 3.6571 3.6982 3.6571 3.6571 3.6132 3.3078 3.3078 3.3078 3.5746 3.5746 3.5746 3.5746 4.9800 4.9800 4.9800 4.9800 4.9800 3.1818
3.6340 3.5683 3.6012 3.2706 3.1092 3.2448 5.0088 5.0088 5.0028 5.0028 3.7711 3.2003 3.3082 3.4287 3.4953 3.5866 3.7701 3.4165 3.4165 3.4532 3.4532 3.4532 3.4532 3.4821 4.9925 4.9925 4.9925 4.9925 4.9925 4.9899 3.6639 3.5407 3.0917 3.7035 3.6639 3.6639 3.7035 3.6303 3.6694 3.7082 3.7268 3.7268 3.7268 3.6869 3.6869 3.7425 3.4626 3.4626 3.6266 3.7268 3.6982 3.6571 3.6571 3.6982 3.6571 3.6571 3.6571 3.6571 3.6159 3.6159 3.5758 3.5746 3.5746 3.5746 3.5746 4.9800 4.9800 4.9800 4.9800 4.9800 3.3120
3.6340 3.6012 3.6012 3.2448 3.2298 3.2786 5.0088 5.0088 5.0028 5.0028 3.7711 3.1440 3.1960 3.4837 3.4224 3.4695 3.5081 3.1410 3.0523 3.4532 3.4532 3.4532 3.4532 3.4532 3.4821 4.9925 4.9925 4.9925 4.9925 3.7481 3.7035 3.6030 2.9470 3.6639 3.6639 3.7035 3.7035 3.6631 3.6631 3.6631 3.7004 3.7396 3.7024 3.7004 3.4867 3.7185 3.4867 3.5105 3.5244 3.7268 4.9755 3.6571 3.6982 3.6982 3.6571 3.6571 3.6571 3.6571 3.3078 3.5758 3.5758 3.5746 3.5746 3.5746 3.5746 4.9800 4.9800 4.9800 4.9800 4.9800 3.2416
5.0088 3.7105 3.1777 3.1777 3.2786 3.2786 5.0088 5.0088 5.0028 5.0028 5.0028 3.2865 3.1784 3.3277 3.3824 3.4363 3.4847 3.5224 3.5117 3.4532 3.5765 3.5765 3.5765 3.4532 3.4821 3.7482 4.9925 4.9925 4.9925 3.6702 3.7035 3.6030 3.6030 3.0917 3.6639 3.7035 3.7035 3.6631 3.6631 3.6631 3.7004 3.7396 3.7396 3.7004 3.4867 3.1188 3.1188 3.5107 3.6408 3.7396 3.7526 3.7526 3.7526 3.7138 3.7138 3.7138 3.7138 3.7138 3.6366 3.6366 3.6366 3.5746 3.5746 3.5746 3.3649 3.5746 4.9800 4.9800 4.9800 4.9800 3.2715
5.0088 5.0088 5.0088 2.6429 3.2786 3.2786 3.2786 5.0088 5.0028 5.0028 5.0028 3.2542 3.2222 2.9172 2.9523 3.4081 3.4675 3.4933 3.0686 3.4532 3.5765 3.5765 3.5765 3.5765 3.4821 3.4821 3.4821 3.4855 3.5417 3.6702 3.7752 3.6030 3.6030 3.0917 3.5407 3.7035 3.7035 3.6631 3.7075 3.7185 4.1963 3.7004 3.7024 3.6408 3.5244 3.1358 3.5102 3.5158 3.6408 3.6408 3.6520 3.6520 3.7507 3.7138 3.7138 3.7138 3.7138 3.7138 3.7526 3.7526 3.5966 3.5966 3.5966 3.5966 3.3542 3.6234 4.9644 4.9644 4.9644 4.9644 3.2853
5.0089 5.0089 5.0089 3.2471 3.2786 3.2786 5.0089 5.0089 5.0028 5.0028 5.0028 3.2003 2.6332 3.2194 3.2722 3.4532 3.4586 3.0504 3.0685 3.4532 3.4532 3.5765 3.5765 3.6147 3.6147 3.6147 3.6147 3.6147 4.0964 3.6030 3.6138 3.6030 3.4926 3.0917 3.7035 3.7035 3.7035 3.7075 3.7075 3.7186 4.1534 3.5390 3.5390 3.6408 3.6408 3.5244 3.5145 3.1435 3.1467 3.5244 3.5273 3.6520 3.7526 3.7138 3.7138 3.7138 3.7138 3.7138 3.7526 3.7526 3.6771 3.5966 3.5966 3.5966 3.3290 3.6234 4.9644 4.9644 4.9644 3.2795 4.6591
