test/test_data/or/available_water_capacity.asc
ncols         251
nrows         299
xllcorner     -1971403.1441
yllcorner     2336322.5259
cellsize      1000
NODATA_value  -9999
[rows 140 to 174 of 299, columns 156 to 233 of 251]
1.152 1.152 1.656 1.344 1.008 1.008 1.008 1.344 1.008 1.656 1.656 1.344 1.152 1.152 2.1 2.1 1.02 1.62 1.296 1.296 1.296 1.332 1.62 1.104 1.62 1.548 1.008 1.296 1.008 1.5 1.116 1.116 1.296 1.62 1.62 1.62 1.548 1.548 1.548 1.452 1.548 1.704 1.776 1.776 1.32 1.32 1.32 1.32 1.32 1.32 1.32 1.32 1.32 1.32 1.32 1.32 1.32 1.32 1.2 1.2 1.2 1.2 1.2 1.2 1.2 1.2 1.2 -9999 -9999 -9999 -9999 -9999 -9999 -9999 -9999 -9999 -9999 -9999
1.656 1.152 1.656 1.656 1.344 1.008 1.152 1.152 1.656 1.656 1.656 1.656 1.152 1.152 2.1 2.1 1.02 1.62 1.296 1.296 1.332 1.332 1.332 1.62 1.62 1.548 1.008 1.296 1.296 1.5 1.116 1.608 1.368 1.62 1.608 1.608 1.548 1.452 1.548 1.452 1.548 1.704 1.704 1.776 1.32 1.32 1.32 1.32 1.32 1.32 1.32 1.32 1.32 1.32 1.32 1.32 1.32 1.32 1.2 1.2 1.2 1.2 1.2 1.2 1.2 1.2 1.2 -9999 -9999 -9999 -9999 -9999 -9999 -9999 -9999 -9999 -9999 -9999
1.656 1.656 1.656 1.656 1.344 1.344 1.152 1.152 1.152 1.656 1.656 1.656 1.656 1.152 1.152 1.02 1.02 1.62 1.296 1.296 1.332 1.332 1.332 1.62 1.62 1.62 1.116 1.296 1.008 1.5 1.116 1.368 1.62 1.62 1.608 1.608 1.608 1.548 1.548 1.548 1.548 1.704 1.704 1.32 1.32 1.32 1.32 1.32 1.32 1.32 1.32 1.32 1.32 1.32 1.32 1.32 1.32 1.32 1.2 1.2 1.2 1.2 1.2 1.2 1.2 1.2 1.2 -9999 -9999 -9999 -9999 -9999 -9999 -9999 -9999 -9999 -9999 -9999
1.656 1.656 1.656 1.344 1.656 1.344 1.152 1.152 1.656 1.656 1.344 1.344 1.152 1.152 1.152 1.02 1.62 1.62 1.62 1.62 1.332 1.308 1.62 1.548 1.62 1.62 1.116 1.008 1.008 1.008 1.008 1.62 1.368 1.62 1.608 1.608 1.476 1.548 1.548 1.548 1.548 1.452 1.704 1.32 1.32 1.32 1.32 1.32 1.32 1.32 1.32 1.32 1.32 1.32 1.32 1.32 1.2 1.2 1.2 1.2 1.2 1.2 1.2 1.2 1.2 1.2 -9999 -9999 -9999 -9999 -9999 -9999 -9999 -9999 -9999 -9999 -9999 -9999
1.152 1.656 1.656 1.152 1.152 1.62 1.152 1.152 1.344 1.344 1.152 1.152 1.152 1.152 1.02 1.02 1.62 1.62 1.62 1.5 1.332 1.308 1.62 1.548 1.62 1.62 1.08 1.548 1.008 1.008 1.116 1.56 1.368 1.62 1.608 1.476 1.476 1.548 1.548 1.548 1.548 1.704 1.704 1.32 1.32 1.32 1.32 1.32 1.32 1.32 1.32 1.32 1.32 1.32 1.32 1.2 1.2 1.2 1.2 1.2 1.2 1.2 1.2 1.2 1.2 1.2 -9999 -9999 -9999 -9999 -9999 -9999 -9999 -9999 -9999 -9999 -9999 -9999
0.9959999 1.152 1.152 1.152 1.62 1.152 1.152 1.344 1.344 1.152 1.152 1.152 1.152 1.656 1.044 1.02 1.62 1.596 1.62 1.5 1.308 1.62 1.08 1.332 1.62 1.62 1.704 1.548 1.08 1.008 1.08 1.56 1.608 1.56 1.608 1.608 1.548 1.104 1.548 1.548 1.548 1.548 1.548 1.32 1.32 1.32 1.32 1.32 1.32 1.32 1.32 1.32 1.32 1.2 1.2 1.2 1.2 1.2 1.2 1.2 1.2 1.2 1.2 1.2 1.2 1.2 -9999 -9999 -9999 -9999 -9999 -9999 -9999 -9999 -9999 -9999 -9999 -9999
0.9959999 0.9959999 1.656 1.62 1.344 1.344 1.344 1.152 1.152 1.152 1.152 1.152 1.656 2.1 1.02 1.02 1.596 1.596 1.62 1.332 1.5 1.62 1.548 1.476 1.62 1.62 1.08 1.008 1.476 1.548 1.548 1.26 1.08 1.56 1.62 1.548 1.548 1.548 1.548 1.548 1.548 1.548 1.32 1.32 1.32 1.32 1.32 1.32 1.2 1.2 1.2 1.2 1.2 1.2 1.2 1.2 1.2 1.2 1.2 1.2 1.2 1.2 1.2 1.2 1.2 -9999 -9999 -9999 -9999 -9999 -9999 -9999 -9999 -9999 -9999 -9999 -9999 -9999
1.008 1.008 0.9959999 1.152 0.9959999 1.152 1.152 1.152 1.152 1.152 1.152 1.656 1.656 1.02 1.02 1.596 1.596 1.62 1.5 1.104 1.5 1.62 1.548 1.62 1.62 1.08 1.548 1.08 1.476 1.476 1.548 1.548 1.08 1.56 1.62 1.56 1.548 1.08 1.692 1.692 1.548 1.548 1.32 1.32 1.32 1.32 1.32 1.2 1.2 1.2 1.2 1.2 1.2 1.2 1.2 1.2 1.2 1.2 1.2 1.2 1.2 1.2 1.2 1.2 1.2 -9999 -9999 -9999 -9999 -9999 -9999 -9999 -9999 -9999 -9999 -9999 -9999 -9999
0.6720001 1.008 0.9959999 0.9959999 0.9959999 1.152 1.56 1.56 1.56 1.56 1.56 1.656 1.656 1.62 1.62 1.02 1.62 1.62 1.104 1.104 1.62 1.08 1.608 1.62 1.62 1.08 1.62 2.136 1.476 1.62 1.548 1.26 1.08 1.56 1.56 1.764 1.764 1.08 1.692 1.08 1.428 1.428 1.2 1.32 1.32 1.32 1.32 1.2 1.2 1.2 1.2 1.2 1.2 1.2 1.2 1.2 1.2 1.2 1.2 1.2 1.2 1.2 1.2 1.2 1.2 -9999 -9999 -9999 -9999 -9999 -9999 -9999 -9999 -9999 -9999 -9999 -9999 -9999
1.524 1.86 0.9959999 1.524 0.9959999 0.9959999 1.152 1.56 2.1 1.656 1.656 1.656 1.2 1.02 1.02 1.02 1.104 1.62 1.104 1.716 1.62 1.08 1.608 1.62 1.62 1.08 1.62 1.476 1.62 1.62 1.26 1.26 1.26 1.452 1.68 1.764 1.356 1.08 1.08 1.08 1.08 1.08 1.2 1.2 1.2 1.2 1.2 1.2 1.2 1.2 1.2 1.2 1.2 1.2 1.2 1.2 1.2 1.2 1.2 1.2 1.2 1.2 1.2 1.2 1.2 -9999 -9999 -9999 -9999 -9999 -9999 -9999 -9999 -9999 -9999 -9999 -9999 -9999
0.6720001 0.6720001 0.6720001 1.524 0.6720001 0.6720001 0.9959999 2.1 1.656 1.152 1.152 1.656 1.2 1.632 1.548 1.62 1.104 1.62 1.62 1.62 1.716 1.548 1.476 1.62 1.62 1.08 1.62 1.476 1.62 1.476 1.26 1.26 1.452 1.452 1.68 1.764 1.74 1.452 1.74 1.08 1.08 1.2 1.2 1.2 1.2 1.2 1.2 1.2 1.2 1.2 1.2 1.2 1.2 1.2 1.2 1.2 1.2 1.2 1.2 1.2 1.2 1.2 1.2 1.2 -9999 -9999 -9999 -9999 -9999 -9999 -9999 -9999 -9999 -9999 -9999 -9999 -9999 -9999
0.9480001 0.6720001 0.6720001 0.6720001 0.6720001 0.6720001 0.6720001 0.9959999 1.152 1.152 1.152 1.656 1.02 2.1 2.1 1.632 1.632 1.56 1.56 1.488 1.488 1.608 1.62 1.476 1.08 1.08 1.476 1.476 1.62 1.62 1.62 1.26 1.452 1.452 1.452 1.452 1.74 1.74 1.74 1.452 1.08 1.2 1.2 1.2 1.2 1.2 1.2 1.2 1.2 1.2 1.2 1.2 1.2 1.2 1.2 1.2 1.2 1.2 1.2 1.2 1.2 1.2 1.2 1.2 -9999 -9999 -9999 -9999 -9999 -9999 -9999 -9999 -9999 -9999 -9999 -9999 -9999 -9999
1.044 1.044 1.044 0.9480001 0.6720001 0.6720001 0.6720001 0.9959999 1.152 1.152 1.152 1.656 1.632 1.548 2.1 1.044 1.56 1.02 1.56 1.488 1.656 1.608 1.62 1.62 1.62 1.62 1.368 1.476 1.62 1.26 1.368 1.116 1.548 1.368 1.452 1.548 1.74 1.74 1.74 1.776 1.776 1.2 1.2 1.2 1.2 1.2 1.2 1.2 1.2 1.2 1.2 1.2 1.2 1.2 1.2 1.2 1.2 1.2 1.2 1.2 1.2 1.2 1.2 1.2 -9999 -9999 -9999 -9999 -9999 -9999 -9999 -9999 -9999 -9999 -9999 -9999 -9999 -9999
1.044 1.044 1.044 1.44 1.44 0.6720001 0.6720001 0.9959999 1.152 1.152 1.152 1.2 1.548 1.548 2.1 1.044 1.56 1.56 1.56 1.656 1.656 1.476 1.62 1.62 1.62 1.68 1.62 1.476 1.476 1.26 1.368 1.368 1.368 1.368 1.452 1.548 1.548 1.776 1.776 1.776 1.776 2.16 2.16 2.16 1.2 1.2 1.2 1.2 1.2 1.2 1.2 1.2 1.2 1.2 1.2 1.2 1.2 1.08 1.08 1.08 1.2 1.2 1.2 -9999 -9999 -9999 -9999 -9999 -9999 -9999 -9999 -9999 -9999 -9999 -9999 -9999 -9999 -9999
1.44 1.44 1.44 1.44 1.44 1.044 0.6720001 0.6720001 1.152 1.152 1.656 1.548 1.548 1.02 2.1 1.548 1.02 2.292 1.56 1.56 1.656 1.476 1.68 1.62 1.62 1.68 1.02 1.62 1.476 1.104 1.104 1.368 1.368 1.452 1.548 1.548 1.548 2.172 1.776 1.596 2.16 2.16 2.16 1.2 1.2 1.2 1.2 1.2 1.2 1.2 1.2 1.2 1.2 1.2 1.2 1.2 1.08 1.08 1.08 1.08 1.08 1.2 1.2 -9999 -9999 -9999 -9999 -9999 -9999 -9999 -9999 -9999 -9999 -9999 -9999 -9999 -9999 -9999
1.44 1.44 1.44 1.44 1.44 1.44 0.6720001 0.6720001 0.9959999 1.152 1.656 1.548 1.548 1.548 1.56 1.548 1.02 2.292 1.02 1.632 1.62 1.488 1.488 1.02 1.548 1.632 1.632 1.104 1.104 1.62 1.104 1.368 1.368 1.548 1.548 1.548 1.764 1.104 1.584 1.584 1.2 1.2 1.2 1.2 1.2 1.2 1.2 1.2 1.2 1.2 1.2 1.2 1.2 1.2 1.2 1.2 1.08 1.08 1.08 1.08 1.08 1.08 1.2 -9999 -9999 -9999 -9999 -9999 -9999 -9999 -9999 -9999 -9999 -9999 -9999 -9999 -9999 -9999
1.44 1.44 1.044 1.44 1.044 0.372 1.044 0.6720001 0.9959999 1.2 1.656 1.548 1.548 1.548 1.02 1.632 1.02 1.656 1.488 1.692 1.02 1.488 1.488 1.548 1.548 1.548 2.292 1.104 1.104 1.62 1.62 1.104 1.104 1.548 1.548 1.764 1.764 1.584 1.548 1.548 1.2 1.2 1.2 1.2 1.2 1.2 1.2 1.2 1.2 1.2 1.2 1.2 1.2 1.2 1.2 1.08 1.08 1.08 1.08 1.08 1.08 1.08 1.2 -9999 -9999 -9999 -9999 -9999 -9999 -9999 -9999 -9999 -9999 -9999 -9999 -9999 -9999 -9999
1.044 1.044 1.044 1.44 0.372 0.372 1.044 0.6720001 0.9959999 1.152 1.656 1.548 1.548 1.548 2.1 1.56 1.56 1.656 1.632 1.548 2.292 1.488 1.488 1.548 1.548 1.548 1.548 1.548 1.104 1.62 1.104 1.764 1.452 1.764 1.764 1.764 1.764 1.548 1.584 1.548 1.2 1.2 1.2 1.2 1.2 1.2 1.2 1.2 1.2 1.2 1.2 1.2 1.2 1.2 1.2 1.08 1.08 1.08 1.08 1.08 1.08 1.08 -9999 -9999 -9999 -9999 -9999 -9999 -9999 -9999 -9999 -9999 -9999 -9999 -9999 -9999 -9999 -9999
1.44 1.44 1.44 1.044 0.372 0.372 1.044 0.9959999 1.152 1.656 2.1 1.548 1.02 1.2 1.02 1.56 1.56 1.632 1.548 2.292 2.292 1.488 1.488 1.548 1.548 1.488 1.548 1.548 1.548 1.62 1.104 1.764 1.764 1.776 1.764 1.764 1.584 1.74 1.584 1.548 1.2 1.2 1.2 1.2 1.2 1.2 1.2 1.2 1.2 1.2 1.2 1.2 1.2 1.2 1.2 1.08 1.08 1.08 1.08 1.08 1.08 1.2 -9999 -9999 -9999 -9999 -9999 -9999 -9999 -9999 -9999 -9999 -9999 -9999 -9999 -9999 -9999 -9999
0.6720001 1.44 1.44 0.372 1.164 1.164 0.6720001 0.6720001 0.9959999 1.2 2.1 2.1 2.1 2.1 1.02 1.548 1.656 1.488 1.488 1.02 1.488 2.292 1.548 1.548 1.548 1.548 1.548 1.548 1.548 1.548 1.488 1.584 1.764 1.764 1.764 1.74 1.74 1.548 1.584 1.2 1.2 1.2 1.2 1.2 1.2 1.2 1.2 1.2 1.2 1.2 1.2 1.2 1.2 1.2 1.08 1.08 1.08 1.08 1.08 1.08 1.08 1.2 -9999 -9999 -9999 -9999 -9999 -9999 -9999 -9999 -9999 -9999 -9999 -9999 -9999 -9999 -9999 -9999
0.744 0.6720001 1.164 0.6720001 0.6720001 1.164 0.6720001 0.6720001 1.548 1.02 1.02 1.548 1.548 1.548 1.548 1.656 1.656 1.656 1.116 1.548 1.548 1.02 1.488 1.488 1.548 1.548 1.548 1.548 1.548 1.548 1.548 1.548 1.584 1.512 1.512 1.74 1.548 1.656 1.656 1.2 1.2 1.2 1.2 1.2 1.2 1.2 1.2 1.2 1.2 1.2 1.2 1.2 1.2 1.08 1.08 1.08 1.08 1.08 1.08 1.08 1.08 -9999 -9999 -9999 -9999 -9999 -9999 -9999 -9999 -9999 -9999 -9999 -9999 -9999 -9999 -9999 -9999 -9999
0.744 0.6720001 0.6720001 0.6720001 0.6720001 1.164 0.6720001 0.6720001 2.1 1.2 1.236 1.236 1.632 1.548 1.548 1.656 1.656 1.656 1.116 1.656 1.656 1.548 2.292 1.488 1.488 1.488 1.488 1.548 1.548 1.548 1.548 1.704 1.584 1.512 1.512 1.548 1.02 1.548 1.656 1.2 1.2 1.2 1.2 1.2 1.2 1.2 1.2 1.2 1.2 1.2 1.2 1.2 1.08 1.08 1.08 1.08 1.08 1.08 1.08 1.08 1.08 -9999 -9999 -9999 -9999 -9999 -9999 -9999 -9999 -9999 -9999 -9999 -9999 -9999 -9999 -9999 -9999 -9999
1.2 0.744 0.6720001 0.6720001 0.6720001 0.6720001 0.6720001 0.6720001 1.656 2.1 1.632 1.02 1.236 1.548 1.632 1.656 1.656 1.656 1.656 1.656 1.656 1.548 1.02 1.548 1.692 1.992 1.548 1.548 1.992 1.548 1.704 1.704 1.992 1.584 1.584 1.548 1.656 1.632 1.656 1.2 1.2 1.2 1.2 1.2 1.2 1.2 1.2 1.2 1.2 1.2 1.2 1.2 1.08 1.08 1.08 1.08 1.08 1.08 1.08 1.08 1.08 -9999 -9999 -9999 -9999 -9999 -9999 -9999 -9999 -9999 -9999 -9999 -9999 -9999 -9999 -9999 -9999 -9999
1.236 1.152 0.744 0.6720001 0.6720001 0.6720001 0.6720001 1.152 1.152 1.656 1.632 1.236 1.236 1.236 1.656 1.656 1.74 1.74 1.656 1.656 1.656 1.632 1.548 1.548 1.692 1.692 1.548 1.548 1.584 1.704 1.992 1.512 1.512 1.512 1.704 1.584 1.824 1.02 1.2 1.2 1.2 1.2 1.2 1.2 1.2 1.2 1.2 1.2 1.2 1.2 1.2 1.2 1.2 1.08 1.08 1.08 1.08 1.08 1.08 1.2 1.08 -9999 -9999 -9999 -9999 -9999 -9999 -9999 -9999 -9999 -9999 -9999 -9999 -9999 -9999 -9999 -9999 -9999
1.2 1.02 1.8 1.152 0.6720001 0.6720001 0.6720001 1.152 1.152 1.656 2.1 1.632 1.236 1.236 1.632 1.656 1.656 1.656 1.632 1.656 1.02 1.548 1.02 1.488 1.992 1.548 1.656 1.992 1.656 1.992 1.992 1.512 1.512 1.512 1.992 1.02 1.632 1.824 1.2 1.2 1.2 1.2 1.2 1.2 1.2 1.2 1.2 1.2 1.2 1.2 1.2 1.2 1.2 1.08 1.08 1.08 1.08 1.08 1.08 1.2 -9999 -9999 -9999 -9999 -9999 -9999 -9999 -9999 -9999 -9999 -9999 -9999 -9999 -9999 -9999 -9999 -9999 -9999
1.2 1.236 1.236 1.2 1.2 0.9959999 0.6720001 1.152 1.152 1.152 2.1 1.548 1.236 1.02 1.932 1.656 1.656 1.656 1.656 1.932 1.02 1.02 1.992 1.632 1.548 1.488 1.548 1.656 1.488 1.548 1.02 1.512 1.02 1.02 1.02 1.02 1.656 1.656 1.2 1.2 1.2 1.2 1.2 1.2 1.2 1.2 1.2 1.2 1.2 1.2 1.2 1.2 1.2 1.08 1.08 1.08 1.08 1.08 1.2 1.2 -9999 -9999 -9999 -9999 -9999 -9999 -9999 -9999 -9999 -9999 -9999 -9999 -9999 -9999 -9999 -9999 -9999 -9999
1.236 1.236 1.236 2.1 2.1 0.9959999 0.9959999 0.6720001 1.152 1.152 1.2 1.632 1.548 1.548 1.548 1.656 1.656 1.02 1.02 1.656 1.02 1.74 1.02 1.488 1.02 1.02 1.548 1.548 1.488 1.548 1.02 1.992 1.02 1.632 1.488 1.656 1.02 1.656 1.2 1.2 1.2 1.2 1.2 1.2 1.2 1.2 1.2 1.2 1.2 1.2 1.2 1.2 1.2 1.08 1.08 1.08 1.08 1.08 1.2 1.2 -9999 -9999 -9999 -9999 -9999 -9999 -9999 -9999 -9999 -9999 -9999 -9999 -9999 -9999 -9999 -9999 -9999 -9999
1.236 1.236 1.236 1.236 2.1 1.488 1.2 0.9959999 1.08 1.152 1.548 1.548 1.548 1.656 1.548 1.656 1.548 1.824 1.824 1.02 1.656 1.656 1.656 1.656 1.02 1.8 1.656 1.488 1.548 1.548 1.02 1.992 1.656 1.74 1.656 1.656 1.656 1.824 1.2 1.2 1.2 1.2 1.2 1.2 1.2 1.2 1.2 1.2 1.2 1.2 1.2 1.2 1.2 1.08 1.08 1.08 1.08 1.08 1.2 -9999 -9999 -9999 -9999 -9999 -9999 -9999 -9999 -9999 -9999 -9999 -9999 -9999 -9999 -9999 -9999 -9999 -9999 -9999
1.236 1.236 1.236 1.236 2.1 2.1 1.488 1.152 1.08 1.08 1.152 1.548 1.548 1.656 1.632 1.656 1.656 1.488 1.632 1.656 1.656 1.656 1.656 1.656 1.656 1.656 1.656 1.8 1.8 1.656 1.632 1.992 1.74 1.74 1.656 1.656 1.656 1.2 1.2 1.2 1.2 1.2 1.2 1.2 1.2 1.2 1.2 1.2 1.2 1.2 1.2 1.2 1.2 1.2 1.08 1.08 1.08 1.08 1.2 -9999 -9999 -9999 -9999 -9999 -9999 -9999 -9999 -9999 -9999 -9999 -9999 -9999 -9999 -9999 -9999 -9999 -9999 -9999
1.236 1.236 1.716 1.716 1.716 1.488 1.488 1.488 1.62 1.488 1.2 0.9959999 1.548 1.02 1.548 1.548 1.488 1.824 1.548 1.548 1.656 1.02 1.656 1.632 1.656 1.656 1.8 1.8 1.8 1.8 1.632 1.98 1.632 1.656 1.656 1.656 1.656 1.2 1.2 1.2 1.2 1.2 1.2 1.2 1.2 1.2 1.2 1.2 1.2 1.2 1.2 1.2 1.2 1.2 1.08 1.08 1.08 1.08 1.2 -9999 -9999 -9999 -9999 -9999 -9999 -9999 -9999 -9999 -9999 -9999 -9999 -9999 -9999 -9999 -9999 -9999 -9999 -9999
1.236 1.236 1.716 1.716 1.716 1.716 1.488 1.488 1.488 1.656 2.1 0.9959999 0.9959999 1.632 1.488 1.548 1.548 1.488 1.548 1.548 1.632 1.656 1.656 1.932 1.656 1.656 1.656 1.8 1.632 2.172 1.02 1.02 1.632 1.824 1.656 1.656 1.656 1.2 1.2 1.2 1.2 1.2 1.2 1.2 1.2 1.2 1.2 1.2 1.2 1.2 1.2 1.2 1.2 1.2 1.08 1.08 1.08 0.84 0.84 -9999 -9999 -9999 -9999 -9999 -9999 -9999 -9999 -9999 -9999 -9999 -9999 -9999 -9999 -9999 -9999 -9999 -9999 -9999
1.236 1.236 1.716 1.716 1.716 1.716 1.716 1.116 1.548 1.548 1.548 0.9959999 1.872 0.9959999 1.632 2.1 1.548 1.548 1.548 1.548 1.548 0.648 1.656 1.656 1.656 1.656 1.632 1.656 2.172 1.656 1.656 1.548 1.02 1.02 1.656 1.02 1.02 1.2 1.2 1.2 1.2 1.2 1.2 1.2 1.2 1.2 1.2 1.2 1.2 1.2 1.2 1.2 1.2 1.2 1.2 1.08 1.08 1.08 -9999 -9999 -9999 -9999 -9999 -9999 -9999 -9999 -9999 -9999 -9999 -9999 -9999 -9999 -9999 -9999 -9999 -9999 -9999 -9999
1.236 1.236 1.716 1.716 1.716 1.716 1.716 1.116 2.148 1.488 1.656 1.548 0.9959999 0.9959999 0.9959999 0.9959999 2.1 1.548 1.548 1.488 1.656 1.656 1.656 1.656 1.656 1.02 1.632 1.656 1.98 1.656 1.656 1.5 1.548 1.488 1.656 1.656 1.656 1.2 1.2 1.2 1.2 1.2 1.2 1.2 1.2 1.2 1.2 1.2 1.2 1.2 1.2 1.2 1.2 1.2 1.2 1.2 1.08 1.08 -9999 -9999 -9999 -9999 -9999 -9999 -9999 -9999 -9999 -9999 -9999 -9999 -9999 -9999 -9999 -9999 -9999 -9999 -9999 -9999
1.236 1.236 1.716 1.716 1.548 1.716 1.716 1.548 2.148 2.148 1.548 1.548 1.2 0.9959999 0.9959999 1.788 2.1 2.1 2.1 1.488 1.656 1.656 1.656 1.74 1.656 1.656 1.548 1.632 1.98 1.656 1.656 1.5 1.5 1.656 1.656 1.2 1.2 1.2 1.2 1.2 1.2 1.2 1.2 1.2 1.2 1.2 1.2 1.2 1.2 1.2 1.2 1.2 1.2 1.2 1.2 1.2 1.08 1.08 -9999 -9999 -9999 -9999 -9999 -9999 -9999 -9999 -9999 -9999 -9999 -9999 -9999 -9999 -9999 -9999 -9999 -9999 -9999 -9999
1.236 1.236 1.236 1.236 1.548 1.548 2.328 1.548 1.548 2.148 2.148 1.548 1.548 0.648 0.9959999 0.9959999 0.9959999 0.9959999 2.1 1.548 1.548 1.656 1.656 1.74 1.656 1.74 1.656 1.98 1.656 1.656 1.656 1.5 1.5 1.656 1.824 1.656 1.2 1.2 1.2 1.2 1.2 1.2 1.2 1.2 1.2 1.2 1.2 1.2 1.2 1.2 1.2 1.2 1.2 1.2 1.2 1.2 1.2 -9999 -9999 -9999 -9999 -9999 -9999 -9999 -9999 -9999 -9999 -9999 -9999 -9999 -9999 -9999 -9999 -9999 -9999 -9999 -9999 -9999
