test/test_data/or/available_water_capacity.asc
ncols         251
nrows         299
xllcorner     -1971403.1441
yllcorner     2336322.5259
cellsize      1000
NODATA_value  -9999
[rows 210 to 244 of 299, columns 78 to 155 of 251]
1.368 1.368 1.812 1.368 1.368 1.368 1.416 1.416 1.416 1.368 1.308 1.236 1.236 1.236 1.236 1.236 1.236 1.236 1.236 1.152 1.236 1.236 1.236 1.5 1.236 1.956 1.956 1.416 1.416 0.972 0.972 1.356 0.972 0.972 0.96 0.96 0.96 1.044 1.956 1.956 1.956 0.96 2.208 1.932 1.608 1.38 1.38 1.38 1.38 1.02 1.98 1.752 1.38 1.38 1.608 1.608 1.44 1.44 1.44 1.44 1.44 1.44 1.416 1.02 0.96 0.96 0.96 0.96 0.96 1.632 1.632 1.632 1.416 1.44 1.44 1.02 1.44 1.02
1.368 1.368 1.368 1.368 1.368 1.416 1.416 1.416 1.416 1.368 1.308 1.044 1.044 1.236 1.236 2.208 2.208 1.152 0.972 1.356 0.972 1.236 1.044 1.5 1.236 0.972 0.972 0.972 0.972 0.972 0.972 1.356 0.972 0.972 1.236 0.972 0.96 0.96 1.044 1.044 0.96 2.208 2.208 2.208 1.608 1.38 1.38 1.38 1.38 1.38 2.292 1.38 1.38 1.38 1.38 1.02 1.44 1.44 1.44 1.44 1.44 1.02 1.44 1.44 1.416 1.632 1.632 1.632 1.632 1.632 1.14 1.632 1.44 1.02 1.44 1.416 1.44 1.416
1.368 1.368 1.368 1.812 1.368 1.416 1.416 1.416 1.416 1.368 1.308 1.308 1.308 0.588 1.236 1.236 2.208 0.972 1.356 2.208 0.972 0.972 1.236 0.972 0.972 0.972 0.972 0.972 0.972 0.972 1.356 0.972 0.972 0.972 0.972 1.236 1.656 0.96 1.656 0.96 2.208 2.208 1.608 1.608 1.608 1.38 1.38 1.38 1.02 1.38 1.02 1.38 1.38 1.38 1.38 1.38 1.38 1.44 1.44 1.44 1.44 1.44 1.44 1.44 1.932 1.932 1.632 1.632 1.632 1.236 1.236 1.632 1.44 1.02 1.44 1.416 1.02 1.932
1.368 1.368 1.368 1.368 1.368 1.368 1.416 1.416 1.416 1.368 1.308 1.308 1.308 1.308 1.236 1.236 1.236 1.356 2.208 2.208 1.356 0.972 0.972 0.972 1.032 1.032 0.972 0.972 0.972 0.972 0.972 0.972 0.972 0.972 2.208 1.656 1.656 2.208 1.656 2.208 0.96 2.208 2.208 1.608 1.38 1.38 1.38 1.38 1.38 1.38 1.38 1.38 1.38 1.38 1.38 1.38 1.38 1.38 1.44 1.44 1.44 1.44 1.44 1.416 1.932 1.02 1.932 1.632 1.632 1.632 1.236 1.14 1.14 1.368 1.44 1.02 1.02 1.416
1.368 1.368 1.368 1.368 1.368 1.368 1.368 1.416 1.368 1.308 1.308 1.308 1.308 1.308 1.308 1.308 1.164 1.164 1.032 2.04 2.208 1.356 1.032 1.032 1.032 1.032 1.032 0.972 0.972 0.972 1.356 0.972 0.972 2.208 2.208 2.208 2.208 2.208 2.208 2.04 0.96 1.152 1.152 1.38 1.38 1.38 1.38 1.38 1.38 1.38 1.38 1.38 1.38 1.38 1.38 1.38 1.38 1.38 1.44 1.44 1.44 1.44 1.44 1.236 1.02 1.932 1.152 1.632 1.632 1.632 1.236 1.14 1.236 1.44 1.368 1.368 1.368 1.416
1.368 1.368 1.368 1.368 1.368 1.368 1.368 1.368 1.368 1.308 1.308 1.308 2.292 1.308 1.308 1.164 1.164 1.164 1.032 2.04 2.208 2.208 1.356 1.236 1.236 1.236 0.972 0.972 0.972 0.972 1.356 2.208 0.972 2.208 2.208 2.208 2.208 2.04 2.04 2.208 1.152 1.152 1.152 1.38 1.38 1.38 1.38 1.38 1.38 1.38 1.02 1.38 1.38 1.38 1.38 1.38 1.38 1.38 1.44 1.44 1.44 1.44 1.236 1.236 1.236 1.236 1.152 1.236 1.236 1.632 1.632 1.14 1.236 1.368 1.368 1.368 1.02 1.416
1.368 1.368 1.368 1.368 1.368 1.368 1.368 1.368 1.368 1.308 1.308 1.308 1.164 1.164 1.164 1.164 1.164 1.164 1.164 2.172 2.04 2.208 2.208 1.236 1.236 0.972 0.972 0.972 1.356 0.972 1.356 2.208 2.208 2.208 2.208 2.208 2.208 2.04 2.172 2.172 2.208 1.152 1.38 1.38 1.38 1.38 1.38 1.38 1.38 1.38 1.38 1.02 1.416 1.38 1.38 1.38 1.38 1.38 1.932 1.932 1.932 1.824 1.236 1.236 1.236 1.236 1.236 1.236 1.236 1.236 1.236 1.14 1.152 1.368 1.368 1.416 1.02 1.14
1.368 1.368 1.368 1.368 1.368 1.368 1.368 1.368 1.368 1.308 1.308 1.308 1.308 1.308 0.96 1.164 1.164 1.164 1.164 1.032 2.04 2.04 1.032 1.032 2.208 2.172 2.172 2.208 2.208 2.208 2.208 2.208 2.172 2.04 2.04 2.208 2.208 2.208 2.208 2.208 1.152 1.38 1.38 1.38 1.38 1.38 1.38 1.38 1.38 1.38 1.38 1.38 1.416 1.02 1.38 1.38 1.44 1.44 1.44 1.932 1.932 1.932 1.932 1.152 1.236 1.236 1.236 1.152 1.236 1.236 1.14 1.152 1.152 1.152 1.368 1.272 1.152 1.368
1.368 1.368 1.368 1.368 1.368 1.368 1.368 1.368 1.308 1.308 1.308 1.308 1.308 1.308 1.308 0.96 1.164 1.164 1.164 1.164 1.032 1.032 2.04 2.208 2.208 2.208 2.208 2.208 2.208 2.208 2.208 2.208 2.172 2.172 2.172 2.172 2.208 2.208 1.38 1.152 1.152 1.38 1.38 1.38 1.38 1.38 1.38 1.38 1.38 1.38 1.38 1.38 1.44 1.44 1.44 1.44 1.44 1.44 1.44 1.932 1.932 1.416 1.932 1.416 1.416 1.236 1.236 1.236 1.152 1.236 1.14 1.236 1.236 1.152 1.464 1.464 1.368 1.368
1.368 1.368 1.368 1.368 1.368 1.368 1.368 1.368 1.308 1.308 1.308 1.308 1.308 1.308 1.308 1.308 0.96 0.96 1.872 0.96 0.96 0.96 0.972 2.04 2.208 2.208 2.172 2.208 2.208 2.208 2.04 2.04 2.172 2.172 2.172 2.172 2.172 2.208 1.38 1.608 1.152 1.38 1.38 1.38 1.38 1.38 1.38 1.38 1.38 1.38 1.38 1.38 1.416 1.38 1.38 1.38 1.02 1.44 1.44 1.932 1.932 1.932 1.932 1.932 1.236 1.236 1.236 1.152 1.236 1.236 1.14 1.236 1.236 1.236 1.464 1.368 1.368 1.368
1.368 1.188 1.368 0.444 0.444 1.368 1.368 1.368 1.308 1.308 1.308 1.308 1.308 1.308 1.308 1.308 1.308 1.308 0.96 0.96 0.96 0.96 0.96 2.208 2.208 2.208 2.208 2.172 2.208 2.172 2.208 2.04 2.172 2.172 2.172 2.172 2.172 2.208 1.608 1.608 1.608 1.38 1.38 1.38 1.38 1.38 1.38 1.38 1.38 1.38 1.38 1.38 1.44 1.44 1.416 1.38 0.816 1.824 1.932 1.824 1.824 1.152 1.236 1.236 1.236 1.236 1.152 1.236 1.14 1.14 1.236 1.236 1.236 1.236 1.236 1.272 1.368 1.368
1.188 1.368 1.02 0.444 0.444 1.368 1.368 1.368 1.308 1.308 1.308 1.308 1.308 1.308 2.208 1.308 1.308 1.308 1.308 0.96 0.96 1.356 1.356 2.208 2.04 2.208 2.208 2.172 2.208 2.208 2.172 2.04 2.172 2.172 2.04 2.208 2.208 2.208 0.96 1.608 1.38 1.38 1.38 1.38 1.38 1.38 1.38 1.38 1.38 1.38 1.38 1.38 1.02 1.38 1.38 1.416 1.38 0.816 0.816 0.816 1.932 1.152 1.236 1.236 1.236 1.236 1.152 1.152 1.236 1.14 1.236 1.236 1.236 1.236 1.236 1.428 1.272 1.368
1.368 2.604 1.02 0.444 0.444 1.368 1.368 1.308 1.308 1.308 1.308 1.308 1.308 1.308 1.308 1.308 1.308 1.308 1.308 0.96 0.96 2.208 2.208 2.208 1.92 2.208 2.208 2.04 2.208 2.208 1.92 2.172 2.172 2.172 2.04 2.208 2.208 2.208 1.608 1.416 1.38 1.38 1.38 1.38 1.38 1.38 1.38 1.38 1.38 1.38 1.38 1.38 1.44 1.44 1.44 1.416 1.416 1.38 0.816 1.932 1.932 1.932 1.152 1.416 1.152 1.236 1.236 1.236 1.236 1.14 1.404 1.152 1.236 1.236 1.236 1.428 1.272 1.368
1.368 1.02 1.02 0.444 0.444 0.444 1.368 1.308 1.308 1.308 1.308 1.308 1.308 1.308 1.308 1.308 1.308 1.308 0.96 0.96 2.208 2.172 2.172 2.172 2.172 1.92 2.208 2.04 2.208 2.208 2.172 2.172 1.92 2.172 2.208 2.208 2.208 2.208 1.608 1.38 1.38 1.02 1.38 1.38 1.38 1.38 1.38 1.38 1.38 1.38 1.38 1.38 1.416 1.44 1.416 1.416 1.38 1.416 1.932 1.932 1.932 1.932 1.152 1.236 1.152 1.152 1.236 1.152 1.236 1.14 1.404 1.404 1.404 1.236 1.236 1.428 1.272 1.368
1.368 1.02 1.02 0.444 0.444 0.444 0.444 1.464 1.308 1.308 1.308 1.308 1.308 1.308 1.308 1.308 1.308 0.96 0.96 1.356 2.208 2.208 2.208 2.208 2.208 2.04 2.04 2.04 2.208 2.172 2.172 2.172 2.172 1.92 2.04 2.208 2.22 2.22 1.2 1.38 1.38 1.38 1.38 1.38 1.38 1.44 1.44 1.38 1.38 1.38 1.38 1.38 1.02 1.44 1.44 1.44 1.44 1.416 1.824 1.932 1.932 1.932 1.152 1.152 1.152 1.236 1.152 1.236 1.14 1.14 1.404 1.404 1.404 1.236 1.464 1.236 1.272 1.368
0.444 1.02 1.02 0.444 0.444 0.444 0.444 1.464 1.308 1.308 1.308 1.308 1.308 1.308 1.308 1.308 1.032 1.032 1.356 2.208 2.172 2.208 2.208 2.208 2.208 2.352 2.04 2.04 2.208 2.172 2.172 2.172 2.172 2.172 1.92 2.208 2.22 2.22 2.22 1.38 1.38 1.38 1.38 1.38 1.38 1.44 1.44 1.44 1.38 1.38 1.38 1.38 1.416 1.44 1.44 1.44 1.44 1.416 1.932 1.932 1.932 1.236 1.236 1.152 1.152 1.152 1.152 1.152 1.404 1.14 1.14 1.272 1.236 1.236 1.236 1.272 1.272 1.272
1.056 1.056 1.02 0.444 0.444 0.444 1.464 1.464 1.464 1.464 1.308 1.308 1.308 1.308 1.308 1.308 0.972 1.032 0.972 0.972 2.172 2.172 2.208 2.208 2.172 2.208 2.352 2.352 2.208 1.92 2.172 2.172 2.172 2.172 2.172 2.208 2.208 2.208 0.96 1.38 1.38 1.38 1.38 1.38 1.38 1.44 1.44 1.38 1.38 1.38 1.38 1.38 1.44 1.44 1.44 1.44 1.38 1.44 1.416 1.932 1.932 1.152 1.236 1.236 1.236 1.152 1.236 1.236 1.404 1.404 1.404 1.404 1.236 1.236 1.236 1.272 1.272 1.596
1.02 1.02 1.02 1.02 0.444 0.444 1.464 1.464 1.464 0.972 1.308 1.308 0.972 0.972 0.972 0.972 1.2 1.032 1.032 2.208 2.172 2.172 1.356 2.172 2.568 2.208 2.352 2.352 2.208 2.208 1.92 2.172 2.172 1.92 2.172 2.208 2.208 2.208 1.608 1.38 1.38 1.38 1.38 1.38 1.44 1.44 1.44 1.38 1.824 1.38 1.38 1.38 1.44 1.44 1.416 1.416 1.38 1.38 1.416 1.932 1.932 1.236 1.152 1.596 1.464 1.596 1.152 1.404 1.404 1.404 1.404 1.404 1.236 1.236 1.272 1.272 1.596 1.824
1.02 1.02 1.02 1.02 1.02 0.444 1.464 1.464 1.464 0.972 0.972 0.972 1.032 1.356 1.356 1.872 0.972 0.972 1.032 1.032 1.032 1.032 1.356 2.568 2.208 2.568 2.568 2.352 2.352 2.208 1.92 2.172 2.208 2.172 1.92 1.92 2.208 2.208 0.96 1.38 1.38 1.38 1.38 1.44 1.44 1.44 1.44 1.824 1.38 1.38 1.38 1.38 1.44 1.44 1.44 1.44 2.244 1.44 1.416 1.416 1.596 1.596 1.464 1.236 1.236 1.236 1.464 1.596 1.272 1.404 1.404 1.404 1.428 1.272 1.272 1.596 1.416 1.824
1.02 1.02 1.02 1.056 1.02 0.444 1.464 0.972 0.972 1.032 1.032 1.032 1.872 1.872 1.872 1.872 1.032 2.208 1.356 0.972 1.032 1.032 1.356 1.356 2.208 2.208 2.568 2.568 2.568 2.568 1.92 2.172 2.172 2.208 2.172 2.208 2.208 2.208 2.208 1.608 1.38 1.38 1.38 1.44 1.44 1.44 1.44 1.38 1.38 1.38 1.38 1.38 1.38 1.44 1.44 1.44 1.44 2.244 1.44 0.816 1.272 1.236 1.596 1.596 1.404 1.404 1.236 1.464 1.272 1.404 1.272 1.404 1.428 1.272 1.596 1.272 1.824 0.624
1.02 1.02 1.02 1.02 1.02 0.444 1.464 0.972 1.032 1.032 1.032 1.872 1.032 1.032 0.972 1.356 1.356 0.972 1.356 0.972 0.972 0.972 1.356 1.356 2.568 2.568 2.568 2.568 2.568 2.568 2.208 2.172 2.172 2.172 1.92 2.208 2.208 2.208 2.208 0.96 1.38 1.44 1.38 1.44 1.44 1.44 1.44 1.44 1.38 1.38 1.38 1.38 1.44 1.44 1.44 1.44 1.44 1.44 0.816 0.816 0.816 1.272 1.464 1.236 1.596 1.596 1.404 1.404 1.236 1.236 1.236 1.236 1.272 1.272 1.272 1.272 1.824 1.824
1.02 1.02 1.02 1.02 1.02 0.444 0.972 1.032 1.032 1.032 1.032 1.032 1.356 0.972 0.972 0.972 1.356 1.356 1.356 0.972 0.972 0.972 1.356 1.356 1.356 2.568 2.568 2.568 2.568 2.568 2.208 2.172 2.172 1.92 1.92 2.208 2.208 2.208 2.208 0.96 1.608 1.44 1.44 1.44 1.44 1.44 1.44 1.38 1.38 1.38 1.38 1.38 1.44 0.816 1.44 1.44 1.416 1.44 1.416 0.816 1.44 1.416 1.272 1.416 1.236 1.464 1.272 1.272 1.404 1.428 1.428 1.428 1.272 1.272 1.272 1.272 1.824 0.624
0.42 0.42 1.02 1.02 0.42 0.444 0.444 1.032 1.032 1.032 1.032 1.356 0.972 1.032 0.972 0.972 1.356 0.972 1.356 0.972 0.972 1.032 1.032 0.972 1.356 2.208 2.208 2.568 2.568 2.208 2.208 2.208 2.172 2.04 2.04 1.92 2.208 2.208 2.208 0.96 1.608 1.44 1.44 1.44 1.44 1.44 1.44 1.38 1.38 1.38 1.38 1.38 1.38 1.44 0.816 1.416 1.44 1.44 1.44 0.816 1.44 1.44 1.152 1.272 1.272 1.236 1.236 1.464 1.272 1.272 1.428 1.428 1.272 1.272 1.272 1.824 1.824 0.624
0.42 0.42 0.42 0.42 0.42 0.444 0.444 1.872 1.032 1.032 1.356 1.032 1.356 1.032 1.032 1.032 0.972 1.356 1.356 0.972 1.032 0.972 0.972 0.972 1.356 1.356 2.208 2.208 2.208 2.568 2.568 2.208 2.172 2.172 2.172 1.92 1.92 2.208 2.208 1.608 1.44 1.44 1.44 1.44 1.44 1.44 1.44 1.44 1.38 1.38 1.38 1.38 1.38 1.38 0.816 0.816 1.44 1.44 0.816 0.816 0.816 1.236 1.236 1.236 1.272 1.272 1.236 1.236 1.236 1.272 1.428 1.272 1.272 1.272 1.272 1.824 1.824 0.624
0.42 0.42 0.42 0.42 0.444 0.444 0.444 1.032 1.032 1.032 1.356 1.032 1.032 1.032 1.032 0.972 1.032 0.972 1.356 0.972 0.972 1.032 1.032 0.972 0.972 1.356 1.356 2.208 2.208 2.568 2.208 2.172 2.172 2.172 2.172 2.172 2.04 1.92 2.208 0.96 1.44 1.44 1.44 1.44 1.44 1.44 1.38 1.38 1.38 1.38 1.38 1.38 1.38 0.816 0.816 0.816 1.02 0.816 0.816 0.816 0.816 1.236 1.236 1.236 1.14 1.152 1.152 1.272 1.236 1.272 1.272 1.272 1.272 1.272 1.272 1.824 1.824 1.824
0.42 0.42 0.42 0.42 0.444 0.444 0.444 1.032 0.972 0.972 1.032 1.032 1.032 1.032 0.972 1.032 1.032 0.972 1.356 0.972 0.972 1.032 1.032 1.032 0.972 0.972 0.972 1.356 2.208 2.208 2.208 1.356 2.172 2.172 2.172 2.172 2.04 1.92 2.208 0.96 1.44 1.44 1.44 1.44 1.44 1.44 1.38 1.38 1.38 1.38 1.38 1.38 1.38 0.816 0.816 0.816 0.816 0.816 0.816 0.816 1.02 1.368 1.14 1.14 1.14 1.14 1.236 1.272 1.236 1.272 1.272 1.272 1.272 1.272 1.272 1.824 0.624 0.624
0.42 0.42 0.42 0.42 0.444 0.444 1.032 0.972 1.032 0.972 1.032 1.032 1.032 1.032 0.972 0.972 0.972 0.972 0.972 0.972 0.972 0.972 1.032 1.032 0.972 0.972 0.972 0.972 0.972 0.972 0.972 0.972 1.356 2.172 2.172 2.172 1.92 2.22 2.22 0.96 1.44 1.44 1.44 1.44 1.38 1.38 1.38 1.38 1.38 1.38 1.416 0.816 0.816 0.816 0.816 0.816 0.816 1.02 1.416 0.816 1.368 1.368 1.368 1.368 1.236 1.236 1.236 1.236 1.368 1.272 1.272 1.272 1.272 1.272 1.824 1.824 1.824 0.624
0.42 0.42 0.42 0.42 0.444 0.444 1.236 1.212 1.212 1.032 1.032 1.032 1.032 1.032 1.032 0.972 1.032 1.032 1.032 0.972 0.972 0.972 0.972 0.972 0.972 0.972 2.208 2.208 0.972 2.208 2.568 2.208 2.208 2.208 2.208 2.172 2.172 2.22 2.22 0.96 1.416 1.44 1.44 1.44 1.38 1.38 1.38 1.38 1.38 1.38 0.816 1.416 0.816 0.816 0.816 0.816 0.816 0.816 1.416 1.368 1.368 1.368 1.368 1.14 1.14 1.14 1.236 1.08 1.08 1.272 1.272 1.272 1.272 1.824 1.824 0.624 0.624 0.96
0.42 0.42 1.368 1.308 1.308 1.308 1.236 1.212 1.212 1.032 0.444 1.032 1.032 1.512 1.032 1.032 1.032 1.032 1.032 0.972 0.972 1.032 1.032 1.032 1.032 2.208 2.568 2.208 2.208 2.208 2.568 2.208 2.208 2.208 2.208 2.172 2.172 2.208 2.22 0.96 1.824 1.824 1.824 1.416 1.38 1.38 1.38 1.38 1.38 0.816 0.816 0.816 0.816 0.816 0.816 0.816 0.816 1.02 1.416 0.816 1.368 1.368 1.368 1.368 1.14 1.14 1.236 1.236 1.236 1.272 1.824 1.824 1.824 1.824 0.624 0.624 0.624 1.968
0.42 1.368 1.368 1.308 1.308 1.308 1.308 1.212 1.308 0.444 0.444 0.396 1.512 1.512 1.032 0.972 1.032 0.972 1.032 0.972 0.972 1.032 0.972 0.972 2.568 2.208 2.568 2.568 2.208 2.568 2.568 2.208 2.568 2.04 2.172 2.22 2.22 2.22 2.208 1.632 1.416 1.824 1.824 1.38 1.02 1.38 1.38 1.38 1.38 0.816 0.816 0.816 1.416 0.816 1.416 1.416 0.816 0.816 1.416 0.816 1.368 1.368 1.368 1.368 1.368 1.14 1.14 1.272 1.272 1.272 1.824 1.824 1.824 1.824 0.624 0.624 0.624 1.968
1.368 1.368 1.368 1.236 1.236 1.236 1.236 1.236 1.236 0.396 0.396 1.512 1.512 1.512 1.512 1.512 1.512 1.356 1.308 1.356 0.972 0.972 0.96 2.568 2.568 2.568 2.568 2.568 2.568 2.208 2.568 2.568 2.568 2.04 2.172 2.22 2.208 2.208 2.172 0.96 1.824 1.824 1.824 1.824 1.38 1.02 1.38 1.38 1.38 1.38 0.816 0.816 0.816 0.816 1.368 1.02 1.416 0.816 0.816 1.02 0.816 1.368 1.368 1.368 1.368 1.368 1.14 1.272 1.272 1.272 1.272 1.632 1.632 0.624 0.624 1.872 1.968 1.968
1.476 1.368 1.476 1.236 1.236 2.244 1.236 1.236 0.396 0.396 1.512 1.308 1.512 1.512 1.512 1.032 1.512 1.356 1.308 1.308 1.308 0.972 0.972 0.972 2.568 2.568 2.568 2.568 2.568 2.568 2.568 2.568 2.568 2.04 2.04 2.22 2.208 2.04 2.208 0.96 1.416 1.416 1.416 1.824 1.38 1.38 1.38 1.38 1.38 0.816 1.44 1.44 0.816 2.244 1.152 1.368 1.416 0.816 0.816 0.816 0.816 1.368 1.368 1.368 1.368 1.368 1.416 1.236 1.272 1.62 1.824 1.632 1.632 0.624 0.624 1.872 1.284 1.968
1.476 1.476 1.236 1.236 1.236 1.236 1.236 1.512 1.236 1.512 1.308 1.308 1.308 1.512 1.512 1.512 1.512 1.512 1.308 1.308 1.308 1.308 0.972 1.308 0.972 2.568 2.568 2.568 2.568 2.568 1.92 2.04 2.208 2.208 2.04 2.04 2.04 2.208 2.208 2.22 0.96 1.02 1.656 1.02 1.02 1.38 1.38 1.38 0.816 0.816 1.44 1.44 0.816 0.816 1.368 1.368 1.416 1.368 1.368 1.368 1.368 1.368 1.368 1.368 1.368 1.416 1.02 1.368 1.236 1.62 1.62 1.824 0.624 0.624 1.872 1.968 0.6 1.968
1.476 1.476 1.116 1.236 1.296 1.236 1.5 1.644 1.236 1.236 1.308 1.308 1.512 1.308 1.308 1.356 1.512 1.308 1.308 1.308 1.308 1.308 1.308 1.308 0.96 0.972 2.568 2.568 2.568 2.568 2.568 2.04 1.92 2.04 2.04 2.04 2.04 2.172 2.208 2.22 0.96 1.632 1.416 1.656 1.656 1.656 1.38 0.816 0.816 1.02 1.02 0.816 0.816 0.816 1.368 1.368 1.368 1.368 1.368 1.368 1.236 1.236 1.368 1.368 1.368 1.416 1.02 1.236 1.236 1.62 1.62 1.62 0.624 1.236 1.872 1.968 0.936 0.936
1.476 1.476 1.38 1.116 1.296 1.5 1.5 1.236 1.236 1.236 1.416 1.308 1.308 1.308 1.512 1.512 1.308 1.308 1.308 1.308 1.308 1.308 1.308 1.308 0.96 0.96 0.972 2.568 2.208 2.208 2.568 2.04 2.208 2.208 2.04 2.172 2.172 2.172 2.172 2.172 0.96 1.632 1.632 1.656 1.656 1.656 1.38 0.816 0.816 0.816 0.816 0.816 1.368 1.368 1.368 1.368 1.368 1.368 1.236 1.176 1.14 1.236 1.368 1.368 1.416 1.416 1.02 1.416 1.416 1.236 1.572 1.572 1.236 1.968 0.372 0.936 0.372 0.372
