test/test_data/or/available_water_capacity.asc
ncols         251
nrows         299
xllcorner     -1971403.1441
yllcorner     2336322.5259
cellsize      1000
NODATA_value  -9999
[rows 245 to 279 of 299, columns 78 to 155 of 251]
1.476 1.476 1.632 1.116 1.38 1.38 1.5 1.38 1.464 1.236 1.152 1.308 1.308 1.512 1.512 1.512 1.512 1.308 1.308 1.308 1.308 1.308 1.308 1.308 1.308 1.308 0.972 2.208 1.716 2.568 2.568 2.04 2.208 2.208 2.208 2.172 2.172 2.172 2.208 2.208 2.22 0.96 1.632 1.416 1.656 1.656 1.656 1.656 1.656 1.416 1.236 1.416 1.02 1.368 1.368 1.368 1.368 1.368 1.236 1.236 1.14 1.236 1.368 1.416 1.416 0.396 1.164 1.164 1.164 1.164 1.572 0.624 1.476 0.372 0.372 0.372 0.372 0.372
1.812 1.116 1.116 1.632 1.116 1.116 1.38 1.464 1.152 1.152 1.152 1.152 1.512 1.308 1.512 1.512 1.512 1.308 1.308 1.308 1.308 1.308 1.308 1.308 1.308 1.308 0.96 1.716 1.716 1.716 2.568 2.568 1.92 2.208 2.172 2.172 2.172 2.172 2.172 2.208 2.208 2.22 0.96 1.632 1.656 1.656 1.656 1.656 1.656 1.236 1.236 1.236 1.236 1.368 1.368 1.368 1.368 1.236 1.236 1.236 1.236 1.368 1.416 1.416 0.396 0.396 1.404 1.164 1.164 1.164 1.164 0.936 1.476 0.372 0.372 0.372 0.372 0.372
1.812 0.816 1.632 1.632 1.632 1.464 1.464 1.152 1.152 1.152 1.152 1.512 1.308 1.512 1.512 1.512 1.512 1.236 1.236 1.308 1.308 1.308 1.308 1.308 1.308 1.308 1.308 1.716 1.716 1.716 1.716 2.568 2.568 2.568 2.568 2.172 2.172 2.172 2.208 2.208 2.208 0.708 0.96 1.632 1.416 1.656 1.656 1.656 1.656 1.656 1.236 1.236 1.236 1.236 1.368 1.236 1.368 1.236 1.236 1.236 1.272 1.416 1.416 1.416 0.396 1.872 1.164 1.164 1.164 1.164 1.164 1.476 0.372 0.372 0.372 0.372 0.372 0.372
1.656 0.816 0.888 0.888 1.116 1.116 1.308 1.152 1.152 1.152 1.152 1.236 1.308 1.236 1.512 1.512 1.236 1.236 1.236 1.416 1.308 0.372 1.308 1.308 1.308 1.308 1.308 0.96 2.568 1.716 1.716 1.92 2.04 2.568 2.568 2.172 2.172 2.208 2.208 2.208 0.708 0.708 0.708 1.416 1.824 1.416 1.416 1.416 1.656 1.656 1.236 1.236 1.236 1.236 1.236 1.236 1.152 1.236 2.244 1.08 1.416 1.38 1.416 1.38 0.396 1.872 1.872 1.164 1.164 1.164 1.164 0.372 0.372 0.372 0.372 0.372 0.372 0.372
1.656 1.632 1.632 0.888 0.888 1.308 1.308 1.308 1.152 1.236 1.236 1.236 1.236 1.236 1.236 1.236 1.236 1.236 1.236 1.416 1.308 1.308 1.308 1.308 1.308 1.308 1.308 0.96 2.568 1.716 1.716 1.716 2.04 2.568 2.568 2.172 2.568 2.208 2.208 2.208 2.208 0.708 0.96 1.38 1.824 1.824 1.824 1.416 1.236 1.236 1.236 1.236 1.236 1.236 1.236 1.236 1.236 1.236 1.236 1.272 1.416 1.38 1.38 0.396 1.872 1.872 1.872 1.164 1.164 1.164 1.476 0.372 0.372 0.372 0.372 0.372 0.372 0.372
1.224 1.224 1.02 0.888 0.888 0.888 1.308 1.308 1.308 1.152 1.236 1.236 1.236 1.236 1.236 1.236 1.236 1.236 1.236 1.308 1.308 1.308 1.236 1.308 1.308 1.308 1.308 0.96 1.716 1.716 1.716 1.716 2.568 2.568 2.568 2.568 2.568 2.208 2.208 0.708 0.708 0.708 0.96 1.38 1.824 1.824 1.824 1.416 1.416 1.236 1.236 1.236 1.08 1.236 2.244 1.236 1.236 1.236 1.08 1.416 1.38 1.38 0.396 1.872 1.872 1.872 1.872 1.164 1.164 1.164 0.936 0.372 0.372 0.372 0.372 0.372 0.372 0.372
1.38 1.224 0.888 0.888 0.888 0.888 1.308 1.308 1.608 1.608 1.236 1.236 1.236 1.236 1.236 1.236 1.236 1.236 1.236 1.308 1.308 1.308 1.236 1.236 1.308 1.308 1.308 0.96 1.716 1.716 1.716 2.568 2.568 2.568 2.568 2.568 2.568 2.208 2.208 2.208 2.208 0.708 0.708 1.38 0.648 1.932 1.38 1.824 1.824 1.416 1.236 1.236 1.236 1.236 1.236 1.236 1.14 1.08 1.416 1.416 1.38 1.38 0.396 1.872 1.872 1.872 0.864 1.164 1.164 1.164 0.372 0.372 0.372 0.372 0.372 0.372 0.372 0.372
1.308 1.224 1.224 1.224 0.888 0.888 1.308 1.308 1.308 1.608 1.608 1.236 1.236 1.236 1.236 1.236 1.236 1.236 1.236 0.744 1.308 0.744 1.236 1.236 1.308 1.308 1.308 0.96 2.208 0.372 1.716 2.568 2.568 2.568 2.568 2.568 2.568 2.208 2.208 2.208 2.208 0.708 0.96 1.632 1.38 0.648 1.932 1.38 1.824 1.824 1.416 1.02 1.236 1.416 1.236 1.74 1.08 1.272 1.38 1.38 1.38 1.38 0.396 1.872 0.864 0.864 0.864 0.864 0.624 1.164 0.372 0.372 0.372 0.372 0.372 0.372 0.372 0.372
1.38 1.308 1.224 1.224 1.224 1.224 1.308 1.308 1.608 1.608 1.608 1.236 1.236 1.236 1.236 1.044 1.044 1.236 1.236 0.744 0.744 1.236 1.236 1.236 1.236 1.236 1.236 0.96 2.208 1.716 2.568 2.568 1.92 2.568 2.568 2.568 2.568 2.568 2.568 2.208 2.208 0.96 0.648 1.548 1.548 1.38 0.648 1.932 1.38 1.824 0.816 0.816 1.416 1.74 1.74 1.272 1.272 1.44 1.38 1.38 1.38 0.396 0.9 1.872 1.284 0.864 0.864 0.624 0.624 1.164 0.372 0.372 0.372 0.372 0.372 0.372 0.372 0.372
1.224 1.224 1.224 1.224 1.224 1.224 1.308 1.308 1.308 1.608 1.236 1.236 1.236 1.236 1.236 1.044 1.236 1.236 1.236 1.236 0.744 1.236 1.236 1.236 1.236 0.744 1.308 0.96 2.208 2.568 2.568 2.568 2.568 1.92 2.568 2.568 2.568 2.208 2.208 0.708 0.96 1.548 1.548 0.648 1.548 1.548 1.38 0.648 1.38 1.38 0.816 0.816 0.816 1.272 1.272 1.44 1.44 1.44 1.38 1.38 1.38 0.396 0.864 1.968 1.968 0.864 1.164 1.164 1.164 1.476 0.372 0.372 0.372 0.372 0.372 0.372 0.6 0.6
0.96 1.224 1.224 1.308 1.308 1.308 1.308 1.308 1.308 1.236 1.236 0.744 1.236 1.236 1.236 1.236 1.236 1.236 1.236 1.236 0.744 1.236 1.236 1.236 0.744 0.744 1.236 0.744 0.96 2.568 2.568 2.568 2.568 2.568 2.568 2.568 2.172 2.208 2.208 2.208 0.96 1.548 1.548 1.548 1.548 1.38 1.38 0.648 1.38 1.38 1.38 0.816 0.816 0.816 1.368 1.44 1.44 1.368 1.38 1.38 1.38 0.864 1.872 1.284 1.968 0.9 1.164 1.284 1.284 1.476 0.804 0.372 0.372 0.372 0.372 0.6 0.6 0.6
1.224 1.224 1.224 1.308 1.308 1.308 1.308 1.236 1.236 1.236 1.236 1.236 1.236 0.744 0.744 1.236 1.236 1.236 1.236 1.236 0.744 0.744 0.744 0.744 0.744 0.744 0.744 1.236 1.716 2.568 2.568 2.568 2.568 2.568 2.568 2.568 2.172 0.9 2.208 0.96 1.38 0.648 1.128 1.956 1.956 1.38 1.38 1.38 1.38 2.256 0.816 0.816 0.816 0.816 1.368 1.44 1.368 1.368 1.128 1.128 0.864 0.864 1.968 1.968 1.968 1.284 1.164 1.284 1.284 1.284 0.804 0.804 0.6 0.6 0.372 0.6 0.6 0.6
1.224 1.224 1.224 1.236 1.308 1.308 1.236 1.236 1.236 0.744 0.744 0.744 1.236 1.236 0.744 1.236 1.236 1.236 1.236 0.744 1.044 0.744 1.932 1.932 0.744 1.236 1.236 1.236 0.96 1.716 2.568 2.568 2.568 2.568 2.568 2.568 2.568 2.568 0.9 0.96 1.68 1.38 0.648 1.38 1.956 0.648 1.38 1.38 1.38 2.256 1.152 1.38 1.02 1.416 1.368 1.44 1.368 1.368 1.128 1.128 1.164 1.872 1.968 1.968 1.968 1.968 1.284 1.284 1.284 0.6 0.6 0.6 0.6 0.6 0.6 0.6 0.6 0.804
1.224 1.224 1.224 1.236 1.236 1.236 1.236 1.236 1.236 0.744 0.744 0.744 1.236 1.236 1.236 1.236 1.236 1.236 1.236 0.744 1.932 1.044 0.852 1.932 1.236 1.236 0.744 0.744 1.236 0.96 2.568 2.568 2.568 2.568 2.568 2.568 0.9 0.9 0.9 0.96 1.632 1.68 1.38 1.38 0.648 1.128 1.38 0.648 1.236 1.104 1.236 0.816 1.02 1.416 1.368 1.44 1.44 1.368 1.128 1.164 1.164 0.6 1.968 1.968 1.968 0.6 0.6 1.284 0.6 0.6 0.6 0.6 0.6 0.6 0.6 0.804 0.804 0.804
1.224 1.224 1.236 1.236 1.236 1.236 1.476 0.744 0.744 1.152 1.152 0.744 1.236 1.236 1.236 1.236 1.236 1.236 1.236 1.236 1.236 1.044 1.932 1.932 1.236 0.744 1.236 0.744 0.744 0.96 2.568 2.568 2.568 0.6 0.6 2.568 0.9 0.9 0.9 0.96 1.68 1.68 1.68 1.68 1.68 0.648 1.38 1.38 1.38 1.152 1.152 0.816 0.816 1.38 0.888 1.44 1.44 1.128 1.128 1.164 1.164 0.6 0.6 1.968 0.6 0.6 0.6 0.6 0.6 0.6 0.6 0.6 0.6 0.804 0.6 0.804 0.864 0.864
1.236 1.236 1.236 1.236 1.236 1.236 1.236 1.236 0.744 1.152 1.152 1.152 0.744 1.236 1.236 1.236 1.236 1.236 0.744 1.236 0.744 0.852 0.852 1.932 0.744 0.744 1.236 1.236 1.236 0.96 2.568 2.568 0.504 0.504 0.504 0.504 0.9 0.96 0.96 1.68 1.632 1.68 1.68 1.68 1.68 0.648 1.956 1.632 0.648 1.38 1.152 0.816 0.816 0.816 0.888 1.44 1.44 1.128 1.128 0.624 0.6 0.372 0.372 0.6 0.6 0.6 0.6 0.6 0.6 0.6 0.6 0.6 0.804 0.804 0.804 0.804 0.864 0.864
1.596 1.236 1.236 1.236 1.236 1.476 1.476 1.476 0.744 0.744 1.152 1.152 0.744 0.744 1.236 1.236 1.236 1.236 0.744 0.744 1.236 1.932 1.932 0.852 0.744 1.236 1.236 1.2 0.96 0.96 0.504 0.504 0.504 0.504 0.504 0.504 0.9 0.96 1.632 1.668 1.68 1.68 1.68 1.68 1.68 1.68 0.648 1.38 1.38 1.956 1.62 1.62 0.816 0.816 1.368 1.38 1.38 1.128 0.624 0.9 0.6 0.372 0.372 0.6 0.6 0.6 0.6 0.6 0.6 0.6 0.6 0.804 0.96 0.804 0.804 0.96 0.96 0.492
1.596 1.236 1.38 1.476 1.476 1.476 1.476 1.476 1.476 0.744 1.044 1.044 1.044 0.744 0.744 0.744 1.236 1.476 1.476 0.744 1.236 1.236 1.236 1.236 0.744 0.744 1.236 1.236 0.96 0.96 0.96 0.504 0.504 0.504 0.372 0.504 0.96 1.608 1.956 1.956 1.668 1.668 1.68 1.68 1.68 1.68 1.68 1.68 1.38 1.632 1.38 1.62 1.62 1.368 1.38 1.38 1.38 1.128 0.624 0.6 0.372 0.372 0.372 0.6 0.6 0.6 0.6 0.6 0.6 0.804 0.804 0.804 0.96 0.96 0.96 0.96 0.444 0.444
1.596 1.38 1.38 0.744 1.476 1.476 1.476 1.476 1.476 1.044 1.044 1.044 1.044 1.044 1.044 0.744 1.152 1.152 1.476 1.476 1.476 1.236 1.236 1.236 1.236 0.744 1.236 1.236 1.236 0.96 0.96 0.504 0.504 0.372 0.372 0.96 1.632 1.956 1.656 1.656 1.668 1.824 1.668 1.68 0.744 1.68 1.68 1.68 1.68 1.38 1.632 1.62 1.62 1.368 1.368 1.38 1.128 0.624 0.624 0.6 0.372 0.372 0.372 0.6 0.6 1.284 0.6 1.284 0.804 0.804 0.804 0.804 1.212 1.212 1.212 0.444 0.444 0.444
1.884 1.608 1.236 1.38 0.744 1.476 1.476 1.476 1.476 1.044 1.044 1.044 1.044 0.744 0.744 0.744 1.152 1.152 1.152 1.152 1.476 1.236 1.236 1.824 1.236 1.236 1.236 1.236 1.236 0.96 0.96 0.504 0.504 0.96 0.96 1.608 1.956 1.632 1.656 1.176 1.656 1.824 1.824 1.668 1.668 0.744 1.416 1.416 1.416 0.888 1.632 1.62 1.62 1.368 1.368 1.128 0.624 0.624 0.624 0.936 0.372 0.372 0.936 0.6 1.284 1.284 1.284 1.284 1.284 0.936 1.284 0.96 1.212 1.212 1.572 1.572 1.572 0.444
1.596 1.608 1.608 1.38 0.744 0.744 1.476 1.476 1.476 1.476 1.044 1.932 0.744 0.744 0.744 1.476 1.476 1.476 1.476 1.476 0.744 1.236 1.236 1.824 1.236 1.236 1.236 1.236 1.236 1.236 1.236 0.96 0.96 0.96 1.152 1.632 1.956 1.956 1.656 1.176 1.656 1.656 1.824 1.824 1.164 1.668 1.668 1.68 1.416 1.416 0.888 1.62 0.888 0.888 1.368 0.624 0.624 0.624 0.6 0.936 0.372 0.936 0.6 0.6 0.6 1.284 1.284 1.284 1.284 1.284 0.96 1.212 1.212 1.572 1.572 1.572 1.572 0.444
1.596 1.74 1.608 1.236 1.38 0.744 1.236 1.476 1.476 1.476 1.932 0.744 0.744 0.744 1.476 1.476 1.476 1.476 1.476 1.476 1.236 1.236 1.236 1.236 1.236 1.404 1.404 1.236 1.236 1.236 1.236 0.96 0.96 0.96 1.152 1.632 1.956 1.656 1.656 1.176 1.656 1.668 1.824 1.164 1.164 1.164 1.668 1.668 1.416 1.416 0.888 0.888 0.888 1.368 1.128 0.624 0.624 0.624 0.6 0.936 0.936 0.936 0.936 0.6 0.6 1.212 0.96 0.96 0.96 0.96 1.212 1.212 1.572 1.572 1.572 1.572 1.572 0.444
1.596 1.74 1.74 1.608 1.38 1.38 1.236 1.236 1.236 1.236 0.744 0.744 0.744 1.236 1.476 1.476 1.476 1.476 1.476 1.476 1.236 1.236 1.236 1.236 1.236 1.236 1.404 1.236 0.96 0.96 0.96 0.96 0.96 1.608 1.632 1.956 1.956 1.656 1.656 1.656 1.668 1.668 0.96 0.96 0.96 1.164 1.668 1.68 1.668 1.416 0.888 1.932 1.932 1.932 1.932 1.164 0.624 0.624 0.804 0.936 0.936 0.936 0.936 0.6 1.284 0.96 0.96 1.212 0.96 0.864 1.212 1.212 1.572 1.572 1.572 1.572 1.572 1.404
1.74 1.74 1.38 1.38 1.236 1.38 1.38 1.236 1.236 0.744 0.744 0.744 1.236 0.744 1.476 1.476 1.476 1.476 1.476 1.476 1.236 1.236 1.236 1.236 1.236 1.236 1.236 1.236 1.236 1.236 1.236 1.236 1.608 1.152 1.632 1.956 1.956 1.656 1.656 1.656 1.656 1.668 0.96 0.96 0.96 1.164 1.668 1.68 1.668 1.932 1.932 1.932 1.128 1.128 0.624 1.164 1.164 1.164 1.164 0.804 0.936 0.936 0.936 0.6 0.96 0.96 1.212 1.212 0.864 1.236 1.212 1.572 1.572 1.572 1.572 1.572 1.572 1.404
1.596 1.38 1.38 1.38 1.608 1.38 1.236 1.236 1.236 0.744 0.744 0.744 1.236 1.476 1.476 1.476 1.476 1.476 1.476 1.476 1.476 1.236 1.236 1.236 1.236 1.236 1.236 1.236 1.236 1.236 1.236 1.236 1.884 1.632 1.956 1.38 1.596 1.596 1.656 1.656 1.656 1.668 1.668 0.96 1.164 1.164 1.164 1.68 1.68 1.932 1.932 1.932 1.128 1.128 0.624 1.164 1.164 1.164 1.164 0.936 0.936 0.936 0.6 1.284 1.488 1.212 1.212 1.212 1.488 0.864 1.212 1.572 1.572 1.572 1.572 1.572 1.572 1.404
1.596 1.38 1.38 1.38 1.38 1.608 1.38 1.236 1.236 1.236 0.744 1.236 1.236 1.476 1.476 1.476 1.476 1.476 1.476 1.476 1.236 1.236 1.236 1.236 1.236 1.236 1.236 1.236 1.236 1.236 1.236 1.884 1.632 1.38 1.38 1.38 1.596 1.596 1.656 1.656 1.656 1.176 1.668 1.296 0.96 1.164 1.668 1.668 1.932 1.68 1.932 1.932 1.128 1.128 0.624 1.164 1.164 1.164 1.164 0.936 0.6 0.6 1.284 1.284 1.212 1.212 1.236 1.236 1.884 1.236 1.212 1.572 1.572 1.572 1.572 1.572 1.572 1.572
-9999 -9999 1.38 1.38 1.38 1.38 1.608 1.608 1.236 0.744 0.744 1.236 1.236 1.476 1.476 1.476 1.476 1.476 1.38 1.476 1.236 1.236 1.236 0.744 1.236 1.236 1.236 1.236 1.236 1.236 1.236 1.38 1.38 1.38 1.38 1.596 1.38 1.596 1.656 1.656 1.656 1.608 1.176 1.296 1.164 1.02 1.668 1.932 1.932 1.932 1.932 1.932 0.528 0.528 1.164 1.164 0.864 1.164 0.6 0.6 0.6 0.6 1.284 1.284 1.212 1.236 1.236 1.884 1.236 1.236 1.212 1.212 1.572 1.572 1.572 1.572 1.572 1.572
-9999 -9999 -9999 -9999 -9999 -9999 1.608 1.608 1.608 0.744 1.236 1.236 1.236 1.476 1.476 1.476 1.476 1.476 1.38 1.38 1.38 1.38 1.236 1.236 0.744 1.236 1.236 1.236 1.236 1.236 1.632 1.38 1.608 1.38 1.38 1.596 1.596 1.596 1.956 1.956 1.608 1.596 1.176 1.296 1.296 1.632 1.02 1.02 1.932 1.932 1.932 0.528 0.528 0.624 1.164 1.164 1.164 1.284 0.6 0.6 0.6 0.6 1.284 1.488 1.212 1.236 1.212 1.488 1.236 1.236 1.212 1.212 1.212 1.572 1.572 1.572 1.572 1.572
-9999 -9999 -9999 -9999 -9999 -9999 -9999 -9999 -9999 1.236 1.236 1.236 1.236 1.476 1.476 1.476 1.476 1.476 1.38 1.38 1.38 1.38 0.744 1.236 0.744 0.744 1.236 1.608 1.632 1.38 1.38 1.608 1.608 1.608 1.608 1.608 0.972 1.608 1.956 1.956 1.956 1.596 1.176 1.296 1.296 1.932 1.02 1.932 1.932 1.932 1.932 0.528 0.528 1.164 1.164 1.164 1.164 1.284 0.6 0.6 0.6 1.284 1.284 0.864 1.212 1.236 1.212 1.236 1.212 1.212 1.212 1.212 1.212 1.572 1.572 1.572 1.572 1.08
-9999 -9999 -9999 -9999 -9999 -9999 -9999 -9999 -9999 -9999 -9999 -9999 -9999 1.236 1.476 1.476 1.476 1.38 1.38 1.608 1.608 1.608 1.608 1.608 1.38 1.38 1.632 1.632 1.38 1.38 1.38 1.608 1.608 1.596 1.608 0.972 1.608 0.972 1.956 1.956 1.596 1.596 1.308 1.308 1.68 1.68 1.932 1.872 1.932 1.932 1.872 1.872 1.872 1.164 0.864 1.164 1.164 1.284 0.6 0.6 1.284 1.284 1.284 1.488 1.212 1.488 1.212 1.488 1.236 1.248 1.248 1.212 1.212 1.572 1.572 1.572 1.572 1.08
-9999 -9999 -9999 -9999 -9999 -9999 -9999 -9999 -9999 -9999 -9999 -9999 -9999 -9999 -9999 -9999 -9999 1.38 1.608 1.38 1.38 1.38 1.38 1.38 1.38 1.632 1.38 1.38 1.38 1.38 1.38 1.608 1.608 1.608 1.608 1.608 1.608 0.972 0.972 1.956 1.596 1.608 1.608 1.308 1.68 1.68 1.68 1.68 1.932 0.528 0.528 0.528 0.528 1.164 0.864 1.164 1.284 0.6 0.6 0.6 1.284 1.212 0.864 0.864 1.236 1.488 1.212 1.236 1.212 0.444 1.248 1.212 1.572 1.08 1.08 1.08 1.08 1.08
-9999 -9999 -9999 -9999 -9999 -9999 -9999 -9999 -9999 -9999 -9999 -9999 -9999 -9999 -9999 -9999 -9999 -9999 -9999 -9999 1.38 1.38 1.38 1.38 1.236 1.38 1.38 1.38 1.38 1.608 1.608 1.608 1.608 0.972 1.608 1.608 1.608 0.972 1.608 1.608 1.932 1.608 1.308 1.308 1.296 1.68 1.68 1.68 1.932 0.528 0.528 0.528 0.528 0.528 1.164 1.284 0.6 0.6 0.6 0.6 0.864 1.212 0.864 1.212 1.212 1.236 1.236 1.236 1.236 1.212 0.444 0.444 1.212 1.08 1.08 1.08 1.08 1.08
-9999 -9999 -9999 -9999 -9999 -9999 -9999 -9999 -9999 -9999 -9999 -9999 -9999 -9999 -9999 -9999 -9999 -9999 -9999 -9999 -9999 -9999 -9999 -9999 1.464 1.464 1.308 1.608 1.608 1.608 1.608 1.608 1.608 1.608 1.608 1.608 0.972 0.972 1.608 1.608 1.152 1.608 1.608 1.308 1.296 1.68 1.68 1.68 1.932 1.932 0.528 0.528 0.528 0.528 1.164 1.164 0.6 0.6 0.6 1.284 0.864 1.212 0.864 1.212 1.236 1.236 1.212 1.212 1.212 1.212 0.444 0.444 1.212 1.08 1.08 1.08 1.08 1.08
-9999 -9999 -9999 -9999 -9999 -9999 -9999 -9999 -9999 -9999 -9999 -9999 -9999 -9999 -9999 -9999 -9999 -9999 -9999 -9999 -9999 -9999 -9999 -9999 -9999 -9999 -9999 -9999 1.608 1.608 1.608 1.608 1.608 1.932 1.608 1.608 1.608 1.236 0.744 0.744 1.152 1.608 1.308 1.308 1.296 1.68 1.68 1.68 1.956 1.956 1.956 0.624 1.476 1.476 1.164 0.6 0.6 1.284 0.6 1.284 1.212 1.212 0.864 1.212 1.236 1.236 1.236 1.212 1.212 1.212 0.444 0.444 1.212 1.08 1.08 1.08 1.08 1.404
-9999 -9999 -9999 -9999 -9999 -9999 -9999 -9999 -9999 -9999 -9999 -9999 -9999 -9999 -9999 -9999 -9999 -9999 -9999 -9999 -9999 -9999 -9999 -9999 -9999 -9999 -9999 -9999 -9999 -9999 -9999 1.608 1.608 1.608 1.608 1.608 1.236 0.744 0.744 1.932 1.152 1.152 1.308 1.308 1.68 1.68 1.68 1.68 1.956 1.956 1.956 0.528 1.476 1.476 1.164 0.6 1.284 0.6 0.6 1.284 1.212 1.212 0.864 1.212 1.236 1.236 1.236 1.236 1.236 1.212 0.444 0.444 1.212 1.08 1.08 1.08 1.404 1.404
