test/test_data/or/available_water_capacity.asc
ncols         251
nrows         299
xllcorner     -1971403.1441
yllcorner     2336322.5259
cellsize      1000
NODATA_value  -9999
[rows 105 to 139 of 299, columns 0 to 77 of 251]
-9999 -9999 -9999 -9999 -9999 -9999 -9999 -9999 -9999 -9999 -9999 -9999 -9999 -9999 -9999 -9999 -9999 -9999 -9999 -9999 -9999 -9999 -9999 -9999 -9999 -9999 -9999 -9999 -9999 -9999 -9999 -9999 -9999 -9999 -9999 -9999 -9999 -9999 -9999 -9999 -9999 1.308 1.308 0.984 1.548 1.548 1.548 1.212 1.212 1.212 1.692 1.404 1.152 1.152 1.152 1.764 1.764 1.764 1.764 1.344 1.68 1.68 1.68 1.212 1.212 1.212 1.08 1.08 1.212 1.212 1.212 1.032 1.272 1.272 1.38 1.2 1.2 1.872
-9999 -9999 -9999 -9999 -9999 -9999 -9999 -9999 -9999 -9999 -9999 -9999 -9999 -9999 -9999 -9999 -9999 -9999 -9999 -9999 -9999 -9999 -9999 -9999 -9999 -9999 -9999 -9999 -9999 -9999 -9999 -9999 -9999 -9999 -9999 -9999 -9999 -9999 -9999 -9999 1.764 1.764 1.308 1.308 1.548 1.548 1.548 2.112 1.212 1.212 1.212 1.404 1.152 1.152 1.152 1.764 1.764 1.764 1.764 1.344 1.68 1.56 1.68 1.68 1.212 1.212 1.212 1.212 1.212 1.212 1.212 1.236 1.236 1.272 1.272 1.224 1.38 1.2
-9999 -9999 -9999 -9999 -9999 -9999 -9999 -9999 -9999 -9999 -9999 -9999 -9999 -9999 -9999 -9999 -9999 -9999 -9999 -9999 -9999 -9999 -9999 -9999 -9999 -9999 -9999 -9999 -9999 -9999 -9999 -9999 -9999 -9999 -9999 -9999 -9999 -9999 -9999 -9999 1.764 1.764 1.548 1.548 1.548 1.548 1.548 2.112 0.984 1.212 1.212 1.692 1.404 1.152 1.152 1.764 1.764 1.764 1.764 1.344 1.68 1.212 1.212 1.488 1.488 1.488 1.488 1.308 1.212 1.212 1.212 1.212 1.44 1.272 1.224 1.38 1.38 1.38
-9999 -9999 -9999 -9999 -9999 -9999 -9999 -9999 -9999 -9999 -9999 -9999 -9999 -9999 -9999 -9999 -9999 -9999 -9999 -9999 -9999 -9999 -9999 -9999 -9999 -9999 -9999 -9999 -9999 -9999 -9999 -9999 -9999 -9999 -9999 -9999 -9999 -9999 -9999 -9999 1.764 1.548 1.548 1.548 1.548 1.548 1.788 1.212 2.112 1.212 1.212 1.212 1.308 1.152 1.152 1.152 1.764 1.764 1.224 1.368 1.368 1.248 1.248 1.248 1.488 1.488 1.488 1.308 1.308 1.212 1.212 1.02 1.44 1.44 1.272 1.38 1.38 1.38
-9999 -9999 -9999 -9999 -9999 -9999 -9999 -9999 -9999 -9999 -9999 -9999 -9999 -9999 -9999 -9999 -9999 -9999 -9999 -9999 -9999 -9999 -9999 -9999 -9999 -9999 -9999 -9999 -9999 -9999 -9999 -9999 -9999 -9999 -9999 -9999 -9999 -9999 -9999 -9999 1.692 1.548 1.548 1.548 1.548 1.548 2.22 1.692 1.212 2.112 1.212 1.212 1.212 1.152 1.152 1.152 1.152 1.152 1.224 1.224 1.224 1.764 2.22 1.248 1.824 1.488 1.488 1.488 1.308 1.308 1.212 1.212 1.38 1.38 1.38 1.224 1.08 1.38
-9999 -9999 -9999 -9999 -9999 -9999 -9999 -9999 -9999 -9999 -9999 -9999 -9999 -9999 -9999 -9999 -9999 -9999 -9999 -9999 -9999 -9999 -9999 -9999 -9999 -9999 -9999 -9999 -9999 -9999 -9999 -9999 -9999 -9999 -9999 -9999 -9999 -9999 -9999 1.308 1.692 1.692 1.548 1.548 1.548 2.22 2.4 2.016 1.212 1.08 1.692 1.308 1.308 1.308 1.152 1.152 1.344 1.344 1.224 1.224 1.764 1.764 2.22 1.248 1.248 1.488 1.248 1.488 1.488 1.524 1.524 1.212 1.02 1.38 1.38 1.524 1.524 1.38
-9999 -9999 -9999 -9999 -9999 -9999 -9999 -9999 -9999 -9999 -9999 -9999 -9999 -9999 -9999 -9999 -9999 -9999 -9999 -9999 -9999 -9999 -9999 -9999 -9999 -9999 -9999 -9999 -9999 -9999 -9999 -9999 -9999 -9999 -9999 -9999 -9999 -9999 -9999 1.308 1.692 1.692 1.548 1.548 1.548 0.984 1.212 1.692 1.692 1.692 1.692 1.308 1.308 1.308 1.308 1.152 1.344 1.344 1.308 1.308 1.764 1.764 1.248 1.068 1.248 1.248 1.248 1.488 1.488 1.524 1.524 1.212 1.38 1.02 1.38 1.932 1.524 1.524
-9999 -9999 -9999 -9999 -9999 -9999 -9999 -9999 -9999 -9999 -9999 -9999 -9999 -9999 -9999 -9999 -9999 -9999 -9999 -9999 -9999 -9999 -9999 -9999 -9999 -9999 -9999 -9999 -9999 -9999 -9999 -9999 -9999 -9999 -9999 -9999 -9999 -9999 -9999 1.308 1.308 1.308 1.548 1.548 1.548 1.548 1.692 0.48 1.692 2.016 2.016 1.692 1.308 1.692 1.308 1.308 1.308 1.308 1.308 1.308 1.308 1.764 1.248 1.248 1.248 1.248 1.692 1.248 1.692 1.524 1.524 1.38 1.212 1.416 1.38 1.524 1.524 1.524
-9999 -9999 -9999 -9999 -9999 -9999 -9999 -9999 -9999 -9999 -9999 -9999 -9999 -9999 -9999 -9999 -9999 -9999 -9999 -9999 -9999 -9999 -9999 -9999 -9999 -9999 -9999 -9999 -9999 -9999 -9999 -9999 -9999 -9999 -9999 -9999 -9999 -9999 1.308 1.356 1.356 1.44 0.984 1.548 1.896 1.212 1.476 1.476 1.476 1.692 1.692 1.692 1.692 1.944 1.692 1.308 1.308 1.308 1.308 1.308 1.764 1.764 0.816 0.816 1.248 1.248 1.692 1.692 1.692 1.296 1.524 1.296 1.212 1.212 1.416 1.38 1.38 1.524
-9999 -9999 -9999 -9999 -9999 -9999 -9999 -9999 -9999 -9999 -9999 -9999 -9999 -9999 -9999 -9999 -9999 -9999 -9999 -9999 -9999 -9999 -9999 -9999 -9999 -9999 -9999 -9999 -9999 -9999 -9999 -9999 -9999 -9999 -9999 -9999 -9999 -9999 1.08 1.08 1.356 1.44 1.44 1.692 1.548 1.212 1.548 1.476 1.476 1.692 1.692 1.692 2.4 2.22 1.944 1.944 1.308 1.692 1.692 1.08 1.092 1.068 1.068 0.816 0.816 1.248 1.248 1.692 1.296 1.5 1.872 1.296 1.716 1.716 0.372 1.38 0.9480001 1.296
-9999 -9999 -9999 -9999 -9999 -9999 -9999 -9999 -9999 -9999 -9999 -9999 -9999 -9999 -9999 -9999 -9999 -9999 -9999 -9999 -9999 -9999 -9999 -9999 -9999 -9999 -9999 -9999 -9999 -9999 -9999 -9999 -9999 -9999 -9999 -9999 -9999 -9999 1.08 1.08 1.08 1.08 1.44 1.44 1.548 1.548 1.476 1.476 1.212 0.48 1.692 1.692 2.016 2.22 1.944 1.944 1.692 1.08 1.08 1.08 1.068 1.068 1.068 1.068 1.692 1.248 1.248 1.692 1.5 1.5 1.5 1.5 1.716 1.296 1.716 1.296 1.236 0.9480001
-9999 -9999 -9999 -9999 -9999 -9999 -9999 -9999 -9999 -9999 -9999 -9999 -9999 -9999 -9999 -9999 -9999 -9999 -9999 -9999 -9999 -9999 -9999 -9999 -9999 -9999 -9999 -9999 -9999 -9999 -9999 -9999 -9999 -9999 -9999 -9999 -9999 -9999 1.08 1.08 1.08 1.08 1.08 1.44 1.548 1.548 1.476 1.476 1.476 0.48 1.692 2.4 2.016 2.4 2.4 1.944 0.816 1.692 1.08 1.212 1.212 1.068 1.248 1.248 1.248 1.692 1.692 1.248 1.5 1.5 1.5 1.5 1.5 1.296 1.716 0.9480001 1.02 1.236
-9999 -9999 -9999 -9999 -9999 -9999 -9999 -9999 -9999 -9999 -9999 -9999 -9999 -9999 -9999 -9999 -9999 -9999 -9999 -9999 -9999 -9999 -9999 -9999 -9999 -9999 -9999 -9999 -9999 -9999 -9999 -9999 -9999 -9999 -9999 -9999 -9999 1.08 1.08 1.08 1.104 1.08 1.44 1.8 1.548 1.788 1.476 1.476 1.212 1.212 2.22 2.4 2.4 2.22 1.944 1.944 1.836 0.816 0.816 1.212 1.212 1.068 1.248 1.248 1.488 1.488 1.452 1.452 1.5 1.5 1.5 1.5 1.5 0.372 1.476 1.476 1.236 1.236
-9999 -9999 -9999 -9999 -9999 -9999 -9999 -9999 -9999 -9999 -9999 -9999 -9999 -9999 -9999 -9999 -9999 -9999 -9999 -9999 -9999 -9999 -9999 -9999 -9999 -9999 -9999 -9999 -9999 -9999 -9999 -9999 -9999 -9999 -9999 -9999 -9999 1.08 1.692 1.08 1.08 1.08 1.44 1.548 1.476 1.476 1.476 1.212 1.212 1.212 1.632 2.4 1.08 1.644 1.08 1.08 1.08 1.836 1.848 1.08 1.212 1.068 1.068 1.068 1.068 1.488 1.452 1.5 1.5 1.5 1.5 1.5 1.5 0.9480001 1.476 0.9480001 1.476 1.5
-9999 -9999 -9999 -9999 -9999 -9999 -9999 -9999 -9999 -9999 -9999 -9999 -9999 -9999 -9999 -9999 -9999 -9999 -9999 -9999 -9999 -9999 -9999 -9999 -9999 -9999 -9999 -9999 -9999 -9999 -9999 -9999 -9999 -9999 -9999 -9999 -9999 1.08 1.08 1.692 1.08 1.692 1.212 1.548 1.548 1.476 1.476 1.212 1.212 1.212 1.488 1.308 1.308 1.308 1.308 1.08 0.816 0.816 3.12 0.816 1.08 1.452 1.104 1.068 1.452 2.016 2.016 1.5 1.5 1.5 1.5 1.5 1.5 0.9480001 1.476 1.476 1.476 1.032
-9999 -9999 -9999 -9999 -9999 -9999 -9999 -9999 -9999 -9999 -9999 -9999 -9999 -9999 -9999 -9999 -9999 -9999 -9999 -9999 -9999 -9999 -9999 -9999 -9999 -9999 -9999 -9999 -9999 -9999 -9999 -9999 -9999 -9999 -9999 -9999 1.068 1.068 1.08 1.692 1.08 1.692 1.212 1.548 1.548 1.476 1.212 1.476 1.212 1.212 1.488 0.792 1.488 1.488 1.308 1.44 1.44 1.068 1.74 3.12 1.74 0.984 1.104 1.104 1.452 1.452 2.016 1.524 1.524 1.236 1.524 1.524 1.524 2.148 2.148 2.148 1.524 1.032
-9999 -9999 -9999 -9999 -9999 -9999 -9999 -9999 -9999 -9999 -9999 -9999 -9999 -9999 -9999 -9999 -9999 -9999 -9999 -9999 -9999 -9999 -9999 -9999 -9999 -9999 -9999 -9999 -9999 -9999 -9999 -9999 -9999 -9999 -9999 -9999 1.8 1.08 1.08 1.08 1.08 1.08 1.212 1.8 1.548 1.548 1.44 1.548 1.476 1.212 1.488 1.488 1.488 1.308 1.308 1.44 1.068 1.068 2.016 0.936 2.016 2.016 2.016 1.452 1.452 1.452 1.452 1.524 1.236 1.236 1.236 1.524 1.524 1.476 1.476 0.372 1.236 1.236
-9999 -9999 -9999 -9999 -9999 -9999 -9999 -9999 -9999 -9999 -9999 -9999 -9999 -9999 -9999 -9999 -9999 -9999 -9999 -9999 -9999 -9999 -9999 -9999 -9999 -9999 -9999 -9999 -9999 -9999 -9999 -9999 -9999 -9999 -9999 -9999 1.08 1.08 1.08 1.08 1.08 1.212 1.212 1.548 1.548 1.8 1.44 1.476 1.296 1.212 1.296 1.488 1.488 1.308 1.488 1.308 1.452 2.016 1.104 2.016 2.016 2.016 1.068 1.068 1.452 1.452 1.272 1.272 1.272 1.236 1.236 1.524 1.476 1.476 1.476 1.476 1.476 2.148
-9999 -9999 -9999 -9999 -9999 -9999 -9999 -9999 -9999 -9999 -9999 -9999 -9999 -9999 -9999 -9999 -9999 -9999 -9999 -9999 -9999 -9999 -9999 -9999 -9999 -9999 -9999 -9999 -9999 -9999 -9999 -9999 -9999 -9999 -9999 -9999 1.08 1.08 0.792 1.212 1.212 1.212 1.212 1.212 1.212 1.548 1.44 1.476 1.548 1.212 1.488 1.488 1.488 1.488 1.488 1.488 1.452 1.452 2.016 2.016 2.016 1.068 1.068 1.068 1.068 1.272 1.272 1.272 1.272 1.272 1.236 1.5 1.476 1.476 1.476 1.476 1.476 1.476
-9999 -9999 -9999 -9999 -9999 -9999 -9999 -9999 -9999 -9999 -9999 -9999 -9999 -9999 -9999 -9999 -9999 -9999 -9999 -9999 -9999 -9999 -9999 -9999 -9999 -9999 -9999 -9999 -9999 -9999 -9999 -9999 -9999 -9999 -9999 1.08 1.08 0.792 1.8 1.212 1.212 1.212 1.212 1.212 1.212 1.212 1.548 1.932 1.44 0.936 0.936 1.488 1.488 1.488 1.488 1.488 1.452 2.1 1.104 1.104 1.104 1.452 1.068 1.488 1.068 1.272 1.272 1.272 1.272 1.272 1.5 1.5 1.476 1.476 1.476 1.476 1.476 1.476
-9999 -9999 -9999 -9999 -9999 -9999 -9999 -9999 -9999 -9999 -9999 -9999 -9999 -9999 -9999 -9999 -9999 -9999 -9999 -9999 -9999 -9999 -9999 -9999 -9999 -9999 -9999 -9999 -9999 -9999 -9999 -9999 -9999 -9999 -9999 1.08 1.08 1.08 1.212 1.212 1.212 1.212 1.212 1.212 1.212 1.212 1.212 1.44 1.44 1.44 1.416 1.416 1.416 1.488 1.488 1.068 1.452 1.104 1.104 1.104 1.104 1.452 1.104 1.068 1.068 1.272 1.272 1.272 1.272 1.524 0.444 0.444 0.444 1.476 1.476 1.476 1.476 1.236
-9999 -9999 -9999 -9999 -9999 -9999 -9999 -9999 -9999 -9999 -9999 -9999 -9999 -9999 -9999 -9999 -9999 -9999 -9999 -9999 -9999 -9999 -9999 -9999 -9999 -9999 -9999 -9999 -9999 -9999 -9999 -9999 -9999 -9999 -9999 1.08 1.08 1.08 1.212 1.212 1.212 1.212 1.212 1.8 1.212 1.212 1.212 1.224 1.224 1.44 0.972 2.1 1.416 1.416 2.1 1.068 1.452 1.824 1.824 1.824 1.824 1.452 1.104 1.908 1.272 1.272 1.272 1.272 1.86 1.524 0.444 0.444 0.444 1.476 1.476 1.476 1.476 1.236
-9999 -9999 -9999 -9999 -9999 -9999 -9999 -9999 -9999 -9999 -9999 -9999 -9999 -9999 -9999 -9999 -9999 -9999 -9999 -9999 -9999 -9999 -9999 -9999 -9999 -9999 -9999 -9999 -9999 -9999 -9999 -9999 -9999 -9999 -9999 1.08 1.08 1.08 1.212 1.212 1.212 1.308 1.308 1.308 1.608 0.984 0.984 0.9 1.224 1.44 0.972 1.416 2.1 1.416 1.416 1.068 0.684 0.684 0.684 1.824 1.824 1.824 2.22 1.908 1.908 0.396 0.396 1.272 1.86 1.524 0.444 0.444 0.444 1.476 1.476 1.476 1.476 1.236
-9999 -9999 -9999 -9999 -9999 -9999 -9999 -9999 -9999 -9999 -9999 -9999 -9999 -9999 -9999 -9999 -9999 -9999 -9999 -9999 -9999 -9999 -9999 -9999 -9999 -9999 -9999 -9999 -9999 -9999 -9999 -9999 -9999 -9999 1.08 0.984 0.984 1.308 1.308 1.308 1.308 1.932 1.308 1.308 1.932 1.608 1.152 1.152 1.224 1.692 0.972 1.416 1.068 1.416 1.416 1.068 0.684 0.684 1.824 1.344 1.824 0.684 1.908 1.908 1.2 1.272 1.272 1.932 0.624 1.524 1.524 1.524 1.476 1.476 1.476 1.476 1.476 1.236
-9999 -9999 -9999 -9999 -9999 -9999 -9999 -9999 -9999 -9999 -9999 -9999 -9999 -9999 -9999 -9999 -9999 -9999 -9999 -9999 -9999 -9999 -9999 -9999 -9999 -9999 -9999 -9999 -9999 -9999 -9999 -9999 -9999 -9999 0.984 2.004 2.34 1.308 1.308 1.308 1.308 1.308 1.308 0.984 1.608 1.608 0.684 1.152 2.34 1.416 1.416 1.416 1.416 1.068 0.684 2.016 1.824 1.044 0.684 0.816 1.908 1.908 1.908 1.908 1.224 1.272 0.396 0.396 0.396 1.272 1.272 1.272 1.476 1.476 1.476 1.476 1.236 1.236
-9999 -9999 -9999 -9999 -9999 -9999 -9999 -9999 -9999 -9999 -9999 -9999 -9999 -9999 -9999 -9999 -9999 -9999 -9999 -9999 -9999 -9999 -9999 -9999 -9999 -9999 -9999 -9999 -9999 -9999 -9999 -9999 -9999 -9999 0.984 2.004 1.308 1.308 1.308 1.308 1.308 2.34 1.308 0.984 1.608 0.984 0.684 1.152 2.34 0.972 1.416 1.416 1.416 1.416 1.068 2.016 1.824 1.824 1.824 0.792 1.824 1.908 1.908 1.908 1.5 1.56 0.396 0.396 0.396 1.416 1.272 1.416 1.5 1.5 1.476 1.476 1.236 1.236
-9999 -9999 -9999 -9999 -9999 -9999 -9999 -9999 -9999 -9999 -9999 -9999 -9999 -9999 -9999 -9999 -9999 -9999 -9999 -9999 -9999 -9999 -9999 -9999 -9999 -9999 -9999 -9999 -9999 -9999 -9999 -9999 -9999 1.068 1.068 0.984 1.308 1.932 1.308 1.308 1.308 1.308 1.308 0.984 1.608 0.984 0.984 2.34 0.984 0.972 1.416 1.416 2.1 1.416 0.684 1.452 1.824 1.272 1.824 1.908 1.908 1.908 1.908 1.908 1.176 1.56 0.396 0.396 0.396 0.624 1.236 1.236 1.5 1.5 1.5 1.476 1.236 1.236
-9999 -9999 -9999 -9999 -9999 -9999 -9999 -9999 -9999 -9999 -9999 -9999 -9999 -9999 -9999 -9999 -9999 -9999 -9999 -9999 -9999 -9999 -9999 -9999 -9999 -9999 -9999 -9999 -9999 -9999 -9999 -9999 -9999 1.068 0.984 0.984 1.308 1.308 1.308 1.932 1.308 1.308 1.308 0.984 0.984 0.9 1.152 2.34 0.984 0.972 0.972 1.416 1.416 1.416 0.684 1.452 1.824 1.824 1.824 1.908 1.908 1.908 1.908 1.176 1.368 1.56 1.272 1.272 0.396 0.624 0.624 1.416 1.5 1.5 1.716 1.716 1.236 1.236
-9999 -9999 -9999 -9999 -9999 -9999 -9999 -9999 -9999 -9999 -9999 -9999 -9999 -9999 -9999 -9999 -9999 -9999 -9999 -9999 -9999 -9999 -9999 -9999 -9999 -9999 -9999 -9999 -9999 -9999 -9999 -9999 -9999 1.068 0.984 0.984 1.308 1.308 1.308 1.308 1.308 1.308 1.308 1.308 0.984 0.984 2.34 2.34 0.984 2.1 0.972 1.416 1.416 1.416 1.416 1.416 0.816 0.816 1.824 0.816 0.816 1.908 1.908 1.236 1.236 1.272 1.272 1.272 0.396 0.396 0.624 1.236 1.416 1.5 1.5 1.428 1.428 1.236
-9999 -9999 -9999 -9999 -9999 -9999 -9999 -9999 -9999 -9999 -9999 -9999 -9999 -9999 -9999 -9999 -9999 -9999 -9999 -9999 -9999 -9999 -9999 -9999 -9999 -9999 -9999 -9999 -9999 -9999 -9999 -9999 -9999 0.984 0.984 0.984 1.212 1.308 1.836 1.932 1.836 1.836 1.308 1.836 0.984 2.34 2.004 2.004 2.34 1.416 2.1 1.416 1.416 1.308 1.416 0.684 0.684 0.816 0.816 1.824 1.14 1.908 0.816 1.236 1.176 1.56 1.164 1.272 0.396 0.396 0.624 1.416 1.716 1.5 1.5 1.428 1.428 1.236
-9999 -9999 -9999 -9999 -9999 -9999 -9999 -9999 -9999 -9999 -9999 -9999 -9999 -9999 -9999 -9999 -9999 -9999 -9999 -9999 -9999 -9999 -9999 -9999 -9999 -9999 -9999 -9999 -9999 -9999 -9999 -9999 1.164 0.984 0.984 0.984 1.212 1.212 1.836 1.836 1.836 1.836 1.836 1.836 0.684 2.004 2.004 2.34 2.34 1.416 1.068 1.416 1.416 1.416 1.416 0.816 1.044 0.816 0.816 1.824 0.816 1.14 0.816 1.164 1.5 1.56 1.164 1.164 0.396 0.624 0.624 1.932 1.416 1.272 1.272 1.5 1.5 1.428
-9999 -9999 -9999 -9999 -9999 -9999 -9999 -9999 -9999 -9999 -9999 -9999 -9999 -9999 -9999 -9999 -9999 -9999 -9999 -9999 -9999 -9999 -9999 -9999 -9999 -9999 -9999 -9999 -9999 -9999 -9999 -9999 1.164 0.984 0.984 0.984 1.212 1.212 1.524 1.836 1.836 0.9 0.9 0.9480001 0.984 1.932 2.004 1.488 1.488 1.416 1.416 1.416 1.416 1.416 1.416 0.816 1.824 0.684 0.816 1.14 0.816 0.816 1.908 1.164 1.5 1.176 1.164 1.416 1.416 0.624 0.624 1.416 1.416 1.272 1.272 1.272 1.272 1.428
-9999 -9999 -9999 -9999 -9999 -9999 -9999 -9999 -9999 -9999 -9999 -9999 -9999 -9999 -9999 -9999 -9999 -9999 -9999 -9999 -9999 -9999 -9999 -9999 -9999 -9999 -9999 -9999 -9999 -9999 -9999 -9999 0.984 1.164 1.164 0.984 0.984 0.984 1.524 0.9 0.9480001 0.516 0.9480001 0.9480001 0.984 1.608 2.34 1.608 1.488 0.792 1.416 1.416 1.416 1.416 1.416 1.824 1.92 1.92 0.816 1.14 0.816 0.816 1.5 1.164 1.164 1.164 1.164 1.416 1.416 0.624 0.624 1.416 1.416 1.272 1.272 1.272 1.236 1.236
-9999 -9999 -9999 -9999 -9999 -9999 -9999 -9999 -9999 -9999 -9999 -9999 -9999 -9999 -9999 -9999 -9999 -9999 -9999 -9999 -9999 -9999 -9999 -9999 -9999 -9999 -9999 -9999 -9999 -9999 -9999 0.984 0.984 0.984 0.984 0.984 0.984 0.984 0.984 0.984 1.116 1.116 0.984 1.2 1.608 1.608 1.608 0.684 1.608 1.608 1.44 1.416 1.416 1.416 1.824 0.816 0.816 1.824 1.068 1.068 1.14 1.14 1.5 1.5 0.396 1.164 1.416 1.236 1.236 1.416 0.624 0.9480001 1.416 1.416 1.416 1.476 1.236 1.236
-9999 -9999 -9999 -9999 -9999 -9999 -9999 -9999 -9999 -9999 -9999 -9999 -9999 -9999 -9999 -9999 -9999 -9999 -9999 -9999 -9999 -9999 -9999 -9999 -9999 -9999 -9999 -9999 -9999 -9999 -9999 0.984 0.984 0.984 0.984 0.984 0.984 0.984 0.684 1.116 1.116 1.116 1.116 0.984 1.608 0.684 0.684 0.684 1.608 0.684 0.792 1.416 1.416 0.972 0.972 0.816 0.816 2.016 2.016 1.068 1.068 0.684 1.5 1.164 1.164 1.236 0.744 1.236 1.236 1.932 1.296 1.236 1.236 1.476 1.476 1.476 1.476 1.236
